nodal
2
2802
25	0.000000E+00	-1.155189E-06	
26	3.194794E-08	-1.154979E-06	
27	6.382218E-08	-1.154352E-06	
28	9.555005E-08	-1.153320E-06	
29	1.270609E-07	-1.151899E-06	
30	1.582870E-07	-1.150114E-06	
31	1.891648E-07	-1.147998E-06	
32	2.196359E-07	-1.145590E-06	
33	2.496480E-07	-1.142938E-06	
34	2.791564E-07	-1.140097E-06	
35	3.081296E-07	-1.137140E-06	
36	3.435433E-07	-1.133342E-06	
37	3.780408E-07	-1.129632E-06	
38	4.116318E-07	-1.126185E-06	
39	4.443577E-07	-1.123221E-06	
40	4.802685E-07	-1.120761E-06	
41	5.153873E-07	-1.119657E-06	
42	5.535169E-07	-1.120673E-06	
43	5.955306E-07	-1.125360E-06	
44	6.436884E-07	-1.137891E-06	
45	6.991094E-07	-1.159619E-06	
46	7.924645E-07	-1.231487E-06	
47	8.169728E-07	-1.252796E-06	
48	1.887679E-06	-2.366161E-06	
49	0.000000E+00	-2.323334E-06	
50	6.347285E-08	-2.322900E-06	
51	1.268056E-07	-2.321602E-06	
52	1.898603E-07	-2.319464E-06	
53	2.525028E-07	-2.316521E-06	
54	3.146054E-07	-2.312826E-06	
55	3.760485E-07	-2.308443E-06	
56	4.367229E-07	-2.303455E-06	
57	4.965323E-07	-2.297958E-06	
58	5.553964E-07	-2.292068E-06	
59	6.132520E-07	-2.285925E-06	
60	6.840809E-07	-2.278052E-06	
61	7.532269E-07	-2.270342E-06	
62	8.207241E-07	-2.263167E-06	
63	8.866844E-07	-2.256979E-06	
64	9.593365E-07	-2.251818E-06	
65	1.030773E-06	-2.249459E-06	
66	1.108807E-06	-2.251361E-06	
67	1.195863E-06	-2.261333E-06	
68	1.295245E-06	-2.285224E-06	
69	1.422073E-06	-2.338598E-06	
70	1.581445E-06	-2.450906E-06	
71	1.877213E-06	-2.648946E-06	
72	3.349281E-06	-4.480576E-06	
73	0.000000E+00	-3.504333E-06	
74	9.461599E-08	-3.503660E-06	
75	1.890322E-07	-3.501650E-06	
76	2.830517E-07	-3.498338E-06	
77	3.764842E-07	-3.493780E-06	
78	4.691481E-07	-3.488055E-06	
79	5.608750E-07	-3.481265E-06	
80	6.515117E-07	-3.473535E-06	
81	7.409251E-07	-3.465016E-06	
82	8.290050E-07	-3.455885E-06	
83	9.156663E-07	-3.446347E-06	
84	1.021916E-06	-3.434144E-06	
85	1.125844E-06	-3.422176E-06	
86	1.227530E-06	-3.411030E-06	
87	1.327177E-06	-3.401395E-06	
88	1.437321E-06	-3.393354E-06	
89	1.546113E-06	-3.389617E-06	
90	1.665727E-06	-3.392552E-06	
91	1.799833E-06	-3.407734E-06	
92	1.956293E-06	-3.445332E-06	
93	2.153006E-06	-3.528113E-06	
94	2.415303E-06	-3.692982E-06	
95	2.979512E-06	-4.111920E-06	
96	4.618665E-06	-6.395440E-06	
97	0.000000E+00	-4.698103E-06	
98	1.254131E-07	-4.697178E-06	
99	2.505727E-07	-4.694417E-06	
100	3.752291E-07	-4.689867E-06	
101	4.991412E-07	-4.683605E-06	
102	6.220803E-07	-4.675738E-06	
103	7.438346E-07	-4.666408E-06	
104	8.642136E-07	-4.655785E-06	
105	9.830529E-07	-4.644077E-06	
106	1.100219E-06	-4.631523E-06	
107	1.215613E-06	-4.618403E-06	
108	1.357279E-06	-4.601632E-06	
109	1.496098E-06	-4.585171E-06	
110	1.632211E-06	-4.569834E-06	
111	1.765932E-06	-4.556567E-06	
112	1.914200E-06	-4.545494E-06	
113	2.061256E-06	-4.540343E-06	
114	2.223700E-06	-4.544370E-06	
115	2.407136E-06	-4.565286E-06	
116	2.623038E-06	-4.617625E-06	
117	2.894281E-06	-4.730222E-06	
118	3.279398E-06	-4.963264E-06	
119	4.062446E-06	-5.599266E-06	
120	5.773724E-06	-8.157537E-06	
121	0.000000E+00	-5.904577E-06	
122	1.558949E-07	-5.903388E-06	
123	3.114877E-07	-5.899839E-06	
124	4.664814E-07	-5.893989E-06	
125	6.205895E-07	-5.885938E-06	
126	7.735411E-07	-5.875824E-06	
127	9.250865E-07	-5.863827E-06	
128	1.075003E-06	-5.850167E-06	
129	1.223100E-06	-5.835111E-06	
130	1.369227E-06	-5.818964E-06	
131	1.513277E-06	-5.802084E-06	
132	1.690341E-06	-5.780521E-06	
133	1.864126E-06	-5.759351E-06	
134	2.034850E-06	-5.739622E-06	
135	2.202948E-06	-5.722556E-06	
136	2.389850E-06	-5.708329E-06	
137	2.575861E-06	-5.701736E-06	
138	2.782187E-06	-5.706986E-06	
139	3.016472E-06	-5.734151E-06	
140	3.293455E-06	-5.801903E-06	
141	3.644157E-06	-5.946850E-06	
142	4.154337E-06	-6.257667E-06	
143	5.106247E-06	-7.087351E-06	
144	6.845677E-06	-9.802395E-06	
145	0.000000E+00	-7.123706E-06	
146	1.860873E-07	-7.122240E-06	
147	3.718285E-07	-7.117866E-06	
148	5.568837E-07	-7.110657E-06	
149	7.409257E-07	-7.100735E-06	
150	9.236459E-07	-7.088271E-06	
151	1.104761E-06	-7.073485E-06	
152	1.284021E-06	-7.056650E-06	
153	1.461214E-06	-7.038092E-06	
154	1.636176E-06	-7.018189E-06	
155	1.808795E-06	-6.997378E-06	
156	2.021214E-06	-6.970808E-06	
157	2.229999E-06	-6.944719E-06	
158	2.435452E-06	-6.920409E-06	
159	2.638143E-06	-6.899386E-06	
160	2.864041E-06	-6.881888E-06	
161	3.089505E-06	-6.873830E-06	
162	3.340436E-06	-6.880446E-06	
163	3.626448E-06	-6.914244E-06	
164	3.965689E-06	-6.998141E-06	
165	4.397958E-06	-7.178112E-06	
166	5.025497E-06	-7.569631E-06	
167	6.105068E-06	-8.563119E-06	
168	7.850161E-06	-1.135608E-05	
169	0.000000E+00	-8.355452E-06	
170	2.160117E-07	-8.353698E-06	
171	4.316373E-07	-8.348464E-06	
172	6.464978E-07	-8.339837E-06	
173	8.602290E-07	-8.327963E-06	
174	1.072488E-06	-8.313047E-06	
175	1.282963E-06	-8.295353E-06	
176	1.491379E-06	-8.275206E-06	
177	1.697506E-06	-8.252996E-06	
178	1.901170E-06	-8.229176E-06	
179	2.102260E-06	-8.204267E-06	
180	2.349959E-06	-8.172477E-06	
181	2.593730E-06	-8.141263E-06	
182	2.833964E-06	-8.112182E-06	
183	3.071365E-06	-8.087043E-06	
184	3.336466E-06	-8.066147E-06	
185	3.601670E-06	-8.056583E-06	
186	3.897572E-06	-8.064652E-06	
187	4.235670E-06	-8.105350E-06	
188	4.637522E-06	-8.206069E-06	
189	5.150345E-06	-8.422707E-06	
190	5.883142E-06	-8.892683E-06	
191	7.058254E-06	-1.001962E-05	
192	8.796832E-06	-1.283770E-05	
193	0.000000E+00	-9.599788E-06	
194	2.456858E-07	-9.597733E-06	
195	4.909486E-07	-9.591604E-06	
196	7.353736E-07	-9.581501E-06	
197	9.785626E-07	-9.567596E-06	
198	1.220142E-06	-9.550127E-06	
199	1.459773E-06	-9.529405E-06	
200	1.697159E-06	-9.505811E-06	
201	1.932055E-06	-9.479799E-06	
202	2.164280E-06	-9.451900E-06	
203	2.393724E-06	-9.422725E-06	
204	2.676595E-06	-9.385499E-06	
205	2.955286E-06	-9.348948E-06	
206	3.230277E-06	-9.314896E-06	
207	3.502401E-06	-9.285467E-06	
208	3.806758E-06	-9.261021E-06	
209	4.111766E-06	-9.249868E-06	
210	4.452664E-06	-9.259391E-06	
211	4.842706E-06	-9.307115E-06	
212	5.306508E-06	-9.425040E-06	
213	5.896466E-06	-9.678553E-06	
214	6.721165E-06	-1.022126E-05	
215	7.967243E-06	-1.145348E-05	
216	9.692604E-06	-1.426137E-05	
217	0.000000E+00	-1.085670E-05	
218	2.751235E-07	-1.085433E-05	
219	5.497897E-07	-1.084727E-05	
220	8.235503E-07	-1.083563E-05	
221	1.095976E-06	-1.081962E-05	
222	1.366664E-06	-1.079949E-05	
223	1.635251E-06	-1.077562E-05	
224	1.901421E-06	-1.074844E-05	
225	2.164915E-06	-1.071847E-05	
226	2.425546E-06	-1.068633E-05	
227	2.683207E-06	-1.065272E-05	
228	3.001102E-06	-1.060983E-05	
229	3.314592E-06	-1.056772E-05	
230	3.624237E-06	-1.052848E-05	
231	3.930995E-06	-1.049456E-05	
232	4.274501E-06	-1.046637E-05	
233	4.619164E-06	-1.045348E-05	
234	5.004762E-06	-1.046435E-05	
235	5.446104E-06	-1.051903E-05	
236	5.970229E-06	-1.065407E-05	
237	6.632364E-06	-1.094326E-05	
238	7.535952E-06	-1.155090E-05	
239	8.834321E-06	-1.286346E-05	
240	1.054288E-05	-1.563766E-05	
241	0.000000E+00	-1.212617E-05	
242	3.043356E-07	-1.212348E-05	
243	6.081814E-07	-1.211545E-05	
244	9.110574E-07	-1.210222E-05	
245	1.212504E-06	-1.208401E-05	
246	1.512093E-06	-1.206113E-05	
247	1.809437E-06	-1.203398E-05	
248	2.104200E-06	-1.200307E-05	
249	2.396113E-06	-1.196899E-05	
250	2.684980E-06	-1.193243E-05	
251	2.970699E-06	-1.189420E-05	
252	3.323430E-06	-1.184541E-05	
253	3.671539E-06	-1.179749E-05	
254	4.015661E-06	-1.175282E-05	
255	4.356860E-06	-1.171418E-05	
256	4.739255E-06	-1.168199E-05	
257	5.123217E-06	-1.166714E-05	
258	5.552920E-06	-1.167910E-05	
259	6.044446E-06	-1.174044E-05	
260	6.626487E-06	-1.189196E-05	
261	7.355019E-06	-1.221443E-05	
262	8.325575E-06	-1.287813E-05	
263	9.662071E-06	-1.424951E-05	
264	1.135208E-05	-1.697459E-05	
265	0.000000E+00	-1.340821E-05	
266	3.333300E-07	-1.340518E-05	
267	6.661387E-07	-1.339615E-05	
268	9.979161E-07	-1.338126E-05	
269	1.328174E-06	-1.336077E-05	
270	1.656457E-06	-1.333502E-05	
271	1.982356E-06	-1.330447E-05	
272	2.305517E-06	-1.326968E-05	
273	2.625657E-06	-1.323132E-05	
274	2.942574E-06	-1.319017E-05	
275	3.256166E-06	-1.314711E-05	
276	3.643504E-06	-1.309217E-05	
277	4.025996E-06	-1.303817E-05	
278	4.404338E-06	-1.298779E-05	
279	4.779688E-06	-1.294415E-05	
280	5.200565E-06	-1.290765E-05	
281	5.623283E-06	-1.289049E-05	
282	6.096223E-06	-1.290315E-05	
283	6.636413E-06	-1.297056E-05	
284	7.273399E-06	-1.313739E-05	
285	8.062259E-06	-1.348983E-05	
286	9.089223E-06	-1.420035E-05	
287	1.045311E-05	-1.561231E-05	
288	1.212392E-05	-1.827833E-05	
289	0.000000E+00	-1.470281E-05	
290	3.621119E-07	-1.469944E-05	
291	7.236720E-07	-1.468936E-05	
292	1.084140E-06	-1.467275E-05	
293	1.443000E-06	-1.464989E-05	
294	1.799770E-06	-1.462116E-05	
295	2.154018E-06	-1.458707E-05	
296	2.505373E-06	-1.454825E-05	
297	2.853536E-06	-1.450543E-05	
298	3.198299E-06	-1.445948E-05	
299	3.539555E-06	-1.441140E-05	
300	3.961229E-06	-1.435001E-05	
301	4.377811E-06	-1.428963E-05	
302	4.790046E-06	-1.423323E-05	
303	5.199161E-06	-1.418425E-05	
304	5.657981E-06	-1.414304E-05	
305	6.118741E-06	-1.412315E-05	
306	6.633816E-06	-1.413593E-05	
307	7.220826E-06	-1.420854E-05	
308	7.909436E-06	-1.438898E-05	
309	8.752610E-06	-1.476743E-05	
310	9.826830E-06	-1.551565E-05	
311	1.120995E-05	-1.695288E-05	
312	1.286159E-05	-1.955365E-05	
313	0.000000E+00	-1.601000E-05	
314	3.906847E-07	-1.600626E-05	
315	7.807870E-07	-1.599510E-05	
316	1.169737E-06	-1.597670E-05	
317	1.556989E-06	-1.595137E-05	
318	1.942037E-06	-1.591954E-05	
319	2.324424E-06	-1.588176E-05	
320	2.703758E-06	-1.583873E-05	
321	3.079728E-06	-1.579127E-05	
322	3.452112E-06	-1.574031E-05	
323	3.820800E-06	-1.568697E-05	
324	4.276498E-06	-1.561883E-05	
325	4.726823E-06	-1.555174E-05	
326	5.172555E-06	-1.548895E-05	
327	5.614964E-06	-1.543424E-05	
328	6.111069E-06	-1.538783E-05	
329	6.609010E-06	-1.536466E-05	
330	7.164923E-06	-1.537682E-05	
331	7.796673E-06	-1.545346E-05	
332	8.533418E-06	-1.564542E-05	
333	9.425165E-06	-1.604551E-05	
334	1.053881E-05	-1.682269E-05	
335	1.193496E-05	-1.827241E-05	
336	1.356783E-05	-2.080432E-05	
337	0.000000E+00	-1.732978E-05	
338	4.190498E-07	-1.732566E-05	
339	8.374859E-07	-1.731337E-05	
340	1.254708E-06	-1.729311E-05	
341	1.670142E-06	-1.726521E-05	
342	2.083253E-06	-1.723015E-05	
343	2.493561E-06	-1.718854E-05	
344	2.900653E-06	-1.714112E-05	
345	3.304196E-06	-1.708880E-05	
346	3.703959E-06	-1.703261E-05	
347	4.099823E-06	-1.697376E-05	
348	4.589192E-06	-1.689852E-05	
349	5.072866E-06	-1.682433E-05	
350	5.551635E-06	-1.675474E-05	
351	6.026792E-06	-1.669385E-05	
352	6.559417E-06	-1.664167E-05	
353	7.093558E-06	-1.661453E-05	
354	7.688863E-06	-1.662514E-05	
355	8.363123E-06	-1.670443E-05	
356	9.144478E-06	-1.690545E-05	
357	1.007946E-05	-1.732259E-05	
358	1.122588E-05	-1.812052E-05	
359	1.263035E-05	-1.957212E-05	
360	1.424503E-05	-2.203335E-05	
361	0.000000E+00	-1.866217E-05	
362	4.472069E-07	-1.865766E-05	
363	8.937681E-07	-1.864419E-05	
364	1.339052E-06	-1.862199E-05	
365	1.782453E-06	-1.859142E-05	
366	2.223409E-06	-1.855299E-05	
367	2.661413E-06	-1.850737E-05	
368	3.096027E-06	-1.845537E-05	
369	3.526900E-06	-1.839797E-05	
370	3.953781E-06	-1.833631E-05	
371	4.376538E-06	-1.827167E-05	
372	4.899193E-06	-1.818895E-05	
373	5.415773E-06	-1.810724E-05	
374	5.927065E-06	-1.803038E-05	
375	6.434356E-06	-1.796278E-05	
376	7.002653E-06	-1.790416E-05	
377	7.571913E-06	-1.787227E-05	
378	8.205058E-06	-1.788024E-05	
379	8.919519E-06	-1.796053E-05	
380	9.742029E-06	-1.816792E-05	
381	1.071535E-05	-1.859742E-05	
382	1.188894E-05	-1.940854E-05	
383	1.329812E-05	-2.085320E-05	
384	1.489531E-05	-2.324312E-05	
385	0.000000E+00	-2.000720E-05	
386	4.751547E-07	-2.000228E-05	
387	9.496302E-07	-1.998758E-05	
388	1.422762E-06	-1.996336E-05	
389	1.893912E-06	-1.993000E-05	
390	2.362488E-06	-1.988805E-05	
391	2.827954E-06	-1.983825E-05	
392	3.289846E-06	-1.978146E-05	
393	3.747788E-06	-1.971874E-05	
394	4.201510E-06	-1.965132E-05	
395	4.650859E-06	-1.958061E-05	
396	5.206378E-06	-1.948998E-05	
397	5.755383E-06	-1.940028E-05	
398	6.298634E-06	-1.931562E-05	
399	6.837391E-06	-1.924073E-05	
400	7.440440E-06	-1.917490E-05	
401	8.043670E-06	-1.913735E-05	
402	8.713036E-06	-1.914145E-05	
403	9.465372E-06	-1.922090E-05	
404	1.032572E-05	-1.943179E-05	
405	1.133297E-05	-1.986898E-05	
406	1.252901E-05	-2.068635E-05	
407	1.394014E-05	-2.211677E-05	
408	1.552053E-05	-2.443558E-05	
409	0.000000E+00	-2.136490E-05	
410	5.028908E-07	-2.135954E-05	
411	1.005067E-06	-2.134357E-05	
412	1.505829E-06	-2.131723E-05	
413	2.004506E-06	-2.128096E-05	
414	2.500471E-06	-2.123534E-05	
415	2.993158E-06	-2.118115E-05	
416	3.482072E-06	-2.111935E-05	
417	3.966811E-06	-2.105106E-05	
418	4.447077E-06	-2.097759E-05	
419	4.922696E-06	-2.090046E-05	
420	5.510630E-06	-2.080147E-05	
421	6.091542E-06	-2.070326E-05	
422	6.666149E-06	-2.061022E-05	
423	7.235658E-06	-2.052738E-05	
424	7.872488E-06	-2.045348E-05	
425	8.508488E-06	-2.040926E-05	
426	9.212427E-06	-2.040809E-05	
427	1.000034E-05	-2.048473E-05	
428	1.089538E-05	-2.069612E-05	
429	1.193262E-05	-2.113643E-05	
430	1.314713E-05	-2.195375E-05	
431	1.455807E-05	-2.336386E-05	
432	1.612236E-05	-2.561228E-05	
433	0.000000E+00	-2.273528E-05	
434	5.304120E-07	-2.272948E-05	
435	1.060072E-06	-2.271217E-05	
436	1.588243E-06	-2.268363E-05	
437	2.114218E-06	-2.264431E-05	
438	2.637335E-06	-2.259485E-05	
439	3.156992E-06	-2.253607E-05	
440	3.672663E-06	-2.246901E-05	
441	4.183913E-06	-2.239486E-05	
442	4.690416E-06	-2.231503E-05	
443	5.191966E-06	-2.223113E-05	
444	5.811838E-06	-2.212327E-05	
445	6.424111E-06	-2.201599E-05	
446	7.029436E-06	-2.191393E-05	
447	7.628948E-06	-2.182240E-05	
448	8.298551E-06	-2.173950E-05	
449	8.966097E-06	-2.168748E-05	
450	9.702956E-06	-2.167954E-05	
451	1.052422E-05	-2.175126E-05	
452	1.145102E-05	-2.196009E-05	
453	1.251471E-05	-2.239911E-05	
454	1.374436E-05	-2.321065E-05	
455	1.515347E-05	-2.459538E-05	
456	1.670228E-05	-2.677449E-05	
457	0.000000E+00	-2.411840E-05	
458	5.577147E-07	-2.411213E-05	
459	1.114637E-06	-2.409343E-05	
460	1.669992E-06	-2.406258E-05	
461	2.223031E-06	-2.402006E-05	
462	2.773055E-06	-2.396658E-05	
463	3.319425E-06	-2.390300E-05	
464	3.861578E-06	-2.383041E-05	
465	4.399043E-06	-2.375009E-05	
466	4.931458E-06	-2.366355E-05	
467	5.458584E-06	-2.357250E-05	
468	6.109898E-06	-2.345524E-05	
469	6.752959E-06	-2.333826E-05	
470	7.388342E-06	-2.322649E-05	
471	8.017085E-06	-2.312548E-05	
472	8.718429E-06	-2.303254E-05	
473	9.416287E-06	-2.297151E-05	
474	1.018444E-05	-2.295520E-05	
475	1.103691E-05	-2.301979E-05	
476	1.199276E-05	-2.322298E-05	
477	1.307979E-05	-2.365645E-05	
478	1.432175E-05	-2.445704E-05	
479	1.572774E-05	-2.581216E-05	
480	1.726163E-05	-2.792326E-05	
481	0.000000E+00	-2.551429E-05	
482	5.847946E-07	-2.550753E-05	
483	1.168755E-06	-2.548736E-05	
484	1.751061E-06	-2.545409E-05	
485	2.330926E-06	-2.540824E-05	
486	2.907607E-06	-2.535054E-05	
487	3.480424E-06	-2.528191E-05	
488	4.048774E-06	-2.520351E-05	
489	4.612147E-06	-2.511671E-05	
490	5.170140E-06	-2.502310E-05	
491	5.722476E-06	-2.492447E-05	
492	6.404716E-06	-2.479721E-05	
493	7.077976E-06	-2.466988E-05	
494	7.742735E-06	-2.454763E-05	
495	8.399920E-06	-2.443630E-05	
496	9.131967E-06	-2.433221E-05	
497	9.858912E-06	-2.426088E-05	
498	1.065677E-05	-2.423450E-05	
499	1.153841E-05	-2.428969E-05	
500	1.252081E-05	-2.448415E-05	
501	1.362841E-05	-2.490803E-05	
502	1.488032E-05	-2.569296E-05	
503	1.628217E-05	-2.701490E-05	
504	1.780163E-05	-2.905939E-05	
505	0.000000E+00	-2.692299E-05	
506	6.116475E-07	-2.691572E-05	
507	1.222415E-06	-2.689402E-05	
508	1.831438E-06	-2.685822E-05	
509	2.437884E-06	-2.680886E-05	
510	3.040965E-06	-2.674673E-05	
511	3.639956E-06	-2.667280E-05	
512	4.234212E-06	-2.658830E-05	
513	4.823177E-06	-2.649467E-05	
514	5.406404E-06	-2.639357E-05	
515	5.983571E-06	-2.628693E-05	
516	6.696208E-06	-2.614905E-05	
517	7.399064E-06	-2.601065E-05	
518	8.092508E-06	-2.587711E-05	
519	8.777340E-06	-2.575453E-05	
520	9.539053E-06	-2.563812E-05	
521	1.029388E-05	-2.555512E-05	
522	1.111991E-05	-2.551690E-05	
523	1.202880E-05	-2.556038E-05	
524	1.303546E-05	-2.574306E-05	
525	1.416120E-05	-2.615348E-05	
526	1.542103E-05	-2.691849E-05	
527	1.681792E-05	-2.820423E-05	
528	1.832336E-05	-3.018356E-05	
529	0.000000E+00	-2.834454E-05	
530	6.382690E-07	-2.833674E-05	
531	1.275609E-06	-2.831343E-05	
532	1.911109E-06	-2.827498E-05	
533	2.543885E-06	-2.822195E-05	
534	3.173103E-06	-2.815517E-05	
535	3.797991E-06	-2.807567E-05	
536	4.417852E-06	-2.798474E-05	
537	5.032086E-06	-2.788390E-05	
538	5.640195E-06	-2.777491E-05	
539	6.241806E-06	-2.765978E-05	
540	6.984302E-06	-2.751061E-05	
541	7.716141E-06	-2.736037E-05	
542	8.437574E-06	-2.721469E-05	
543	9.149258E-06	-2.707989E-05	
544	9.939610E-06	-2.694991E-05	
545	1.072114E-05	-2.685380E-05	
546	1.157387E-05	-2.680193E-05	
547	1.250822E-05	-2.683133E-05	
548	1.353706E-05	-2.699924E-05	
549	1.467878E-05	-2.739252E-05	
550	1.594482E-05	-2.813373E-05	
551	1.733609E-05	-2.938066E-05	
552	1.882783E-05	-3.129627E-05	
553	0.000000E+00	-2.977901E-05	
554	6.646546E-07	-2.977064E-05	
555	1.328329E-06	-2.974566E-05	
556	1.990059E-06	-2.970442E-05	
557	2.648911E-06	-2.964754E-05	
558	3.303998E-06	-2.957587E-05	
559	3.954497E-06	-2.949051E-05	
560	4.599660E-06	-2.939282E-05	
561	5.238832E-06	-2.928438E-05	
562	5.871464E-06	-2.916705E-05	
563	6.497128E-06	-2.904293E-05	
564	7.268936E-06	-2.888175E-05	
565	8.029143E-06	-2.871886E-05	
566	8.777866E-06	-2.856013E-05	
567	9.515613E-06	-2.841208E-05	
568	1.033360E-05	-2.826723E-05	
569	1.114069E-05	-2.815653E-05	
570	1.201873E-05	-2.808913E-05	
571	1.297685E-05	-2.810210E-05	
572	1.402598E-05	-2.825227E-05	
573	1.518178E-05	-2.862492E-05	
574	1.645254E-05	-2.933876E-05	
575	1.783764E-05	-3.054464E-05	
576	1.931593E-05	-3.239793E-05	
577	0.000000E+00	-3.122645E-05	
578	6.907998E-07	-3.121749E-05	
579	1.380565E-06	-3.119074E-05	
580	2.068275E-06	-3.114658E-05	
581	2.752943E-06	-3.108565E-05	
582	3.433627E-06	-3.100885E-05	
583	4.109447E-06	-3.091733E-05	
584	4.779601E-06	-3.081251E-05	
585	5.443377E-06	-3.069606E-05	
586	6.100169E-06	-3.056991E-05	
587	6.749489E-06	-3.043626E-05	
588	7.550060E-06	-3.026233E-05	
589	8.338018E-06	-3.008595E-05	
590	9.113337E-06	-2.991320E-05	
591	9.876371E-06	-2.975083E-05	
592	1.072101E-05	-2.958975E-05	
593	1.155257E-05	-2.946293E-05	
594	1.245458E-05	-2.937809E-05	
595	1.343493E-05	-2.937226E-05	
596	1.450262E-05	-2.950181E-05	
597	1.567080E-05	-2.985049E-05	
598	1.694502E-05	-3.053369E-05	
599	1.832346E-05	-3.169652E-05	
600	1.978849E-05	-3.348882E-05	
601	0.000000E+00	-3.268692E-05	
602	7.167004E-07	-3.267734E-05	
603	1.432308E-06	-3.264874E-05	
604	2.145745E-06	-3.260151E-05	
605	2.855964E-06	-3.253633E-05	
606	3.561967E-06	-3.245414E-05	
607	4.262815E-06	-3.235614E-05	
608	4.957646E-06	-3.224382E-05	
609	5.645688E-06	-3.211891E-05	
610	6.326273E-06	-3.198345E-05	
611	6.998849E-06	-3.183971E-05	
612	7.827634E-06	-3.165224E-05	
613	8.642728E-06	-3.146147E-05	
614	9.443959E-06	-3.127370E-05	
615	1.023152E-05	-3.109589E-05	
616	1.110185E-05	-3.091717E-05	
617	1.195683E-05	-3.077265E-05	
618	1.288157E-05	-3.066843E-05	
619	1.388269E-05	-3.064143E-05	
620	1.496738E-05	-3.074754E-05	
621	1.614645E-05	-3.106908E-05	
622	1.742302E-05	-3.171857E-05	
623	1.879439E-05	-3.283659E-05	
624	2.024624E-05	-3.456913E-05	
625	0.000000E+00	-3.416050E-05	
626	7.423523E-07	-3.415027E-05	
627	1.483550E-06	-3.411972E-05	
628	2.222455E-06	-3.406927E-05	
629	2.957958E-06	-3.399963E-05	
630	3.688999E-06	-3.391177E-05	
631	4.414577E-06	-3.380695E-05	
632	5.133766E-06	-3.368673E-05	
633	5.845732E-06	-3.355291E-05	
634	6.549742E-06	-3.340761E-05	
635	7.245176E-06	-3.325320E-05	
636	8.101625E-06	-3.305135E-05	
637	8.943248E-06	-3.284526E-05	
638	9.769717E-06	-3.264143E-05	
639	1.058105E-05	-3.244702E-05	
640	1.147617E-05	-3.224921E-05	
641	1.235356E-05	-3.208538E-05	
642	1.329985E-05	-3.195983E-05	
643	1.432040E-05	-3.190930E-05	
644	1.542067E-05	-3.198920E-05	
645	1.660929E-05	-3.228053E-05	
646	1.788724E-05	-3.289349E-05	
647	1.925116E-05	-3.396507E-05	
648	2.068986E-05	-3.563896E-05	
649	0.000000E+00	-3.564725E-05	
650	7.677513E-07	-3.563634E-05	
651	1.534284E-06	-3.560375E-05	
652	2.298394E-06	-3.554992E-05	
653	3.058909E-06	-3.547559E-05	
654	3.814703E-06	-3.538178E-05	
655	4.564710E-06	-3.526979E-05	
656	5.307937E-06	-3.514125E-05	
657	6.043484E-06	-3.499804E-05	
658	6.770549E-06	-3.484235E-05	
659	7.488442E-06	-3.467665E-05	
660	8.372012E-06	-3.445956E-05	
661	9.239561E-06	-3.423718E-05	
662	1.009061E-05	-3.401621E-05	
663	1.092500E-05	-3.380400E-05	
664	1.184401E-05	-3.358561E-05	
665	1.274286E-05	-3.340083E-05	
666	1.370959E-05	-3.325198E-05	
667	1.474834E-05	-3.317556E-05	
668	1.586288E-05	-3.322653E-05	
669	1.705987E-05	-3.348475E-05	
670	1.833833E-05	-3.405847E-05	
671	1.969444E-05	-3.508210E-05	
672	2.111997E-05	-3.669836E-05	
673	0.000000E+00	-3.714726E-05	
674	7.928935E-07	-3.713564E-05	
675	1.584501E-06	-3.710091E-05	
676	2.373550E-06	-3.704354E-05	
677	3.158802E-06	-3.696428E-05	
678	3.939061E-06	-3.686421E-05	
679	4.713193E-06	-3.674469E-05	
680	5.480136E-06	-3.660739E-05	
681	6.238920E-06	-3.645428E-05	
682	6.988670E-06	-3.628764E-05	
683	7.728625E-06	-3.611001E-05	
684	8.638776E-06	-3.587679E-05	
685	9.531661E-06	-3.563711E-05	
686	1.040664E-05	-3.539787E-05	
687	1.126339E-05	-3.516664E-05	
688	1.220543E-05	-3.492614E-05	
689	1.312484E-05	-3.471874E-05	
690	1.411097E-05	-3.454459E-05	
691	1.516678E-05	-3.443996E-05	
692	1.629442E-05	-3.445934E-05	
693	1.749868E-05	-3.468160E-05	
694	1.877689E-05	-3.521355E-05	
695	2.012485E-05	-3.618779E-05	
696	2.153709E-05	-3.774727E-05	
697	0.000000E+00	-3.866063E-05	
698	8.177750E-07	-3.864825E-05	
699	1.634193E-06	-3.861128E-05	
700	2.447912E-06	-3.855019E-05	
701	3.257622E-06	-3.846577E-05	
702	4.062055E-06	-3.835913E-05	
703	4.860006E-06	-3.823169E-05	
704	5.650342E-06	-3.808518E-05	
705	6.432017E-06	-3.792165E-05	
706	7.204085E-06	-3.774345E-05	
707	7.965707E-06	-3.755323E-05	
708	8.901905E-06	-3.730295E-05	
709	9.819546E-06	-3.704493E-05	
710	1.071782E-05	-3.678627E-05	
711	1.159625E-05	-3.653474E-05	
712	1.256052E-05	-3.627058E-05	
713	1.349962E-05	-3.603886E-05	
714	1.450418E-05	-3.583742E-05	
715	1.557597E-05	-3.570225E-05	
716	1.671563E-05	-3.568742E-05	
717	1.792620E-05	-3.587100E-05	
718	1.920345E-05	-3.635870E-05	
719	2.054293E-05	-3.728217E-05	
720	2.194173E-05	-3.878561E-05	
721	0.000000E+00	-4.018745E-05	
722	8.423919E-07	-4.017429E-05	
723	1.683353E-06	-4.013496E-05	
724	2.521469E-06	-4.006997E-05	
725	3.355354E-06	-3.998013E-05	
726	4.183668E-06	-3.986659E-05	
727	5.005130E-06	-3.973083E-05	
728	5.818534E-06	-3.957464E-05	
729	6.622756E-06	-3.940015E-05	
730	7.416774E-06	-3.920978E-05	
731	8.199673E-06	-3.900627E-05	
732	9.161392E-06	-3.873797E-05	
733	1.010322E-05	-3.846053E-05	
734	1.102418E-05	-3.818127E-05	
735	1.192363E-05	-3.790814E-05	
736	1.290935E-05	-3.761874E-05	
737	1.386732E-05	-3.736100E-05	
738	1.488939E-05	-3.713025E-05	
739	1.597618E-05	-3.696222E-05	
740	1.712687E-05	-3.691061E-05	
741	1.834286E-05	-3.705282E-05	
742	1.961851E-05	-3.749392E-05	
743	2.094916E-05	-3.836524E-05	
744	2.233431E-05	-3.981320E-05	
745	0.000000E+00	-4.172783E-05	
746	8.667402E-07	-4.171385E-05	
747	1.731974E-06	-4.167205E-05	
748	2.594209E-06	-4.160297E-05	
749	3.451984E-06	-4.150744E-05	
750	4.303883E-06	-4.138667E-05	
751	5.148547E-06	-4.124217E-05	
752	5.984692E-06	-4.107582E-05	
753	6.811117E-06	-4.088980E-05	
754	7.626720E-06	-4.068662E-05	
755	8.430507E-06	-4.046912E-05	
756	9.417229E-06	-4.018180E-05	
757	1.038268E-05	-3.988384E-05	
758	1.132574E-05	-3.958276E-05	
759	1.224558E-05	-3.928671E-05	
760	1.325198E-05	-3.897044E-05	
761	1.422806E-05	-3.868494E-05	
762	1.526678E-05	-3.842287E-05	
763	1.636765E-05	-3.821967E-05	
764	1.752845E-05	-3.812874E-05	
765	1.874905E-05	-3.822697E-05	
766	2.002250E-05	-3.861914E-05	
767	2.134398E-05	-3.943694E-05	
768	2.271520E-05	-4.082986E-05	
769	0.000000E+00	-4.328189E-05	
770	8.908158E-07	-4.326704E-05	
771	1.780046E-06	-4.322266E-05	
772	2.666120E-06	-4.314929E-05	
773	3.547497E-06	-4.304781E-05	
774	4.422682E-06	-4.291945E-05	
775	5.290236E-06	-4.276579E-05	
776	6.148795E-06	-4.258876E-05	
777	6.997079E-06	-4.239063E-05	
778	7.833904E-06	-4.217398E-05	
779	8.658195E-06	-4.194176E-05	
780	9.669408E-06	-4.163440E-05	
781	1.065794E-05	-4.131478E-05	
782	1.162251E-05	-4.099063E-05	
783	1.256212E-05	-4.067030E-05	
784	1.358850E-05	-4.032553E-05	
785	1.458194E-05	-4.001053E-05	
786	1.563649E-05	-3.971511E-05	
787	1.675059E-05	-3.947444E-05	
788	1.792065E-05	-3.934167E-05	
789	1.914512E-05	-3.939333E-05	
790	2.041579E-05	-3.973429E-05	
791	2.172775E-05	-4.049717E-05	
792	2.308472E-05	-4.183530E-05	
793	0.000000E+00	-4.484975E-05	
794	9.146142E-07	-4.483399E-05	
795	1.827562E-06	-4.478691E-05	
796	2.737190E-06	-4.470905E-05	
797	3.641877E-06	-4.460133E-05	
798	4.540046E-06	-4.446502E-05	
799	5.430177E-06	-4.430175E-05	
800	6.310823E-06	-4.411353E-05	
801	7.180621E-06	-4.390268E-05	
802	8.038307E-06	-4.367189E-05	
803	8.882720E-06	-4.342419E-05	
804	9.917921E-06	-4.309573E-05	
805	1.092900E-05	-4.275330E-05	
806	1.191451E-05	-4.240479E-05	
807	1.287331E-05	-4.205882E-05	
808	1.391897E-05	-4.168388E-05	
809	1.492906E-05	-4.133759E-05	
810	1.599869E-05	-4.100679E-05	
811	1.712520E-05	-4.072634E-05	
812	1.830374E-05	-4.054923E-05	
813	1.953136E-05	-4.055178E-05	
814	2.079873E-05	-4.083927E-05	
815	2.210079E-05	-4.154579E-05	
816	2.344313E-05	-4.282922E-05	
817	0.000000E+00	-4.643154E-05	
818	9.381308E-07	-4.641484E-05	
819	1.874511E-06	-4.636493E-05	
820	2.807405E-06	-4.628237E-05	
821	3.735107E-06	-4.616811E-05	
822	4.655955E-06	-4.602348E-05	
823	5.568346E-06	-4.585015E-05	
824	6.470750E-06	-4.565019E-05	
825	7.361719E-06	-4.542601E-05	
826	8.239905E-06	-4.518038E-05	
827	9.104064E-06	-4.491642E-05	
828	1.016275E-05	-4.456579E-05	
829	1.119585E-05	-4.419934E-05	
830	1.220175E-05	-4.382519E-05	
831	1.317916E-05	-4.345215E-05	
832	1.424344E-05	-4.304536E-05	
833	1.526952E-05	-4.266601E-05	
834	1.635348E-05	-4.229776E-05	
835	1.749165E-05	-4.197524E-05	
836	1.867792E-05	-4.175130E-05	
837	1.990803E-05	-4.170221E-05	
838	2.117159E-05	-4.193395E-05	
839	2.246336E-05	-4.258262E-05	
840	2.379066E-05	-4.381128E-05	
841	0.000000E+00	-4.802741E-05	
842	9.613602E-07	-4.800972E-05	
843	1.920884E-06	-4.795685E-05	
844	2.876750E-06	-4.786938E-05	
845	3.827166E-06	-4.774829E-05	
846	4.770386E-06	-4.759494E-05	
847	5.704719E-06	-4.741108E-05	
848	6.628550E-06	-4.719883E-05	
849	7.540346E-06	-4.696069E-05	
850	8.438672E-06	-4.669950E-05	
851	9.322202E-06	-4.641847E-05	
852	1.040389E-05	-4.604457E-05	
853	1.145849E-05	-4.565288E-05	
854	1.248424E-05	-4.525175E-05	
855	1.347970E-05	-4.485023E-05	
856	1.456196E-05	-4.440986E-05	
857	1.560337E-05	-4.399563E-05	
858	1.670097E-05	-4.358789E-05	
859	1.785008E-05	-4.322099E-05	
860	1.904338E-05	-4.294773E-05	
861	2.027536E-05	-4.284447E-05	
862	2.153458E-05	-4.301820E-05	
863	2.281567E-05	-4.360743E-05	
864	2.412747E-05	-4.478107E-05	
865	0.000000E+00	-4.963751E-05	
866	9.842967E-07	-4.961879E-05	
867	1.966669E-06	-4.956282E-05	
868	2.945208E-06	-4.947022E-05	
869	3.918035E-06	-4.934199E-05	
870	4.883313E-06	-4.917953E-05	
871	5.839266E-06	-4.898465E-05	
872	6.784191E-06	-4.875954E-05	
873	7.716468E-06	-4.850677E-05	
874	8.634577E-06	-4.822929E-05	
875	9.537104E-06	-4.793038E-05	
876	1.064130E-05	-4.753208E-05	
877	1.171690E-05	-4.711390E-05	
878	1.276197E-05	-4.668444E-05	
879	1.377493E-05	-4.625298E-05	
880	1.487455E-05	-4.577730E-05	
881	1.593067E-05	-4.532637E-05	
882	1.704124E-05	-4.487704E-05	
883	1.820060E-05	-4.446345E-05	
884	1.940026E-05	-4.413838E-05	
885	2.063350E-05	-4.397842E-05	
886	2.188789E-05	-4.409184E-05	
887	2.315787E-05	-4.461999E-05	
888	2.445365E-05	-4.573817E-05	
889	0.000000E+00	-5.126201E-05	
890	1.006934E-06	-5.124221E-05	
891	2.011853E-06	-5.118301E-05	
892	3.012761E-06	-5.108504E-05	
893	4.007686E-06	-5.094935E-05	
894	4.994706E-06	-5.077738E-05	
895	5.971954E-06	-5.057098E-05	
896	6.937637E-06	-5.033243E-05	
897	7.890049E-06	-5.006436E-05	
898	8.827580E-06	-4.976982E-05	
899	9.748732E-06	-4.945220E-05	
900	1.087496E-05	-4.902834E-05	
901	1.197104E-05	-4.858240E-05	
902	1.303492E-05	-4.812323E-05	
903	1.406485E-05	-4.766033E-05	
904	1.518121E-05	-4.714758E-05	
905	1.625144E-05	-4.665810E-05	
906	1.737434E-05	-4.616510E-05	
907	1.854328E-05	-4.570249E-05	
908	1.974865E-05	-4.532311E-05	
909	2.098256E-05	-4.510391E-05	
910	2.223164E-05	-4.515468E-05	
911	2.349006E-05	-4.562001E-05	
912	2.476927E-05	-4.668211E-05	
913	0.000000E+00	-5.290107E-05	
914	1.029263E-06	-5.288014E-05	
915	2.056422E-06	-5.281757E-05	
916	3.079385E-06	-5.271401E-05	
917	4.096094E-06	-5.257053E-05	
918	5.104533E-06	-5.238862E-05	
919	6.102744E-06	-5.217020E-05	
920	7.088846E-06	-5.191760E-05	
921	8.061042E-06	-5.163355E-05	
922	9.017635E-06	-5.132118E-05	
923	9.957039E-06	-5.098399E-05	
924	1.110481E-05	-5.053338E-05	
925	1.222089E-05	-5.005838E-05	
926	1.330305E-05	-4.956808E-05	
927	1.434943E-05	-4.907226E-05	
928	1.548194E-05	-4.852064E-05	
929	1.656569E-05	-4.799074E-05	
930	1.770029E-05	-4.745195E-05	
931	1.887817E-05	-4.693797E-05	
932	2.008862E-05	-4.650177E-05	
933	2.132263E-05	-4.622078E-05	
934	2.256588E-05	-4.620652E-05	
935	2.381228E-05	-4.660718E-05	
936	2.507434E-05	-4.761238E-05	
937	0.000000E+00	-5.455488E-05	
938	1.051277E-06	-5.453278E-05	
939	2.100357E-06	-5.446670E-05	
940	3.145058E-06	-5.435730E-05	
941	4.183225E-06	-5.420569E-05	
942	5.212753E-06	-5.401342E-05	
943	6.231592E-06	-5.378245E-05	
944	7.237768E-06	-5.351519E-05	
945	8.229394E-06	-5.321445E-05	
946	9.204685E-06	-5.288346E-05	
947	1.016197E-05	-5.252582E-05	
948	1.133080E-05	-5.204725E-05	
949	1.246637E-05	-5.154186E-05	
950	1.356632E-05	-5.101899E-05	
951	1.462862E-05	-5.048871E-05	
952	1.577669E-05	-4.989641E-05	
953	1.687338E-05	-4.932419E-05	
954	1.801906E-05	-4.873748E-05	
955	1.920525E-05	-4.816978E-05	
956	2.042017E-05	-4.767423E-05	
957	2.165371E-05	-4.732884E-05	
958	2.289063E-05	-4.724711E-05	
959	2.412453E-05	-4.758116E-05	
960	2.536880E-05	-4.852845E-05	
961	0.000000E+00	-5.622363E-05	
962	1.072966E-06	-5.620030E-05	
963	2.143641E-06	-5.613056E-05	
964	3.209749E-06	-5.601508E-05	
965	4.269043E-06	-5.585500E-05	
966	5.319322E-06	-5.565192E-05	
967	6.358445E-06	-5.540787E-05	
968	7.384345E-06	-5.512532E-05	
969	8.395044E-06	-5.480717E-05	
970	9.388666E-06	-5.445674E-05	
971	1.036345E-05	-5.407776E-05	
972	1.155286E-05	-5.356999E-05	
973	1.270743E-05	-5.303285E-05	
974	1.382464E-05	-5.247597E-05	
975	1.490237E-05	-5.190967E-05	
976	1.606541E-05	-5.127484E-05	
977	1.717447E-05	-5.065839E-05	
978	1.833062E-05	-5.002159E-05	
979	1.952449E-05	-4.939778E-05	
980	2.074327E-05	-4.884032E-05	
981	2.197578E-05	-4.842791E-05	
982	2.320585E-05	-4.827622E-05	
983	2.442673E-05	-4.854158E-05	
984	2.565254E-05	-4.942974E-05	
985	0.000000E+00	-5.790751E-05	
986	1.094319E-06	-5.788292E-05	
987	2.186251E-06	-5.780936E-05	
988	3.273427E-06	-5.768755E-05	
989	4.353505E-06	-5.751865E-05	
990	5.424189E-06	-5.730432E-05	
991	6.483245E-06	-5.704663E-05	
992	7.528511E-06	-5.674814E-05	
993	8.557917E-06	-5.641185E-05	
994	9.569497E-06	-5.604116E-05	
995	1.056140E-05	-5.563990E-05	
996	1.177091E-05	-5.510168E-05	
997	1.294397E-05	-5.453141E-05	
998	1.407794E-05	-5.393901E-05	
999	1.517056E-05	-5.333511E-05	
1000	1.634801E-05	-5.265588E-05	
1001	1.746886E-05	-5.199325E-05	
1002	1.863488E-05	-5.130418E-05	
1003	1.983581E-05	-5.062184E-05	
1004	2.105784E-05	-4.999988E-05	
1005	2.228874E-05	-4.951780E-05	
1006	2.351143E-05	-4.929357E-05	
1007	2.471876E-05	-4.948804E-05	
1008	2.592542E-05	-5.031566E-05	
1009	0.000000E+00	-5.960675E-05	
1010	1.115322E-06	-5.958083E-05	
1011	2.228163E-06	-5.950330E-05	
1012	3.336055E-06	-5.937490E-05	
1013	4.436563E-06	-5.919683E-05	
1014	5.527296E-06	-5.897077E-05	
1015	6.605922E-06	-5.869889E-05	
1016	7.670187E-06	-5.838381E-05	
1017	8.717928E-06	-5.802861E-05	
1018	9.747088E-06	-5.763681E-05	
1019	1.075573E-05	-5.721236E-05	
1020	1.198483E-05	-5.664238E-05	
1021	1.317589E-05	-5.603757E-05	
1022	1.432611E-05	-5.540813E-05	
1023	1.543311E-05	-5.476502E-05	
1024	1.662437E-05	-5.403948E-05	
1025	1.775643E-05	-5.332870E-05	
1026	1.893172E-05	-5.258514E-05	
1027	2.013909E-05	-5.184183E-05	
1028	2.136374E-05	-5.115276E-05	
1029	2.259245E-05	-5.059827E-05	
1030	2.380722E-05	-5.029887E-05	
1031	2.500044E-05	-5.042014E-05	
1032	2.618721E-05	-5.118557E-05	
1033	0.000000E+00	-6.132155E-05	
1034	1.135962E-06	-6.129425E-05	
1035	2.269347E-06	-6.121260E-05	
1036	3.397591E-06	-6.107735E-05	
1037	4.518163E-06	-6.088973E-05	
1038	5.628575E-06	-6.065149E-05	
1039	6.726399E-06	-6.036484E-05	
1040	7.809288E-06	-6.003250E-05	
1041	8.874982E-06	-5.965762E-05	
1042	9.921333E-06	-5.924384E-05	
1043	1.094632E-05	-5.879522E-05	
1044	1.219451E-05	-5.819218E-05	
1045	1.340305E-05	-5.755139E-05	
1046	1.456900E-05	-5.688336E-05	
1047	1.568985E-05	-5.619939E-05	
1048	1.689434E-05	-5.542560E-05	
1049	1.803704E-05	-5.466467E-05	
1050	1.922097E-05	-5.386436E-05	
1051	2.043414E-05	-5.305762E-05	
1052	2.166080E-05	-5.229877E-05	
1053	2.288671E-05	-5.166912E-05	
1054	2.409300E-05	-5.129183E-05	
1055	2.527152E-05	-5.133743E-05	
1056	2.643765E-05	-5.203882E-05	
1057	0.000000E+00	-6.305215E-05	
1058	1.156223E-06	-6.302342E-05	
1059	2.309772E-06	-6.293748E-05	
1060	3.457988E-06	-6.279511E-05	
1061	4.598242E-06	-6.259757E-05	
1062	5.727950E-06	-6.234666E-05	
1063	6.844588E-06	-6.204466E-05	
1064	7.945710E-06	-6.169436E-05	
1065	9.028965E-06	-6.129902E-05	
1066	1.009211E-05	-6.086237E-05	
1067	1.113303E-05	-6.038862E-05	
1068	1.239981E-05	-5.975117E-05	
1069	1.362531E-05	-5.907292E-05	
1070	1.480646E-05	-5.836472E-05	
1071	1.594063E-05	-5.763822E-05	
1072	1.715775E-05	-5.681421E-05	
1073	1.831049E-05	-5.600108E-05	
1074	1.950243E-05	-5.514175E-05	
1075	2.072075E-05	-5.426905E-05	
1076	2.194877E-05	-5.343773E-05	
1077	2.317127E-05	-5.273011E-05	
1078	2.436850E-05	-5.227212E-05	
1079	2.553171E-05	-5.223947E-05	
1080	2.667639E-05	-5.287473E-05	
1081	0.000000E+00	-6.479878E-05	
1082	1.176086E-06	-6.476856E-05	
1083	2.349402E-06	-6.467817E-05	
1084	3.517192E-06	-6.452840E-05	
1085	4.676730E-06	-6.432056E-05	
1086	5.825335E-06	-6.405650E-05	
1087	6.960386E-06	-6.373855E-05	
1088	8.079341E-06	-6.336959E-05	
1089	9.179752E-06	-6.295298E-05	
1090	1.025928E-05	-6.249257E-05	
1091	1.131573E-05	-6.199267E-05	
1092	1.260057E-05	-6.131943E-05	
1093	1.384249E-05	-6.060223E-05	
1094	1.503829E-05	-5.985225E-05	
1095	1.618524E-05	-5.908150E-05	
1096	1.741437E-05	-5.820527E-05	
1097	1.857655E-05	-5.733786E-05	
1098	1.977586E-05	-5.641720E-05	
1099	2.099866E-05	-5.547599E-05	
1100	2.222737E-05	-5.456945E-05	
1101	2.344582E-05	-5.378098E-05	
1102	2.463337E-05	-5.323941E-05	
1103	2.578065E-05	-5.312576E-05	
1104	2.690306E-05	-5.369259E-05	
1105	0.000000E+00	-6.656167E-05	
1106	1.195531E-06	-6.652991E-05	
1107	2.388197E-06	-6.643490E-05	
1108	3.575143E-06	-6.627746E-05	
1109	4.753549E-06	-6.605894E-05	
1110	5.920635E-06	-6.578121E-05	
1111	7.073683E-06	-6.544671E-05	
1112	8.210052E-06	-6.505838E-05	
1113	9.327199E-06	-6.461968E-05	
1114	1.042269E-05	-6.413457E-05	
1115	1.149424E-05	-6.360752E-05	
1116	1.279660E-05	-6.289709E-05	
1117	1.405440E-05	-6.213939E-05	
1118	1.526430E-05	-6.134598E-05	
1119	1.642346E-05	-6.052924E-05	
1120	1.766397E-05	-5.959873E-05	
1121	1.883496E-05	-5.867494E-05	
1122	2.004096E-05	-5.769058E-05	
1123	2.126755E-05	-5.667827E-05	
1124	2.249626E-05	-5.569373E-05	
1125	2.370998E-05	-5.482148E-05	
1126	2.488721E-05	-5.419335E-05	
1127	2.601789E-05	-5.399582E-05	
1128	2.711718E-05	-5.449167E-05	
1129	0.000000E+00	-6.834108E-05	
1130	1.214536E-06	-6.830772E-05	
1131	2.426110E-06	-6.820793E-05	
1132	3.631774E-06	-6.804253E-05	
1133	4.828610E-06	-6.781292E-05	
1134	6.013740E-06	-6.752103E-05	
1135	7.184350E-06	-6.716936E-05	
1136	8.337699E-06	-6.676092E-05	
1137	9.471146E-06	-6.629929E-05	
1138	1.058216E-05	-6.578855E-05	
1139	1.166837E-05	-6.523330E-05	
1140	1.298769E-05	-6.448423E-05	
1141	1.426080E-05	-6.368448E-05	
1142	1.548423E-05	-6.284595E-05	
1143	1.665502E-05	-6.198144E-05	
1144	1.790625E-05	-6.099456E-05	
1145	1.908539E-05	-6.001223E-05	
1146	2.029739E-05	-5.896177E-05	
1147	2.152705E-05	-5.787573E-05	
1148	2.275502E-05	-5.681035E-05	
1149	2.396331E-05	-5.585133E-05	
1150	2.512956E-05	-5.513358E-05	
1151	2.624296E-05	-5.484915E-05	
1152	2.731825E-05	-5.527123E-05	
1153	0.000000E+00	-7.013725E-05	
1154	1.233073E-06	-7.010224E-05	
1155	2.463091E-06	-6.999749E-05	
1156	3.687009E-06	-6.982386E-05	
1157	4.901814E-06	-6.958276E-05	
1158	6.104531E-06	-6.927619E-05	
1159	7.292246E-06	-6.890671E-05	
1160	8.462121E-06	-6.847742E-05	
1161	9.611415E-06	-6.799201E-05	
1162	1.073750E-05	-6.745468E-05	
1163	1.183790E-05	-6.687015E-05	
1164	1.317361E-05	-6.608099E-05	
1165	1.446145E-05	-6.523757E-05	
1166	1.569780E-05	-6.435220E-05	
1167	1.687962E-05	-6.343810E-05	
1168	1.814089E-05	-6.239271E-05	
1169	1.932751E-05	-6.134965E-05	
1170	2.054478E-05	-6.023064E-05	
1171	2.177672E-05	-5.906819E-05	
1172	2.300319E-05	-5.791909E-05	
1173	2.420531E-05	-5.687025E-05	
1174	2.535987E-05	-5.605972E-05	
1175	2.645528E-05	-5.568521E-05	
1176	2.750568E-05	-5.603050E-05	
1177	0.000000E+00	-7.195046E-05	
1178	1.251116E-06	-7.191373E-05	
1179	2.499083E-06	-7.180385E-05	
1180	3.740765E-06	-7.162168E-05	
1181	4.973051E-06	-7.136869E-05	
1182	6.192872E-06	-7.104692E-05	
1183	7.397214E-06	-7.065899E-05	
1184	8.583139E-06	-7.020810E-05	
1185	9.747805E-06	-6.969804E-05	
1186	1.088849E-05	-6.913312E-05	
1187	1.200261E-05	-6.851824E-05	
1188	1.335410E-05	-6.768748E-05	
1189	1.465605E-05	-6.679875E-05	
1190	1.590472E-05	-6.586477E-05	
1191	1.709694E-05	-6.489922E-05	
1192	1.836753E-05	-6.379315E-05	
1193	1.956092E-05	-6.268711E-05	
1194	2.078268E-05	-6.149705E-05	
1195	2.201611E-05	-6.025547E-05	
1196	2.324025E-05	-5.901971E-05	
1197	2.443541E-05	-5.787793E-05	
1198	2.557755E-05	-5.697138E-05	
1199	2.665423E-05	-5.650348E-05	
1200	2.767881E-05	-5.676868E-05	
1201	0.000000E+00	-7.378094E-05	
1202	1.268631E-06	-7.374245E-05	
1203	2.534023E-06	-7.362726E-05	
1204	3.792947E-06	-7.343627E-05	
1205	5.042199E-06	-7.317097E-05	
1206	6.278614E-06	-7.283347E-05	
1207	7.499078E-06	-7.242644E-05	
1208	8.700553E-06	-7.195318E-05	
1209	9.880097E-06	-7.141757E-05	
1210	1.103488E-05	-7.082407E-05	
1211	1.216224E-05	-7.017771E-05	
1212	1.352888E-05	-6.930382E-05	
1213	1.484432E-05	-6.836810E-05	
1214	1.610465E-05	-6.738371E-05	
1215	1.730661E-05	-6.636480E-05	
1216	1.858577E-05	-6.519580E-05	
1217	1.978517E-05	-6.402449E-05	
1218	2.101061E-05	-6.276085E-05	
1219	2.224467E-05	-6.143734E-05	
1220	2.346562E-05	-6.011194E-05	
1221	2.465298E-05	-5.887407E-05	
1222	2.578191E-05	-5.786818E-05	
1223	2.683911E-05	-5.730341E-05	
1224	2.783693E-05	-5.748499E-05	
1225	0.000000E+00	-7.562898E-05	
1226	1.285585E-06	-7.558866E-05	
1227	2.567841E-06	-7.546798E-05	
1228	3.843453E-06	-7.526787E-05	
1229	5.109123E-06	-7.498986E-05	
1230	6.361591E-06	-7.463608E-05	
1231	7.597645E-06	-7.420929E-05	
1232	8.814146E-06	-7.371288E-05	
1233	1.000805E-05	-7.315082E-05	
1234	1.117642E-05	-7.252771E-05	
1235	1.231648E-05	-7.184875E-05	
1236	1.369763E-05	-7.093014E-05	
1237	1.502589E-05	-6.994571E-05	
1238	1.629721E-05	-6.890905E-05	
1239	1.750822E-05	-6.783483E-05	
1240	1.879516E-05	-6.660061E-05	
1241	1.999978E-05	-6.536170E-05	
1242	2.122803E-05	-6.402187E-05	
1243	2.246180E-05	-6.261361E-05	
1244	2.367864E-05	-6.119553E-05	
1245	2.485730E-05	-5.985833E-05	
1246	2.597221E-05	-5.874969E-05	
1247	2.700912E-05	-5.808444E-05	
1248	2.797924E-05	-5.817862E-05	
1249	0.000000E+00	-7.749484E-05	
1250	1.301936E-06	-7.745262E-05	
1251	2.600460E-06	-7.732628E-05	
1252	3.892168E-06	-7.711676E-05	
1253	5.173673E-06	-7.682560E-05	
1254	6.441621E-06	-7.645501E-05	
1255	7.692702E-06	-7.600779E-05	
1256	8.923675E-06	-7.548743E-05	
1257	1.013139E-05	-7.489800E-05	
1258	1.131280E-05	-7.424425E-05	
1259	1.246503E-05	-7.353151E-05	
1260	1.386001E-05	-7.256659E-05	
1261	1.520039E-05	-7.153167E-05	
1262	1.648199E-05	-7.044085E-05	
1263	1.770134E-05	-6.930930E-05	
1264	1.899523E-05	-6.800751E-05	
1265	2.020421E-05	-6.669859E-05	
1266	2.143436E-05	-6.527993E-05	
1267	2.266686E-05	-6.378403E-05	
1268	2.387859E-05	-6.227019E-05	
1269	2.504761E-05	-6.083038E-05	
1270	2.614761E-05	-5.961550E-05	
1271	2.716343E-05	-5.884603E-05	
1272	2.810488E-05	-5.884874E-05	
1273	0.000000E+00	-7.937877E-05	
1274	1.317644E-06	-7.933460E-05	
1275	2.631794E-06	-7.920242E-05	
1276	3.938965E-06	-7.898318E-05	
1277	5.235683E-06	-7.867847E-05	
1278	6.518502E-06	-7.829051E-05	
1279	7.784015E-06	-7.782219E-05	
1280	9.028875E-06	-7.727707E-05	
1281	1.024982E-05	-7.665934E-05	
1282	1.144371E-05	-7.597388E-05	
1283	1.260754E-05	-7.522618E-05	
1284	1.401563E-05	-7.421328E-05	
1285	1.536742E-05	-7.312607E-05	
1286	1.665856E-05	-7.197912E-05	
1287	1.788547E-05	-7.078819E-05	
1288	1.918543E-05	-6.941643E-05	
1289	2.039789E-05	-6.803503E-05	
1290	2.162895E-05	-6.653482E-05	
1291	2.285913E-05	-6.494835E-05	
1292	2.406469E-05	-6.333560E-05	
1293	2.522304E-05	-6.178986E-05	
1294	2.630721E-05	-6.046519E-05	
1295	2.730109E-05	-5.958762E-05	
1296	2.821289E-05	-5.949454E-05	
1297	0.000000E+00	-8.128104E-05	
1298	1.332658E-06	-8.123487E-05	
1299	2.661748E-06	-8.109667E-05	
1300	3.983704E-06	-8.086741E-05	
1301	5.294972E-06	-8.054871E-05	
1302	6.592013E-06	-8.014284E-05	
1303	7.871324E-06	-7.965275E-05	
1304	9.129454E-06	-7.908205E-05	
1305	1.036303E-05	-7.843507E-05	
1306	1.156880E-05	-7.771681E-05	
1307	1.274364E-05	-7.693294E-05	
1308	1.416410E-05	-7.587038E-05	
1309	1.552653E-05	-7.472900E-05	
1310	1.682644E-05	-7.352392E-05	
1311	1.806010E-05	-7.227147E-05	
1312	1.936519E-05	-7.082726E-05	
1313	2.058018E-05	-6.937086E-05	
1314	2.181109E-05	-6.778633E-05	
1315	2.303784E-05	-6.610629E-05	
1316	2.423608E-05	-6.439146E-05	
1317	2.538266E-05	-6.273640E-05	
1318	2.645003E-05	-6.129832E-05	
1319	2.742109E-05	-6.030863E-05	
1320	2.830226E-05	-6.011518E-05	
1321	0.000000E+00	-8.320190E-05	
1322	1.346928E-06	-8.315367E-05	
1323	2.690217E-06	-8.300927E-05	
1324	4.026232E-06	-8.276971E-05	
1325	5.351338E-06	-8.243660E-05	
1326	6.661910E-06	-8.201227E-05	
1327	7.954348E-06	-8.149971E-05	
1328	9.225095E-06	-8.090262E-05	
1329	1.047067E-05	-8.022543E-05	
1330	1.168768E-05	-7.947326E-05	
1331	1.287292E-05	-7.865197E-05	
1332	1.430496E-05	-7.753801E-05	
1333	1.567725E-05	-7.634055E-05	
1334	1.698509E-05	-7.507527E-05	
1335	1.822467E-05	-7.375912E-05	
1336	1.953391E-05	-7.223990E-05	
1337	2.075039E-05	-7.070591E-05	
1338	2.198004E-05	-6.903421E-05	
1339	2.320214E-05	-6.725754E-05	
1340	2.439183E-05	-6.543740E-05	
1341	2.552547E-05	-6.366962E-05	
1342	2.657500E-05	-6.211446E-05	
1343	2.752234E-05	-6.100852E-05	
1344	2.837188E-05	-6.070985E-05	
1345	0.000000E+00	-8.514162E-05	
1346	1.360393E-06	-8.509125E-05	
1347	2.717087E-06	-8.494050E-05	
1348	4.066379E-06	-8.469033E-05	
1349	5.404560E-06	-8.434240E-05	
1350	6.727925E-06	-8.389905E-05	
1351	8.032776E-06	-8.336334E-05	
1352	9.315450E-06	-8.273903E-05	
1353	1.057234E-05	-8.203064E-05	
1354	1.179996E-05	-8.124345E-05	
1355	1.299493E-05	-8.038347E-05	
1356	1.443775E-05	-7.921634E-05	
1357	1.581905E-05	-7.796082E-05	
1358	1.713398E-05	-7.663320E-05	
1359	1.837857E-05	-7.525109E-05	
1360	1.969090E-05	-7.365423E-05	
1361	2.090781E-05	-7.203997E-05	
1362	2.213497E-05	-7.027820E-05	
1363	2.335113E-05	-6.840179E-05	
1364	2.453094E-05	-6.647306E-05	
1365	2.565037E-05	-6.458911E-05	
1366	2.668094E-05	-6.291314E-05	
1367	2.760363E-05	-6.168673E-05	
1368	2.842058E-05	-6.127773E-05	
1369	0.000000E+00	-8.710041E-05	
1370	1.372991E-06	-8.704787E-05	
1371	2.742231E-06	-8.689058E-05	
1372	4.103958E-06	-8.662952E-05	
1373	5.454398E-06	-8.626635E-05	
1374	6.789765E-06	-8.580345E-05	
1375	8.106269E-06	-8.524390E-05	
1376	9.400138E-06	-8.459154E-05	
1377	1.066765E-05	-8.385097E-05	
1378	1.190517E-05	-8.302761E-05	
1379	1.310920E-05	-8.212765E-05	
1380	1.456194E-05	-8.090551E-05	
1381	1.595139E-05	-7.958991E-05	
1382	1.727250E-05	-7.819774E-05	
1383	1.852116E-05	-7.674733E-05	
1384	1.983547E-05	-7.507011E-05	
1385	2.105164E-05	-7.337284E-05	
1386	2.227503E-05	-7.151800E-05	
1387	2.348383E-05	-6.953868E-05	
1388	2.465232E-05	-6.749805E-05	
1389	2.575618E-05	-6.549445E-05	
1390	2.676664E-05	-6.369394E-05	
1391	2.766371E-05	-6.234272E-05	
1392	2.844709E-05	-6.181802E-05	
1393	0.000000E+00	-8.907853E-05	
1394	1.384651E-06	-8.902375E-05	
1395	2.765508E-06	-8.885975E-05	
1396	4.138764E-06	-8.858752E-05	
1397	5.500584E-06	-8.820872E-05	
1398	6.847109E-06	-8.772573E-05	
1399	8.174457E-06	-8.714167E-05	
1400	9.478747E-06	-8.646041E-05	
1401	1.075613E-05	-8.568668E-05	
1402	1.200283E-05	-8.482599E-05	
1403	1.321521E-05	-8.388472E-05	
1404	1.467698E-05	-8.260570E-05	
1405	1.607367E-05	-8.122790E-05	
1406	1.740001E-05	-7.976890E-05	
1407	1.865174E-05	-7.824779E-05	
1408	1.996685E-05	-7.648739E-05	
1409	2.118104E-05	-7.470426E-05	
1410	2.239926E-05	-7.275328E-05	
1411	2.359920E-05	-7.066782E-05	
1412	2.475484E-05	-6.851193E-05	
1413	2.584166E-05	-6.638521E-05	
1414	2.683074E-05	-6.445638E-05	
1415	2.770121E-05	-6.297594E-05	
1416	2.845005E-05	-6.232992E-05	
1417	0.000000E+00	-9.107617E-05	
1418	1.395295E-06	-9.101911E-05	
1419	2.786767E-06	-9.084825E-05	
1420	4.170572E-06	-9.056458E-05	
1421	5.542827E-06	-9.016976E-05	
1422	6.899606E-06	-8.966615E-05	
1423	8.236936E-06	-8.905690E-05	
1424	9.550826E-06	-8.834592E-05	
1425	1.083729E-05	-8.753801E-05	
1426	1.209242E-05	-8.663882E-05	
1427	1.331240E-05	-8.565489E-05	
1428	1.478228E-05	-8.431706E-05	
1429	1.618526E-05	-8.287491E-05	
1430	1.751584E-05	-8.134671E-05	
1431	1.876959E-05	-7.975237E-05	
1432	2.008424E-05	-7.790588E-05	
1433	2.129512E-05	-7.603397E-05	
1434	2.250668E-05	-7.398369E-05	
1435	2.369614E-05	-7.178878E-05	
1436	2.483724E-05	-6.951425E-05	
1437	2.590545E-05	-6.726091E-05	
1438	2.687182E-05	-6.520001E-05	
1439	2.771466E-05	-6.358588E-05	
1440	2.842802E-05	-6.281267E-05	
1441	0.000000E+00	-9.309353E-05	
1442	1.404837E-06	-9.303413E-05	
1443	2.805836E-06	-9.285627E-05	
1444	4.199133E-06	-9.256091E-05	
1445	5.580807E-06	-9.214969E-05	
1446	6.946869E-06	-9.162496E-05	
1447	8.293264E-06	-9.098986E-05	
1448	9.615885E-06	-9.024834E-05	
1449	1.091061E-05	-8.940526E-05	
1450	1.217337E-05	-8.846637E-05	
1451	1.340019E-05	-8.743840E-05	
1452	1.487720E-05	-8.603978E-05	
1453	1.628548E-05	-8.453103E-05	
1454	1.761926E-05	-8.293118E-05	
1455	1.887393E-05	-8.126101E-05	
1456	2.018678E-05	-7.932539E-05	
1457	2.139295E-05	-7.736165E-05	
1458	2.259624E-05	-7.520883E-05	
1459	2.377345E-05	-7.290109E-05	
1460	2.489822E-05	-7.050452E-05	
1461	2.594611E-05	-6.812108E-05	
1462	2.688836E-05	-6.592436E-05	
1463	2.770253E-05	-6.417204E-05	
1464	2.837949E-05	-6.326554E-05	
1465	0.000000E+00	-9.513078E-05	
1466	1.413182E-06	-9.506901E-05	
1467	2.822532E-06	-9.488401E-05	
1468	4.224177E-06	-9.457672E-05	
1469	5.614172E-06	-9.414874E-05	
1470	6.988478E-06	-9.360241E-05	
1471	8.342958E-06	-9.294083E-05	
1472	9.673390E-06	-9.216796E-05	
1473	1.097551E-05	-9.128869E-05	
1474	1.224507E-05	-9.030891E-05	
1475	1.347792E-05	-8.923549E-05	
1476	1.496107E-05	-8.777404E-05	
1477	1.637362E-05	-8.619637E-05	
1478	1.770950E-05	-8.452231E-05	
1479	1.896392E-05	-8.277360E-05	
1480	2.027357E-05	-8.074569E-05	
1481	2.147352E-05	-7.868697E-05	
1482	2.266681E-05	-7.642826E-05	
1483	2.382989E-05	-7.400426E-05	
1484	2.493637E-05	-7.148220E-05	
1485	2.596213E-05	-6.896521E-05	
1486	2.687876E-05	-6.662899E-05	
1487	2.766317E-05	-6.473395E-05	
1488	2.830283E-05	-6.368782E-05	
1489	0.000000E+00	-9.718806E-05	
1490	1.420229E-06	-9.712387E-05	
1491	2.836650E-06	-9.693161E-05	
1492	4.245405E-06	-9.661218E-05	
1493	5.642539E-06	-9.616713E-05	
1494	7.023973E-06	-9.559874E-05	
1495	8.385493E-06	-9.491006E-05	
1496	9.722762E-06	-9.410505E-05	
1497	1.103136E-05	-9.318862E-05	
1498	1.230686E-05	-9.216673E-05	
1499	1.354490E-05	-9.104643E-05	
1500	1.503315E-05	-8.952005E-05	
1501	1.644891E-05	-8.787104E-05	
1502	1.778577E-05	-8.612012E-05	
1503	1.903872E-05	-8.429002E-05	
1504	2.034365E-05	-8.216653E-05	
1505	2.153577E-05	-8.000955E-05	
1506	2.271722E-05	-7.764149E-05	
1507	2.386411E-05	-7.509773E-05	
1508	2.495022E-05	-7.244673E-05	
1509	2.595188E-05	-6.979278E-05	
1510	2.684128E-05	-6.731341E-05	
1511	2.759484E-05	-6.527115E-05	
1512	2.819636E-05	-6.407887E-05	
1513	0.000000E+00	-9.926548E-05	
1514	1.425862E-06	-9.919885E-05	
1515	2.847965E-06	-9.899922E-05	
1516	4.262488E-06	-9.866747E-05	
1517	5.665484E-06	-9.820506E-05	
1518	7.052849E-06	-9.761419E-05	
1519	8.420295E-06	-9.689785E-05	
1520	9.763369E-06	-9.605992E-05	
1521	1.107749E-05	-9.510534E-05	
1522	1.235803E-05	-9.404013E-05	
1523	1.360039E-05	-9.287149E-05	
1524	1.509268E-05	-9.127802E-05	
1525	1.651054E-05	-8.955518E-05	
1526	1.784720E-05	-8.772462E-05	
1527	1.909738E-05	-8.581015E-05	
1528	2.039603E-05	-8.358763E-05	
1529	2.157859E-05	-8.132898E-05	
1530	2.274620E-05	-7.884799E-05	
1531	2.387473E-05	-7.618088E-05	
1532	2.493821E-05	-7.339748E-05	
1533	2.591366E-05	-7.060321E-05	
1534	2.677414E-05	-6.797717E-05	
1535	2.749571E-05	-6.578323E-05	
1536	2.805828E-05	-6.443808E-05	
1537	0.000000E+00	-1.013631E-04	
1538	1.429957E-06	-1.012940E-04	
1539	2.856233E-06	-1.010869E-04	
1540	4.275068E-06	-1.007427E-04	
1541	5.682548E-06	-1.002627E-04	
1542	7.074554E-06	-9.964899E-05	
1543	8.446739E-06	-9.890444E-05	
1544	9.794528E-06	-9.803287E-05	
1545	1.111317E-05	-9.703918E-05	
1546	1.239781E-05	-9.592943E-05	
1547	1.364361E-05	-9.471098E-05	
1548	1.513883E-05	-9.304819E-05	
1549	1.655766E-05	-9.124893E-05	
1550	1.789290E-05	-8.933580E-05	
1551	1.913897E-05	-8.733385E-05	
1552	2.042964E-05	-8.500868E-05	
1553	2.160082E-05	-8.264478E-05	
1554	2.275246E-05	-8.004716E-05	
1555	2.386026E-05	-7.725304E-05	
1556	2.489867E-05	-7.433379E-05	
1557	2.584566E-05	-7.139592E-05	
1558	2.667542E-05	-6.861981E-05	
1559	2.736384E-05	-6.626980E-05	
1560	2.788673E-05	-6.476492E-05	
1561	0.000000E+00	-1.034810E-04	
1562	1.432376E-06	-1.034094E-04	
1563	2.861182E-06	-1.031948E-04	
1564	4.282751E-06	-1.028380E-04	
1565	5.693223E-06	-1.023402E-04	
1566	7.088488E-06	-1.017033E-04	
1567	8.464142E-06	-1.009301E-04	
1568	9.815491E-06	-1.000242E-04	
1569	1.113760E-05	-9.899049E-05	
1570	1.242537E-05	-9.783500E-05	
1571	1.367369E-05	-9.656522E-05	
1572	1.517072E-05	-9.483084E-05	
1573	1.658935E-05	-9.295242E-05	
1574	1.792190E-05	-9.095367E-05	
1575	1.916246E-05	-8.886096E-05	
1576	2.044338E-05	-8.642933E-05	
1577	2.160122E-05	-8.395643E-05	
1578	2.273461E-05	-8.123834E-05	
1579	2.381914E-05	-7.831349E-05	
1580	2.482988E-05	-7.525493E-05	
1581	2.574598E-05	-7.217030E-05	
1582	2.654313E-05	-6.924086E-05	
1583	2.719723E-05	-6.673053E-05	
1584	2.767976E-05	-6.505894E-05	
1585	0.000000E+00	-1.056190E-04	
1586	1.432969E-06	-1.055449E-04	
1587	2.862518E-06	-1.053229E-04	
1588	4.285104E-06	-1.049534E-04	
1589	5.696957E-06	-1.044377E-04	
1590	7.093992E-06	-1.037774E-04	
1591	8.471761E-06	-1.029751E-04	
1592	9.825451E-06	-1.020343E-04	
1593	1.114993E-05	-1.009596E-04	
1594	1.243983E-05	-9.975720E-05	
1595	1.368974E-05	-9.843459E-05	
1596	1.518742E-05	-9.662624E-05	
1597	1.660466E-05	-9.466584E-05	
1598	1.793322E-05	-9.257826E-05	
1599	1.916679E-05	-9.039131E-05	
1600	2.043609E-05	-8.784919E-05	
1601	2.157850E-05	-8.526338E-05	
1602	2.269119E-05	-8.242082E-05	
1603	2.374973E-05	-7.936142E-05	
1604	2.472999E-05	-7.616012E-05	
1605	2.561264E-05	-7.292568E-05	
1606	2.637517E-05	-6.983987E-05	
1607	2.699376E-05	-6.716514E-05	
1608	2.743534E-05	-6.531975E-05	
1609	0.000000E+00	-1.077771E-04	
1610	1.431572E-06	-1.077006E-04	
1611	2.859916E-06	-1.074710E-04	
1612	4.281657E-06	-1.070890E-04	
1613	5.693145E-06	-1.065553E-04	
1614	7.090347E-06	-1.058715E-04	
1615	8.468785E-06	-1.050398E-04	
1616	9.823525E-06	-1.040634E-04	
1617	1.114922E-05	-1.029470E-04	
1618	1.244023E-05	-1.016965E-04	
1619	1.369075E-05	-1.003195E-04	
1620	1.518793E-05	-9.843473E-05	
1621	1.660258E-05	-9.638939E-05	
1622	1.792580E-05	-9.420958E-05	
1623	1.915084E-05	-9.192470E-05	
1624	2.040655E-05	-8.926785E-05	
1625	2.153131E-05	-8.656498E-05	
1626	2.262068E-05	-8.359380E-05	
1627	2.365031E-05	-8.039595E-05	
1628	2.459710E-05	-7.704851E-05	
1629	2.544355E-05	-7.366137E-05	
1630	2.616936E-05	-7.041639E-05	
1631	2.675124E-05	-6.757339E-05	
1632	2.715137E-05	-6.554710E-05	
1633	0.000000E+00	-1.099552E-04	
1634	1.428004E-06	-1.098762E-04	
1635	2.853022E-06	-1.096392E-04	
1636	4.271893E-06	-1.092446E-04	
1637	5.681126E-06	-1.086930E-04	
1638	7.076769E-06	-1.079856E-04	
1639	8.454331E-06	-1.071242E-04	
1640	9.808759E-06	-1.061120E-04	
1641	1.113448E-05	-1.049530E-04	
1642	1.242552E-05	-1.036532E-04	
1643	1.367570E-05	-1.022203E-04	
1644	1.517120E-05	-1.002567E-04	
1645	1.658203E-05	-9.812329E-05	
1646	1.789853E-05	-9.584765E-05	
1647	1.911346E-05	-9.346094E-05	
1648	2.035348E-05	-9.068482E-05	
1649	2.145824E-05	-8.786052E-05	
1650	2.252147E-05	-8.475638E-05	
1651	2.351906E-05	-8.141611E-05	
1652	2.442919E-05	-7.791919E-05	
1653	2.523654E-05	-7.437664E-05	
1654	2.592342E-05	-7.096997E-05	
1655	2.646740E-05	-6.795511E-05	
1656	2.682570E-05	-6.574081E-05	
1657	0.000000E+00	-1.121529E-04	
1658	1.422069E-06	-1.120715E-04	
1659	2.841450E-06	-1.118272E-04	
1660	4.255250E-06	-1.114202E-04	
1661	5.660180E-06	-1.108509E-04	
1662	7.052405E-06	-1.101199E-04	
1663	8.427439E-06	-1.092289E-04	
1664	9.780111E-06	-1.081803E-04	
1665	1.110461E-05	-1.069781E-04	
1666	1.239460E-05	-1.056280E-04	
1667	1.364345E-05	-1.041377E-04	
1668	1.513610E-05	-1.020925E-04	
1669	1.654187E-05	-9.986781E-05	
1670	1.785026E-05	-9.749252E-05	
1671	1.905342E-05	-9.499980E-05	
1672	2.027556E-05	-9.209959E-05	
1673	2.135779E-05	-8.914924E-05	
1674	2.239189E-05	-8.590760E-05	
1675	2.335410E-05	-8.242085E-05	
1676	2.422416E-05	-7.877117E-05	
1677	2.498934E-05	-7.507074E-05	
1678	2.563502E-05	-7.150019E-05	
1679	2.613989E-05	-6.831020E-05	
1680	2.645610E-05	-6.590087E-05	
1681	0.000000E+00	-1.143699E-04	
1682	1.413554E-06	-1.142861E-04	
1683	2.824782E-06	-1.140348E-04	
1684	4.231115E-06	-1.136157E-04	
1685	5.629523E-06	-1.130289E-04	
1686	7.016324E-06	-1.122746E-04	
1687	8.387063E-06	-1.113539E-04	
1688	9.736455E-06	-1.102688E-04	
1689	1.105843E-05	-1.090228E-04	
1690	1.234625E-05	-1.076214E-04	
1691	1.359279E-05	-1.060720E-04	
1692	1.508143E-05	-1.039428E-04	
1693	1.648092E-05	-1.016233E-04	
1694	1.777977E-05	-9.914425E-05	
1695	1.896944E-05	-9.654105E-05	
1696	2.017138E-05	-9.351159E-05	
1697	2.122840E-05	-9.043027E-05	
1698	2.223016E-05	-8.704637E-05	
1699	2.315342E-05	-8.340901E-05	
1700	2.397981E-05	-7.960338E-05	
1701	2.469960E-05	-7.574283E-05	
1702	2.530171E-05	-7.200661E-05	
1703	2.576633E-05	-6.863864E-05	
1704	2.604033E-05	-6.602738E-05	
1705	0.000000E+00	-1.166057E-04	
1706	1.402228E-06	-1.165197E-04	
1707	2.802562E-06	-1.162615E-04	
1708	4.198826E-06	-1.158307E-04	
1709	5.588303E-06	-1.152268E-04	
1710	6.967516E-06	-1.144497E-04	
1711	8.332066E-06	-1.134995E-04	
1712	9.676565E-06	-1.123779E-04	
1713	1.099466E-05	-1.110877E-04	
1714	1.227919E-05	-1.096339E-04	
1715	1.352243E-05	-1.080241E-04	
1716	1.500591E-05	-1.058079E-04	
1717	1.639790E-05	-1.033900E-04	
1718	1.768577E-05	-1.008029E-04	
1719	1.886018E-05	-9.808444E-05	
1720	2.003947E-05	-9.492018E-05	
1721	2.106843E-05	-9.170264E-05	
1722	2.203443E-05	-8.817151E-05	
1723	2.291493E-05	-8.437931E-05	
1724	2.369384E-05	-8.041465E-05	
1725	2.436488E-05	-7.639209E-05	
1726	2.492102E-05	-7.248884E-05	
1727	2.534427E-05	-6.894047E-05	
1728	2.557610E-05	-6.612063E-05	
1729	0.000000E+00	-1.188598E-04	
1730	1.387842E-06	-1.187717E-04	
1731	2.774300E-06	-1.185070E-04	
1732	4.157665E-06	-1.180650E-04	
1733	5.535602E-06	-1.174447E-04	
1734	6.904888E-06	-1.166452E-04	
1735	8.261220E-06	-1.156661E-04	
1736	9.599113E-06	-1.145080E-04	
1737	1.091192E-05	-1.131733E-04	
1738	1.219200E-05	-1.116664E-04	
1739	1.343097E-05	-1.099946E-04	
1740	1.490817E-05	-1.076887E-04	
1741	1.629148E-05	-1.051685E-04	
1742	1.756691E-05	-1.024686E-04	
1743	1.872422E-05	-9.962968E-05	
1744	1.987829E-05	-9.632465E-05	
1745	2.087614E-05	-9.296530E-05	
1746	2.180272E-05	-8.928170E-05	
1747	2.263643E-05	-8.533037E-05	
1748	2.336385E-05	-8.120376E-05	
1749	2.398267E-05	-7.701761E-05	
1750	2.449040E-05	-7.294647E-05	
1751	2.487122E-05	-6.921584E-05	
1752	2.506113E-05	-6.618107E-05	
1753	0.000000E+00	-1.211315E-04	
1754	1.370131E-06	-1.210414E-04	
1755	2.739472E-06	-1.207706E-04	
1756	4.106865E-06	-1.203180E-04	
1757	5.470429E-06	-1.196821E-04	
1758	6.827259E-06	-1.188611E-04	
1759	8.173191E-06	-1.178537E-04	
1760	9.502662E-06	-1.166596E-04	
1761	1.080872E-05	-1.152803E-04	
1762	1.208317E-05	-1.137196E-04	
1763	1.331692E-05	-1.119843E-04	
1764	1.478677E-05	-1.095858E-04	
1765	1.616024E-05	-1.069593E-04	
1766	1.742178E-05	-1.041416E-04	
1767	1.856009E-05	-1.011765E-04	
1768	1.968621E-05	-9.772423E-05	
1769	2.064971E-05	-9.421706E-05	
1770	2.153296E-05	-9.037550E-05	
1771	2.231560E-05	-8.626069E-05	
1772	2.298735E-05	-8.196938E-05	
1773	2.355039E-05	-7.761848E-05	
1774	2.400728E-05	-7.337915E-05	
1775	2.434471E-05	-6.946500E-05	
1776	2.449312E-05	-6.620935E-05	
1777	0.000000E+00	-1.234198E-04	
1778	1.348810E-06	-1.233278E-04	
1779	2.697518E-06	-1.230515E-04	
1780	4.045602E-06	-1.225893E-04	
1781	5.391722E-06	-1.219388E-04	
1782	6.733361E-06	-1.210973E-04	
1783	8.066544E-06	-1.200626E-04	
1784	9.385658E-06	-1.188332E-04	
1785	1.068343E-05	-1.174095E-04	
1786	1.195107E-05	-1.157944E-04	
1787	1.317866E-05	-1.139943E-04	
1788	1.464015E-05	-1.115001E-04	
1789	1.600267E-05	-1.087629E-04	
1790	1.724888E-05	-1.058219E-04	
1791	1.836622E-05	-1.027246E-04	
1792	1.946150E-05	-9.911804E-05	
1793	2.038718E-05	-9.545660E-05	
1794	2.122294E-05	-9.145129E-05	
1795	2.195000E-05	-8.716861E-05	
1796	2.256173E-05	-8.271007E-05	
1797	2.306538E-05	-7.819373E-05	
1798	2.346905E-05	-7.378654E-05	
1799	2.376226E-05	-6.968829E-05	
1800	2.386985E-05	-6.620633E-05	
1801	0.000000E+00	-1.257236E-04	
1802	1.323585E-06	-1.256301E-04	
1803	2.647851E-06	-1.253490E-04	
1804	3.973011E-06	-1.248781E-04	
1805	5.298354E-06	-1.242142E-04	
1806	6.621837E-06	-1.233538E-04	
1807	7.939737E-06	-1.222931E-04	
1808	9.246425E-06	-1.210293E-04	
1809	1.053430E-05	-1.195616E-04	
1810	1.179393E-05	-1.178918E-04	
1811	1.301445E-05	-1.160256E-04	
1812	1.446663E-05	-1.134327E-04	
1813	1.581718E-05	-1.105801E-04	
1814	1.704662E-05	-1.075099E-04	
1815	1.814095E-05	-1.042736E-04	
1816	1.920234E-05	-1.005051E-04	
1817	2.008649E-05	-9.668246E-05	
1818	2.087031E-05	-9.250730E-05	
1819	2.153703E-05	-8.805234E-05	
1820	2.208428E-05	-8.342434E-05	
1821	2.252495E-05	-7.874239E-05	
1822	2.287313E-05	-7.416835E-05	
1823	2.312145E-05	-6.988618E-05	
1824	2.318914E-05	-6.617311E-05	
1825	0.000000E+00	-1.280418E-04	
1826	1.294147E-06	-1.279471E-04	
1827	2.589859E-06	-1.276618E-04	
1828	3.888182E-06	-1.271835E-04	
1829	5.189138E-06	-1.265080E-04	
1830	6.491249E-06	-1.256303E-04	
1831	7.791123E-06	-1.245452E-04	
1832	9.083163E-06	-1.232485E-04	
1833	1.035944E-05	-1.217375E-04	
1834	1.160984E-05	-1.200130E-04	
1835	1.282243E-05	-1.180795E-04	
1836	1.426445E-05	-1.153848E-04	
1837	1.560206E-05	-1.124118E-04	
1838	1.681331E-05	-1.092058E-04	
1839	1.788252E-05	-1.058232E-04	
1840	1.890676E-05	-1.018844E-04	
1841	1.974539E-05	-9.789300E-05	
1842	2.047254E-05	-9.354159E-05	
1843	2.107396E-05	-8.890995E-05	
1844	2.155217E-05	-8.411059E-05	
1845	2.192634E-05	-7.926344E-05	
1846	2.221695E-05	-7.452433E-05	
1847	2.241994E-05	-7.005925E-05	
1848	2.244892E-05	-6.611102E-05	
1849	0.000000E+00	-1.303730E-04	
1850	1.260183E-06	-1.302772E-04	
1851	2.522915E-06	-1.299889E-04	
1852	3.790180E-06	-1.295046E-04	
1853	5.062838E-06	-1.288193E-04	
1854	6.340084E-06	-1.279264E-04	
1855	7.618952E-06	-1.268192E-04	
1856	8.893945E-06	-1.254913E-04	
1857	1.015683E-05	-1.239384E-04	
1858	1.139673E-05	-1.221592E-04	
1859	1.260057E-05	-1.201575E-04	
1860	1.403167E-05	-1.173577E-04	
1861	1.535549E-05	-1.142589E-04	
1862	1.654716E-05	-1.109099E-04	
1863	1.758905E-05	-1.073729E-04	
1864	1.857265E-05	-1.032545E-04	
1865	1.936147E-05	-9.908635E-05	
1866	2.002692E-05	-9.455198E-05	
1867	2.055785E-05	-8.973934E-05	
1868	2.096247E-05	-8.476714E-05	
1869	2.126678E-05	-7.975590E-05	
1870	2.149800E-05	-7.485429E-05	
1871	2.165547E-05	-7.020821E-05	
1872	2.164726E-05	-6.602168E-05	
1873	0.000000E+00	-1.327154E-04	
1874	1.221383E-06	-1.326190E-04	
1875	2.446394E-06	-1.323286E-04	
1876	3.678060E-06	-1.318401E-04	
1877	4.918190E-06	-1.311472E-04	
1878	6.166772E-06	-1.302418E-04	
1879	7.421385E-06	-1.291151E-04	
1880	8.676719E-06	-1.277584E-04	
1881	9.924276E-06	-1.261651E-04	
1882	1.115239E-05	-1.243321E-04	
1883	1.234668E-05	-1.222613E-04	
1884	1.376622E-05	-1.193532E-04	
1885	1.507552E-05	-1.161227E-04	
1886	1.624625E-05	-1.126229E-04	
1887	1.725851E-05	-1.089223E-04	
1888	1.819770E-05	-1.046143E-04	
1889	1.893210E-05	-1.002605E-04	
1890	1.953047E-05	-9.553610E-05	
1891	1.998558E-05	-9.053826E-05	
1892	2.031211E-05	-8.539225E-05	
1893	2.054349E-05	-8.021878E-05	
1894	2.071388E-05	-7.515811E-05	
1895	2.082598E-05	-7.033390E-05	
1896	2.078242E-05	-6.590694E-05	
1897	0.000000E+00	-1.350672E-04	
1898	1.177448E-06	-1.349706E-04	
1899	2.359690E-06	-1.346794E-04	
1900	3.550890E-06	-1.341887E-04	
1901	4.753926E-06	-1.334909E-04	
1902	5.969711E-06	-1.325760E-04	
1903	7.196508E-06	-1.314329E-04	
1904	8.429316E-06	-1.300504E-04	
1905	9.659442E-06	-1.284190E-04	
1906	1.087441E-05	-1.265332E-04	
1907	1.205839E-05	-1.243929E-04	
1908	1.346588E-05	-1.213731E-04	
1909	1.476004E-05	-1.180045E-04	
1910	1.590851E-05	-1.143451E-04	
1911	1.688869E-05	-1.104709E-04	
1912	1.777939E-05	-1.059619E-04	
1913	1.845435E-05	-1.014130E-04	
1914	1.897996E-05	-9.649131E-05	
1915	1.935379E-05	-9.130429E-05	
1916	1.959790E-05	-8.598414E-05	
1917	1.975371E-05	-8.065113E-05	
1918	1.986232E-05	-7.543577E-05	
1919	1.992961E-05	-7.043730E-05	
1920	1.985289E-05	-6.576897E-05	
1921	0.000000E+00	-1.374262E-04	
1922	1.128107E-06	-1.373300E-04	
1923	2.262242E-06	-1.370393E-04	
1924	3.407791E-06	-1.365487E-04	
1925	4.568815E-06	-1.358489E-04	
1926	5.747300E-06	-1.349281E-04	
1927	6.942360E-06	-1.337725E-04	
1928	8.149466E-06	-1.323678E-04	
1929	9.359837E-06	-1.307014E-04	
1930	1.056020E-05	-1.287644E-04	
1931	1.173314E-05	-1.265544E-04	
1932	1.312821E-05	-1.234196E-04	
1933	1.440680E-05	-1.199061E-04	
1934	1.553169E-05	-1.160773E-04	
1935	1.647718E-05	-1.120180E-04	
1936	1.731494E-05	-1.072956E-04	
1937	1.792499E-05	-1.025412E-04	
1938	1.837181E-05	-9.741471E-05	
1939	1.865884E-05	-9.203487E-05	
1940	1.881655E-05	-8.654100E-05	
1941	1.889471E-05	-8.105208E-05	
1942	1.894123E-05	-7.568736E-05	
1943	1.896475E-05	-7.051953E-05	
1944	1.885745E-05	-6.561021E-05	
1945	0.000000E+00	-1.397902E-04	
1946	1.073132E-06	-1.396947E-04	
1947	2.153568E-06	-1.394063E-04	
1948	3.247979E-06	-1.389182E-04	
1949	4.361715E-06	-1.382199E-04	
1950	5.497992E-06	-1.372973E-04	
1951	6.656976E-06	-1.361336E-04	
1952	7.834821E-06	-1.347113E-04	
1953	9.022823E-06	-1.330136E-04	
1954	1.020696E-05	-1.310279E-04	
1955	1.136813E-05	-1.287486E-04	
1956	1.275057E-05	-1.254955E-04	
1957	1.401331E-05	-1.218295E-04	
1958	1.511336E-05	-1.178201E-04	
1959	1.602132E-05	-1.135631E-04	
1960	1.680118E-05	-1.086132E-04	
1961	1.734037E-05	-1.036422E-04	
1962	1.770203E-05	-9.830311E-05	
1963	1.789682E-05	-9.272731E-05	
1964	1.796461E-05	-8.706104E-05	
1965	1.796387E-05	-8.142085E-05	
1966	1.794878E-05	-7.591307E-05	
1967	1.793015E-05	-7.058186E-05	
1968	1.779524E-05	-6.543338E-05	
1969	0.000000E+00	-1.421565E-04	
1970	1.012366E-06	-1.420625E-04	
1971	2.033311E-06	-1.417778E-04	
1972	3.070827E-06	-1.412951E-04	
1973	4.131641E-06	-1.406021E-04	
1974	5.220364E-06	-1.396823E-04	
1975	6.338447E-06	-1.385160E-04	
1976	7.482997E-06	-1.370813E-04	
1977	8.645632E-06	-1.353571E-04	
1978	9.811706E-06	-1.333260E-04	
1979	1.096031E-05	-1.309783E-04	
1980	1.233006E-05	-1.276038E-04	
1981	1.357687E-05	-1.237770E-04	
1982	1.465081E-05	-1.195744E-04	
1983	1.551812E-05	-1.151050E-04	
1984	1.623456E-05	-1.099122E-04	
1985	1.669633E-05	-1.047125E-04	
1986	1.696616E-05	-9.915303E-05	
1987	1.706345E-05	-9.337881E-05	
1988	1.703857E-05	-8.754253E-05	
1989	1.695866E-05	-8.175683E-05	
1990	1.688344E-05	-7.611329E-05	
1991	1.682495E-05	-7.062570E-05	
1992	1.666580E-05	-6.524149E-05	
1993	0.000000E+00	-1.445225E-04	
1994	9.457455E-07	-1.444304E-04	
1995	1.901294E-06	-1.441513E-04	
1996	2.875945E-06	-1.436769E-04	
1997	3.877863E-06	-1.429934E-04	
1998	4.913214E-06	-1.420819E-04	
1999	5.985004E-06	-1.409189E-04	
2000	7.091635E-06	-1.394783E-04	
2001	8.225390E-06	-1.377335E-04	
2002	9.371215E-06	-1.356614E-04	
2003	1.050638E-05	-1.332470E-04	
2004	1.186349E-05	-1.297483E-04	
2005	1.309449E-05	-1.257513E-04	
2006	1.414103E-05	-1.213413E-04	
2007	1.496418E-05	-1.166429E-04	
2008	1.561094E-05	-1.111895E-04	
2009	1.598808E-05	-1.057481E-04	
2010	1.615913E-05	-9.996064E-05	
2011	1.615409E-05	-9.398648E-05	
2012	1.603478E-05	-8.798386E-05	
2013	1.587677E-05	-8.205958E-05	
2014	1.574406E-05	-7.628855E-05	
2015	1.564874E-05	-7.065260E-05	
2016	1.546916E-05	-6.503781E-05	
2017	0.000000E+00	-1.468852E-04	
2018	8.733383E-07	-1.467956E-04	
2019	1.757586E-06	-1.465240E-04	
2020	2.663273E-06	-1.460612E-04	
2021	3.600018E-06	-1.453917E-04	
2022	4.575688E-06	-1.444941E-04	
2023	5.595137E-06	-1.433414E-04	
2024	6.658493E-06	-1.419024E-04	
2025	7.759172E-06	-1.401443E-04	
2026	8.882070E-06	-1.380369E-04	
2027	1.000268E-05	-1.355587E-04	
2028	1.134732E-05	-1.319331E-04	
2029	1.256284E-05	-1.277558E-04	
2030	1.358065E-05	-1.231218E-04	
2031	1.435560E-05	-1.181752E-04	
2032	1.492550E-05	-1.124415E-04	
2033	1.521004E-05	-1.067446E-04	
2034	1.527520E-05	-1.007218E-04	
2035	1.516368E-05	-9.454746E-05	
2036	1.494957E-05	-8.838363E-05	
2037	1.471615E-05	-8.232896E-05	
2038	1.452998E-05	-7.643961E-05	
2039	1.440171E-05	-7.066426E-05	
2040	1.420590E-05	-6.482583E-05	
2041	0.000000E+00	-1.492415E-04	
2042	7.953822E-07	-1.491552E-04	
2043	1.602579E-06	-1.488930E-04	
2044	2.433198E-06	-1.484449E-04	
2045	3.298261E-06	-1.477941E-04	
2046	4.207445E-06	-1.469167E-04	
2047	5.167763E-06	-1.457821E-04	
2048	6.181579E-06	-1.443534E-04	
2049	7.244075E-06	-1.425908E-04	
2050	8.340655E-06	-1.404556E-04	
2051	9.445248E-06	-1.379177E-04	
2052	1.077758E-05	-1.341634E-04	
2053	1.197819E-05	-1.297945E-04	
2054	1.296579E-05	-1.249173E-04	
2055	1.368779E-05	-1.197001E-04	
2056	1.417250E-05	-1.136640E-04	
2057	1.435562E-05	-1.076968E-04	
2058	1.430780E-05	-1.014322E-04	
2059	1.408671E-05	-9.505893E-05	
2060	1.377926E-05	-8.874073E-05	
2061	1.347507E-05	-8.256510E-05	
2062	1.324106E-05	-7.656745E-05	
2063	1.308464E-05	-7.066249E-05	
2064	1.287719E-05	-6.460924E-05	
2065	0.000000E+00	-1.515886E-04	
2066	7.123287E-07	-1.515060E-04	
2067	1.437081E-06	-1.512550E-04	
2068	2.186694E-06	-1.508248E-04	
2069	2.973448E-06	-1.501976E-04	
2070	3.808871E-06	-1.493472E-04	
2071	4.702438E-06	-1.482391E-04	
2072	5.659344E-06	-1.468308E-04	
2073	6.677353E-06	-1.450743E-04	
2074	7.743199E-06	-1.429208E-04	
2075	8.829700E-06	-1.403292E-04	
2076	1.014981E-05	-1.364453E-04	
2077	1.133627E-05	-1.318720E-04	
2078	1.229200E-05	-1.267290E-04	
2079	1.295532E-05	-1.212152E-04	
2080	1.334503E-05	-1.148515E-04	
2081	1.341699E-05	-1.085989E-04	
2082	1.324938E-05	-1.020871E-04	
2083	1.291724E-05	-9.551833E-05	
2084	1.252026E-05	-8.905446E-05	
2085	1.215230E-05	-8.276857E-05	
2086	1.187784E-05	-7.667332E-05	
2087	1.169906E-05	-7.064922E-05	
2088	1.148492E-05	-6.439188E-05	
2089	0.000000E+00	-1.539233E-04	
2090	6.248885E-07	-1.538451E-04	
2091	1.262411E-06	-1.536070E-04	
2092	1.925473E-06	-1.531979E-04	
2093	2.627348E-06	-1.525990E-04	
2094	3.381350E-06	-1.517823E-04	
2095	4.199661E-06	-1.507098E-04	
2096	5.090954E-06	-1.493333E-04	
2097	6.056606E-06	-1.475955E-04	
2098	7.085857E-06	-1.454357E-04	
2099	8.151240E-06	-1.427989E-04	
2100	9.458917E-06	-1.387860E-04	
2101	1.063219E-05	-1.339940E-04	
2102	1.155400E-05	-1.285585E-04	
2103	1.215158E-05	-1.227172E-04	
2104	1.243461E-05	-1.159977E-04	
2105	1.238477E-05	-1.094442E-04	
2106	1.209128E-05	-1.026817E-04	
2107	1.164893E-05	-9.592343E-05	
2108	1.116919E-05	-8.932468E-05	
2109	1.074717E-05	-8.294038E-05	
2110	1.044159E-05	-7.675875E-05	
2111	1.024728E-05	-7.062646E-05	
2112	1.003169E-05	-6.417765E-05	
2113	0.000000E+00	-1.562431E-04	
2114	5.340757E-07	-1.561697E-04	
2115	1.080499E-06	-1.559459E-04	
2116	1.652153E-06	-1.555606E-04	
2117	2.262893E-06	-1.549944E-04	
2118	2.927589E-06	-1.542182E-04	
2119	3.661255E-06	-1.531910E-04	
2120	4.476681E-06	-1.518587E-04	
2121	5.380090E-06	-1.501545E-04	
2122	6.364858E-06	-1.480035E-04	
2123	7.404620E-06	-1.453331E-04	
2124	8.699027E-06	-1.411942E-04	
2125	9.860206E-06	-1.361675E-04	
2126	1.074550E-05	-1.304071E-04	
2127	1.126838E-05	-1.242016E-04	
2128	1.143072E-05	-1.170947E-04	
2129	1.124760E-05	-1.102251E-04	
2130	1.082360E-05	-1.032113E-04	
2131	1.027509E-05	-9.627261E-05	
2132	9.723072E-06	-8.955190E-05	
2133	9.259786E-06	-8.308206E-05	
2134	8.934471E-06	-7.682553E-05	
2135	8.732454E-06	-7.059629E-05	
2136	8.520912E-06	-6.397046E-05	
2137	0.000000E+00	-1.585455E-04	
2138	4.412444E-07	-1.584773E-04	
2139	8.939674E-07	-1.582690E-04	
2140	1.370421E-06	-1.579097E-04	
2141	1.884442E-06	-1.573801E-04	
2142	2.452005E-06	-1.566506E-04	
2143	3.090864E-06	-1.556782E-04	
2144	3.818449E-06	-1.544037E-04	
2145	4.647193E-06	-1.527503E-04	
2146	5.576773E-06	-1.506268E-04	
2147	6.584151E-06	-1.479388E-04	
2148	7.863284E-06	-1.436803E-04	
2149	9.013478E-06	-1.384010E-04	
2150	9.858791E-06	-1.322763E-04	
2151	1.029540E-05	-1.256622E-04	
2152	1.032009E-05	-1.181326E-04	
2153	9.991735E-06	-1.109334E-04	
2154	9.435134E-06	-1.036715E-04	
2155	8.788924E-06	-9.656512E-05	
2156	8.179560E-06	-8.973752E-05	
2157	7.691169E-06	-8.319573E-05	
2158	7.359582E-06	-7.687579E-05	
2159	7.158689E-06	-7.056084E-05	
2160	6.956804E-06	-6.377411E-05	
2161	0.000000E+00	-1.608287E-04	
2162	3.481103E-07	-1.607659E-04	
2163	7.062038E-07	-1.605739E-04	
2164	1.085177E-06	-1.602421E-04	
2165	1.498047E-06	-1.597522E-04	
2166	1.961162E-06	-1.590748E-04	
2167	2.494578E-06	-1.581663E-04	
2168	3.120583E-06	-1.569635E-04	
2169	3.859160E-06	-1.553802E-04	
2170	4.718996E-06	-1.533073E-04	
2171	5.683792E-06	-1.506232E-04	
2172	6.943577E-06	-1.462570E-04	
2173	8.083716E-06	-1.407052E-04	
2174	8.884217E-06	-1.341670E-04	
2175	9.219281E-06	-1.270904E-04	
2176	9.085773E-06	-1.190994E-04	
2177	8.600463E-06	-1.115602E-04	
2178	7.913345E-06	-1.040586E-04	
2179	7.183828E-06	-9.680143E-05	
2180	6.537268E-06	-8.988391E-05	
2181	6.043478E-06	-8.328411E-05	
2182	5.721093E-06	-7.691191E-05	
2183	5.531039E-06	-7.052222E-05	
2184	5.344441E-06	-6.359219E-05	
2185	0.000000E+00	-1.630916E-04	
2186	2.567467E-07	-1.630343E-04	
2187	5.213777E-07	-1.628588E-04	
2188	8.026299E-07	-1.625554E-04	
2189	1.111687E-06	-1.621067E-04	
2190	1.464206E-06	-1.614855E-04	
2191	1.881658E-06	-1.606488E-04	
2192	2.390834E-06	-1.595316E-04	
2193	3.020201E-06	-1.580394E-04	
2194	3.790576E-06	-1.560447E-04	
2195	4.697404E-06	-1.533934E-04	
2196	5.930177E-06	-1.489395E-04	
2197	7.060635E-06	-1.430938E-04	
2198	7.809391E-06	-1.360794E-04	
2199	8.022299E-06	-1.284741E-04	
2200	7.705838E-06	-1.199805E-04	
2201	7.053597E-06	-1.120962E-04	
2202	6.244649E-06	-1.043705E-04	
2203	5.453881E-06	-9.698358E-05	
2204	4.796159E-06	-8.999455E-05	
2205	4.320214E-06	-8.335054E-05	
2206	4.024315E-06	-7.693656E-05	
2207	3.855547E-06	-7.048251E-05	
2208	3.689734E-06	-6.342792E-05	
2209	0.000000E+00	-1.653339E-04	
2210	1.695452E-07	-1.652820E-04	
2211	3.444004E-07	-1.651231E-04	
2212	5.303073E-07	-1.648477E-04	
2213	7.354013E-07	-1.644405E-04	
2214	9.732579E-07	-1.638775E-04	
2215	1.265340E-06	-1.631186E-04	
2216	1.641694E-06	-1.620992E-04	
2217	2.139171E-06	-1.607198E-04	
2218	2.793686E-06	-1.588359E-04	
2219	3.619377E-06	-1.562556E-04	
2220	4.811268E-06	-1.517467E-04	
2221	5.931141E-06	-1.455843E-04	
2222	6.617900E-06	-1.380123E-04	
2223	6.680329E-06	-1.297960E-04	
2224	6.151637E-06	-1.207584E-04	
2225	5.327047E-06	-1.125329E-04	
2226	4.414979E-06	-1.046071E-04	
2227	3.594594E-06	-9.711560E-05	
2228	2.958003E-06	-9.007410E-05	
2229	2.526430E-06	-8.339891E-05	
2230	2.275770E-06	-7.695259E-05	
2231	2.139235E-06	-7.044370E-05	
2232	1.999391E-06	-6.328404E-05	
2233	0.000000E+00	-1.675563E-04	
2234	8.912718E-08	-1.675100E-04	
2235	1.807985E-07	-1.673671E-04	
2236	2.769527E-07	-1.671185E-04	
2237	3.812790E-07	-1.667512E-04	
2238	5.036234E-07	-1.662460E-04	
2239	6.635659E-07	-1.655682E-04	
2240	8.919935E-07	-1.646562E-04	
2241	1.232021E-06	-1.634099E-04	
2242	1.736161E-06	-1.616725E-04	
2243	2.446011E-06	-1.592131E-04	
2244	3.572385E-06	-1.547011E-04	
2245	4.678071E-06	-1.482010E-04	
2246	5.287193E-06	-1.399613E-04	
2247	5.159509E-06	-1.310311E-04	
2248	4.385534E-06	-1.214127E-04	
2249	3.392823E-06	-1.128641E-04	
2250	2.410981E-06	-1.047716E-04	
2251	1.603882E-06	-9.720376E-05	
2252	1.026859E-06	-9.012838E-05	
2253	6.689263E-07	-8.343361E-05	
2254	4.832355E-07	-7.696302E-05	
2255	3.900578E-07	-7.040768E-05	
2256	2.808352E-07	-6.316262E-05	
2257	0.000000E+00	-1.697606E-04	
2258	1.820008E-08	-1.697199E-04	
2259	3.648599E-08	-1.695927E-04	
2260	5.226559E-08	-1.693688E-04	
2261	6.320973E-08	-1.690379E-04	
2262	7.367866E-08	-1.685875E-04	
2263	9.940138E-08	-1.679905E-04	
2264	1.685775E-07	-1.671911E-04	
2265	3.252213E-07	-1.660937E-04	
2266	6.358717E-07	-1.645392E-04	
2267	1.178527E-06	-1.622633E-04	
2268	2.195868E-06	-1.578296E-04	
2269	3.278136E-06	-1.509777E-04	
2270	3.784875E-06	-1.419156E-04	
2271	3.410771E-06	-1.321441E-04	
2272	2.358205E-06	-1.219217E-04	
2273	1.220091E-06	-1.130877E-04	
2274	2.220379E-07	-1.048717E-04	
2275	-5.167701E-07	-9.725678E-05	
2276	-9.904729E-07	-9.016425E-05	
2277	-1.243570E-06	-8.345939E-05	
2278	-1.344231E-06	-7.697093E-05	
2279	-1.383184E-06	-7.037612E-05	
2280	-1.457933E-06	-6.306489E-05	
2281	0.000000E+00	-1.719495E-04	
2282	-4.063826E-08	-1.719150E-04	
2283	-8.256229E-08	-1.718036E-04	
2284	-1.335411E-07	-1.716015E-04	
2285	-2.036599E-07	-1.713015E-04	
2286	-2.957366E-07	-1.709001E-04	
2287	-3.992514E-07	-1.703804E-04	
2288	-4.925251E-07	-1.696932E-04	
2289	-5.399706E-07	-1.687521E-04	
2290	-4.719471E-07	-1.674106E-04	
2291	-1.704305E-07	-1.653915E-04	
2292	6.608561E-07	-1.611616E-04	
2293	1.698385E-06	-1.539649E-04	
2294	2.061725E-06	-1.438521E-04	
2295	1.360538E-06	-1.330847E-04	
2296	6.224985E-09	-1.222659E-04	
2297	-1.221499E-06	-1.132101E-04	
2298	-2.156674E-06	-1.049204E-04	
2299	-2.761173E-06	-9.728555E-05	
2300	-3.084072E-06	-9.018935E-05	
2301	-3.200263E-06	-8.348115E-05	
2302	-3.196286E-06	-7.697931E-05	
2303	-3.170978E-06	-7.035052E-05	
2304	-3.208552E-06	-6.299104E-05	
2305	0.000000E+00	-1.741261E-04	
2306	-8.509334E-08	-1.740998E-04	
2307	-1.706866E-07	-1.740054E-04	
2308	-2.704009E-07	-1.738222E-04	
2309	-4.038503E-07	-1.735453E-04	
2310	-5.825063E-07	-1.731841E-04	
2311	-8.010208E-07	-1.727365E-04	
2312	-1.046569E-06	-1.721560E-04	
2313	-1.303694E-06	-1.713659E-04	
2314	-1.523190E-06	-1.702502E-04	
2315	-1.562738E-06	-1.685616E-04	
2316	-1.054214E-06	-1.647238E-04	
2317	-1.103094E-07	-1.572430E-04	
2318	3.735824E-08	-1.457204E-04	
2319	-1.105249E-06	-1.337847E-04	
2320	-2.747400E-06	-1.224362E-04	
2321	-3.954186E-06	-1.132501E-04	
2322	-4.720543E-06	-1.049359E-04	
2323	-5.117646E-06	-9.730259E-05	
2324	-5.240608E-06	-9.021179E-05	
2325	-5.188194E-06	-8.350380E-05	
2326	-5.061297E-06	-7.699097E-05	
2327	-4.963291E-06	-7.033207E-05	
2328	-4.962626E-06	-6.294008E-05	
2329	0.000000E+00	-1.762934E-04	
2330	-1.131662E-07	-1.762797E-04	
2331	-2.227772E-07	-1.762060E-04	
2332	-3.494123E-07	-1.760387E-04	
2333	-5.229789E-07	-1.757752E-04	
2334	-7.651191E-07	-1.754426E-04	
2335	-1.073220E-06	-1.750626E-04	
2336	-1.443605E-06	-1.745807E-04	
2337	-1.888349E-06	-1.739242E-04	
2338	-2.410141E-06	-1.730152E-04	
2339	-2.904392E-06	-1.717018E-04	
2340	-2.959283E-06	-1.685213E-04	
2341	-2.226617E-06	-1.609478E-04	
2342	-2.432700E-06	-1.474115E-04	
2343	-4.167766E-06	-1.341617E-04	
2344	-5.981385E-06	-1.224514E-04	
2345	-6.978088E-06	-1.132419E-04	
2346	-7.453301E-06	-1.049397E-04	
2347	-7.568582E-06	-9.732127E-05	
2348	-7.443164E-06	-9.023979E-05	
2349	-7.192233E-06	-8.353197E-05	
2350	-6.926272E-06	-7.700832E-05	
2351	-6.749821E-06	-7.032162E-05	
2352	-6.712205E-06	-6.290964E-05	
2353	0.000000E+00	-1.784529E-04	
2354	-1.222458E-07	-1.784624E-04	
2355	-2.338244E-07	-1.784151E-04	
2356	-3.646538E-07	-1.782616E-04	
2357	-5.502938E-07	-1.780007E-04	
2358	-8.249303E-07	-1.776798E-04	
2359	-1.184779E-06	-1.773698E-04	
2360	-1.631928E-06	-1.769781E-04	
2361	-2.214354E-06	-1.764346E-04	
2362	-2.976596E-06	-1.756818E-04	
2363	-3.983299E-06	-1.746954E-04	
2364	-5.000428E-06	-1.724854E-04	
2365	-4.790889E-06	-1.653209E-04	
2366	-5.644250E-06	-1.486865E-04	
2367	-8.111326E-06	-1.341534E-04	
2368	-9.728394E-06	-1.223850E-04	
2369	-1.025615E-05	-1.132290E-04	
2370	-1.032953E-05	-1.049530E-04	
2371	-1.008900E-05	-9.735541E-05	
2372	-9.671806E-06	-9.028100E-05	
2373	-9.194988E-06	-8.356993E-05	
2374	-8.776740E-06	-7.703313E-05	
2375	-8.520283E-06	-7.031956E-05	
2376	-8.450536E-06	-6.289582E-05	
2377	0.000000E+00	-1.806013E-04	
2378	-1.061558E-07	-1.806603E-04	
2379	-1.945102E-07	-1.806417E-04	
2380	-3.188962E-07	-1.805011E-04	
2381	-4.833225E-07	-1.802379E-04	
2382	-7.485849E-07	-1.798980E-04	
2383	-1.107294E-06	-1.796801E-04	
2384	-1.563055E-06	-1.793704E-04	
2385	-2.209543E-06	-1.789144E-04	
2386	-3.101767E-06	-1.782981E-04	
2387	-4.375776E-06	-1.774362E-04	
2388	-6.825094E-06	-1.763314E-04	
2389	-8.104155E-06	-1.707792E-04	
2390	-1.032177E-05	-1.490305E-04	
2391	-1.330812E-05	-1.338571E-04	
2392	-1.382920E-05	-1.223774E-04	
2393	-1.375243E-05	-1.132369E-04	
2394	-1.330348E-05	-1.050019E-04	
2395	-1.265000E-05	-9.741590E-05	
2396	-1.190323E-05	-9.034264E-05	
2397	-1.117716E-05	-8.362135E-05	
2398	-1.059626E-05	-7.706634E-05	
2399	-1.026474E-05	-7.032548E-05	
2400	-1.017321E-05	-6.289324E-05	
2401	0.000000E+00	-1.827316E-04	
2402	-2.741702E-08	-1.828960E-04	
2403	-1.046001E-07	-1.828873E-04	
2404	-2.107779E-07	-1.827599E-04	
2405	-3.581090E-07	-1.825146E-04	
2406	-5.300445E-07	-1.820980E-04	
2407	-7.898276E-07	-1.820311E-04	
2408	-1.214763E-06	-1.817792E-04	
2409	-1.821219E-06	-1.814038E-04	
2410	-2.700756E-06	-1.809063E-04	
2411	-3.968445E-06	-1.801687E-04	
2412	-6.596969E-06	-1.793840E-04	
2413	-1.264808E-05	-1.776544E-04	
2414	-1.937778E-05	-1.475628E-04	
2415	-1.891184E-05	-1.340228E-04	
2416	-1.825184E-05	-1.223818E-04	
2417	-1.736284E-05	-1.133288E-04	
2418	-1.632717E-05	-1.050969E-04	
2419	-1.521632E-05	-9.751384E-05	
2420	-1.411208E-05	-9.043007E-05	
2421	-1.311801E-05	-8.368963E-05	
2422	-1.236536E-05	-7.710780E-05	
2423	-1.197391E-05	-7.033771E-05	
2424	-1.187999E-05	-6.289515E-05	
2425	0.000000E+00	-1.841625E-04	
2426	-1.118093E-07	-1.844337E-04	
2427	-1.557713E-07	-1.843578E-04	
2428	-2.336176E-07	-1.841496E-04	
2429	-4.611018E-07	-1.836020E-04	
2430	-7.105304E-07	-1.836377E-04	
2431	-9.860044E-07	-1.833190E-04	
2432	-1.413428E-06	-1.829052E-04	
2433	-2.120295E-06	-1.822507E-04	
2434	-3.158782E-06	-1.821274E-04	
2435	-5.104918E-06	-1.818643E-04	
2436	-4.983644E-06	-1.885225E-04	
2437	-3.758548E-06	-1.914272E-04	
2438	0.000000E+00	-1.850061E-04	
2439	-4.949792E-08	-1.851272E-04	
2440	-1.481222E-07	-1.850855E-04	
2441	-2.750492E-07	-1.848524E-04	
2442	-4.006199E-07	-1.844730E-04	
2443	-5.776273E-07	-1.843661E-04	
2444	-8.658954E-07	-1.841062E-04	
2445	-1.252719E-06	-1.837063E-04	
2446	-1.740484E-06	-1.832768E-04	
2447	-2.443859E-06	-1.830922E-04	
2448	-2.234455E-06	-1.847293E-04	
2449	-2.097351E-06	-1.885133E-04	
2450	-3.395376E-06	-1.921297E-04	
2451	-2.327420E-06	-1.936508E-04	
2452	0.000000E+00	-1.858147E-04	
2453	-3.156050E-08	-1.858599E-04	
2454	-1.158634E-07	-1.858072E-04	
2455	-2.180003E-07	-1.856007E-04	
2456	-3.027256E-07	-1.853138E-04	
2457	-4.251069E-07	-1.851449E-04	
2458	-6.356331E-07	-1.849062E-04	
2459	-8.885375E-07	-1.845871E-04	
2460	-1.144916E-06	-1.843041E-04	
2461	-1.134314E-06	-1.845265E-04	
2462	-5.032120E-07	-1.866874E-04	
2463	-2.095114E-07	-1.891314E-04	
2464	-2.409031E-07	-1.916502E-04	
2465	-1.316418E-06	-1.947003E-04	
2466	-4.249172E-07	-1.953674E-04	
2467	0.000000E+00	-1.866072E-04	
2468	-1.348269E-08	-1.866152E-04	
2469	-6.199094E-08	-1.865512E-04	
2470	-1.202910E-07	-1.863755E-04	
2471	-1.629915E-07	-1.861454E-04	
2472	-2.229571E-07	-1.859617E-04	
2473	-3.225595E-07	-1.857524E-04	
2474	-4.117424E-07	-1.855241E-04	
2475	-3.724007E-07	-1.854399E-04	
2476	2.159516E-08	-1.860076E-04	
2477	7.676477E-07	-1.881692E-04	
2478	1.088496E-06	-1.900053E-04	
2479	1.218077E-06	-1.919643E-04	
2480	1.219555E-06	-1.937751E-04	
2481	7.981682E-07	-1.960536E-04	
2482	1.109222E-06	-1.961611E-04	
2483	0.000000E+00	-1.873984E-04	
2484	1.379543E-08	-1.873892E-04	
2485	8.869456E-09	-1.873210E-04	
2486	1.893251E-09	-1.871727E-04	
2487	1.100276E-08	-1.869838E-04	
2488	2.471247E-08	-1.868132E-04	
2489	4.408156E-08	-1.866465E-04	
2490	1.303036E-07	-1.865227E-04	
2491	4.045385E-07	-1.866317E-04	
2492	9.900527E-07	-1.874111E-04	
2493	1.765029E-06	-1.894210E-04	
2494	2.094700E-06	-1.908919E-04	
2495	2.295774E-06	-1.924797E-04	
2496	2.387271E-06	-1.939991E-04	
2497	2.418056E-06	-1.953579E-04	
2498	2.373646E-06	-1.964685E-04	
2499	0.000000E+00	-1.881977E-04	
2500	4.954944E-08	-1.881817E-04	
2501	9.277531E-08	-1.881158E-04	
2502	1.413769E-07	-1.879916E-04	
2503	2.098830E-07	-1.878381E-04	
2504	3.028123E-07	-1.876966E-04	
2505	4.394633E-07	-1.875847E-04	
2506	6.823774E-07	-1.875676E-04	
2507	1.123040E-06	-1.878327E-04	
2508	1.800771E-06	-1.887192E-04	
2509	2.566780E-06	-1.905410E-04	
2510	2.895388E-06	-1.917620E-04	
2511	3.135568E-06	-1.930709E-04	
2512	3.288452E-06	-1.943503E-04	
2513	3.373909E-06	-1.955138E-04	
2514	3.411937E-06	-1.964772E-04	
2515	0.000000E+00	-1.902629E-04	
2516	1.646864E-07	-1.902477E-04	
2517	3.368975E-07	-1.902024E-04	
2518	5.294405E-07	-1.901336E-04	
2519	7.586961E-07	-1.900618E-04	
2520	1.043632E-06	-1.900193E-04	
2521	1.411914E-06	-1.900537E-04	
2522	1.900697E-06	-1.902472E-04	
2523	2.534136E-06	-1.907296E-04	
2524	3.279073E-06	-1.916428E-04	
2525	4.017949E-06	-1.930256E-04	
2526	4.341173E-06	-1.938413E-04	
2527	4.609060E-06	-1.946871E-04	
2528	4.815815E-06	-1.955090E-04	
2529	4.963245E-06	-1.962452E-04	
2530	5.060250E-06	-1.968356E-04	
2531	0.000000E+00	-1.924376E-04	
2532	2.876808E-07	-1.924308E-04	
2533	5.881161E-07	-1.924136E-04	
2534	9.155078E-07	-1.923963E-04	
2535	1.285973E-06	-1.923985E-04	
2536	1.717302E-06	-1.924516E-04	
2537	2.227251E-06	-1.926010E-04	
2538	2.826854E-06	-1.929080E-04	
2539	3.506467E-06	-1.934401E-04	
2540	4.221548E-06	-1.942390E-04	
2541	4.896228E-06	-1.952727E-04	
2542	5.194980E-06	-1.958369E-04	
2543	5.456165E-06	-1.963998E-04	
2544	5.676354E-06	-1.969288E-04	
2545	5.857381E-06	-1.973881E-04	
2546	6.006904E-06	-1.977403E-04	
2547	0.000000E+00	-1.947151E-04	
2548	3.993968E-07	-1.947168E-04	
2549	8.116785E-07	-1.947252E-04	
2550	1.249863E-06	-1.947504E-04	
2551	1.726755E-06	-1.948100E-04	
2552	2.253595E-06	-1.949299E-04	
2553	2.837002E-06	-1.951428E-04	
2554	3.473786E-06	-1.954847E-04	
2555	4.145063E-06	-1.959830E-04	
2556	4.814310E-06	-1.966385E-04	
2557	5.434428E-06	-1.974059E-04	
2558	5.713210E-06	-1.978009E-04	
2559	5.965511E-06	-1.981822E-04	
2560	6.190689E-06	-1.985300E-04	
2561	6.391092E-06	-1.988239E-04	
2562	6.572561E-06	-1.990443E-04	
2563	0.000000E+00	-1.970740E-04	
2564	4.902902E-07	-1.970822E-04	
2565	9.910439E-07	-1.971092E-04	
2566	1.512117E-06	-1.971636E-04	
2567	2.061815E-06	-1.972587E-04	
2568	2.645309E-06	-1.974127E-04	
2569	3.262312E-06	-1.976456E-04	
2570	3.904459E-06	-1.979745E-04	
2571	4.553753E-06	-1.984059E-04	
2572	5.184058E-06	-1.989260E-04	
2573	5.767121E-06	-1.994930E-04	
2574	6.034176E-06	-1.997720E-04	
2575	6.282735E-06	-2.000343E-04	
2576	6.513285E-06	-2.002682E-04	
2577	6.728134E-06	-2.004619E-04	
2578	6.931406E-06	-2.006049E-04	
2579	0.000000E+00	-1.994900E-04	
2580	5.582163E-07	-1.995019E-04	
2581	1.123554E-06	-1.995396E-04	
2582	1.702237E-06	-1.996089E-04	
2583	2.298540E-06	-1.997189E-04	
2584	2.913525E-06	-1.998806E-04	
2585	3.543708E-06	-2.001041E-04	
2586	4.180107E-06	-2.003954E-04	
2587	4.808454E-06	-2.007512E-04	
2588	5.411329E-06	-2.011543E-04	
2589	5.972518E-06	-2.015710E-04	
2590	6.234190E-06	-2.017690E-04	
2591	6.482716E-06	-2.019513E-04	
2592	6.718958E-06	-2.021108E-04	
2593	6.944783E-06	-2.022405E-04	
2594	7.163007E-06	-2.023341E-04	
2595	0.000000E+00	-2.019410E-04	
2596	6.052587E-07	-2.019542E-04	
2597	1.214439E-06	-2.019952E-04	
2598	1.830589E-06	-2.020675E-04	
2599	2.455000E-06	-2.021764E-04	
2600	3.086364E-06	-2.023274E-04	
2601	3.720144E-06	-2.025245E-04	
2602	4.348470E-06	-2.027675E-04	
2603	4.960903E-06	-2.030495E-04	
2604	5.546329E-06	-2.033547E-04	
2605	6.095884E-06	-2.036574E-04	
2606	6.355805E-06	-2.037973E-04	
2607	6.606035E-06	-2.039238E-04	
2608	6.847473E-06	-2.040324E-04	
2609	7.081611E-06	-2.041188E-04	
2610	7.310497E-06	-2.041790E-04	
2611	0.000000E+00	-2.044097E-04	
2612	6.352647E-07	-2.044224E-04	
2613	1.271908E-06	-2.044611E-04	
2614	1.910604E-06	-2.045277E-04	
2615	2.550682E-06	-2.046246E-04	
2616	3.189618E-06	-2.047538E-04	
2617	3.822829E-06	-2.049158E-04	
2618	4.443905E-06	-2.051075E-04	
2619	5.045441E-06	-2.053215E-04	
2620	5.620503E-06	-2.055448E-04	
2621	6.164530E-06	-2.057590E-04	
2622	6.424497E-06	-2.058555E-04	
2623	6.676964E-06	-2.059413E-04	
2624	6.922785E-06	-2.060133E-04	
2625	7.163194E-06	-2.060690E-04	
2626	7.399767E-06	-2.061057E-04	
2627	0.000000E+00	-2.068844E-04	
2628	6.522501E-07	-2.068952E-04	
2629	1.304127E-06	-2.069280E-04	
2630	1.954746E-06	-2.069833E-04	
2631	2.602274E-06	-2.070617E-04	
2632	3.243663E-06	-2.071633E-04	
2633	3.874640E-06	-2.072865E-04	
2634	4.490047E-06	-2.074275E-04	
2635	5.084576E-06	-2.075799E-04	
2636	5.653860E-06	-2.077339E-04	
2637	6.195735E-06	-2.078768E-04	
2638	6.456492E-06	-2.079395E-04	
2639	6.711118E-06	-2.079940E-04	
2640	6.960409E-06	-2.080384E-04	
2641	7.205427E-06	-2.080712E-04	
2642	7.447478E-06	-2.080907E-04	
2643	0.000000E+00	-2.093574E-04	
2644	6.595756E-07	-2.093657E-04	
2645	1.317760E-06	-2.093904E-04	
2646	1.972802E-06	-2.094315E-04	
2647	2.622301E-06	-2.094884E-04	
2648	3.263067E-06	-2.095598E-04	
2649	3.891197E-06	-2.096436E-04	
2650	4.502414E-06	-2.097362E-04	
2651	5.092685E-06	-2.098326E-04	
2652	5.659049E-06	-2.099261E-04	
2653	6.200530E-06	-2.100090E-04	
2654	6.462261E-06	-2.100438E-04	
2655	6.718670E-06	-2.100728E-04	
2656	6.970501E-06	-2.100951E-04	
2657	7.218711E-06	-2.101097E-04	
2658	7.464451E-06	-2.101159E-04	
2659	0.000000E+00	-2.118246E-04	
2660	6.596457E-07	-2.118300E-04	
2661	1.317494E-06	-2.118459E-04	
2662	1.971480E-06	-2.118717E-04	
2663	2.619066E-06	-2.119062E-04	
2664	3.257150E-06	-2.119473E-04	
2665	3.882155E-06	-2.119928E-04	
2666	4.490322E-06	-2.120396E-04	
2667	5.078228E-06	-2.120842E-04	
2668	5.643472E-06	-2.121230E-04	
2669	6.185443E-06	-2.121525E-04	
2670	6.448057E-06	-2.121627E-04	
2671	6.705745E-06	-2.121694E-04	
2672	6.959204E-06	-2.121725E-04	
2673	7.209328E-06	-2.121715E-04	
2674	7.457194E-06	-2.121664E-04	
2675	0.000000E+00	-2.142835E-04	
2676	6.539062E-07	-2.142860E-04	
2677	1.306089E-06	-2.142934E-04	
2678	1.954604E-06	-2.143044E-04	
2679	2.597109E-06	-2.143173E-04	
2680	3.230766E-06	-2.143296E-04	
2681	3.852277E-06	-2.143388E-04	
2682	4.458111E-06	-2.143423E-04	
2683	5.044940E-06	-2.143381E-04	
2684	5.610268E-06	-2.143252E-04	
2685	6.153195E-06	-2.143040E-04	
2686	6.416498E-06	-2.142907E-04	
2687	6.674927E-06	-2.142761E-04	
2688	6.929130E-06	-2.142606E-04	
2689	7.179963E-06	-2.142447E-04	
2690	7.428488E-06	-2.142288E-04	
2691	0.000000E+00	-2.167326E-04	
2692	6.430076E-07	-2.167327E-04	
2693	1.284712E-06	-2.167324E-04	
2694	1.923620E-06	-2.167302E-04	
2695	2.557865E-06	-2.167236E-04	
2696	3.185056E-06	-2.167097E-04	
2697	3.802211E-06	-2.166854E-04	
2698	4.405852E-06	-2.166482E-04	
2699	4.992353E-06	-2.165970E-04	
2700	5.558582E-06	-2.165330E-04	
2701	6.102750E-06	-2.164603E-04	
2702	6.366532E-06	-2.164226E-04	
2703	6.625181E-06	-2.163855E-04	
2704	6.879271E-06	-2.163502E-04	
2705	7.129629E-06	-2.163178E-04	
2706	7.377338E-06	-2.162897E-04	
2707	0.000000E+00	-2.191706E-04	
2708	6.270942E-07	-2.191686E-04	
2709	1.253488E-06	-2.191621E-04	
2710	1.878337E-06	-2.191491E-04	
2711	2.500487E-06	-2.191265E-04	
2712	3.118248E-06	-2.190902E-04	
2713	3.729140E-06	-2.190361E-04	
2714	4.329750E-06	-2.189609E-04	
2715	4.915900E-06	-2.188638E-04	
2716	5.483310E-06	-2.187473E-04	
2717	6.028745E-06	-2.186189E-04	
2718	6.292762E-06	-2.185539E-04	
2719	6.551116E-06	-2.184908E-04	
2720	6.804253E-06	-2.184318E-04	
2721	7.052917E-06	-2.183793E-04	
2722	7.298240E-06	-2.183355E-04	
2723	0.000000E+00	-2.215954E-04	
2724	6.062367E-07	-2.215920E-04	
2725	1.212318E-06	-2.215812E-04	
2726	1.818047E-06	-2.215604E-04	
2727	2.423091E-06	-2.215258E-04	
2728	3.026754E-06	-2.214722E-04	
2729	3.627545E-06	-2.213935E-04	
2730	4.222487E-06	-2.212843E-04	
2731	4.806797E-06	-2.211420E-04	
2732	5.374526E-06	-2.209698E-04	
2733	5.920232E-06	-2.207783E-04	
2734	6.183880E-06	-2.206808E-04	
2735	6.441202E-06	-2.205858E-04	
2736	6.692411E-06	-2.204966E-04	
2737	6.938137E-06	-2.204169E-04	
2738	7.179350E-06	-2.203506E-04	
2739	0.000000E+00	-2.240049E-04	
2740	5.810284E-07	-2.240007E-04	
2741	1.162073E-06	-2.239872E-04	
2742	1.743253E-06	-2.239617E-04	
2743	2.324851E-06	-2.239198E-04	
2744	2.907259E-06	-2.238549E-04	
2745	3.490615E-06	-2.237588E-04	
2746	4.073777E-06	-2.236217E-04	
2747	4.652031E-06	-2.234362E-04	
2748	5.216791E-06	-2.232033E-04	
2749	5.759224E-06	-2.229372E-04	
2750	6.020200E-06	-2.227998E-04	
2751	6.274220E-06	-2.226647E-04	
2752	6.521803E-06	-2.225361E-04	
2753	6.762947E-06	-2.224183E-04	
2754	6.998191E-06	-2.223177E-04	
2755	0.000000E+00	-2.263973E-04	
2756	5.532882E-07	-2.263926E-04	
2757	1.106076E-06	-2.263777E-04	
2758	1.658073E-06	-2.263499E-04	
2759	2.209429E-06	-2.263043E-04	
2760	2.760962E-06	-2.262339E-04	
2761	3.314322E-06	-2.261285E-04	
2762	3.871661E-06	-2.259743E-04	
2763	4.433533E-06	-2.257530E-04	
2764	4.989202E-06	-2.254528E-04	
2765	5.519082E-06	-2.250922E-04	
2766	5.772133E-06	-2.249044E-04	
2767	6.017137E-06	-2.247188E-04	
2768	6.254187E-06	-2.245402E-04	
2769	6.486520E-06	-2.243745E-04	
2770	6.714452E-06	-2.242241E-04	
2771	0.000000E+00	-2.287726E-04	
2772	5.266557E-07	-2.287676E-04	
2773	1.051469E-06	-2.287517E-04	
2774	1.572786E-06	-2.287222E-04	
2775	2.089374E-06	-2.286744E-04	
2776	2.600752E-06	-2.286013E-04	
2777	3.107755E-06	-2.284924E-04	
2778	3.613548E-06	-2.283318E-04	
2779	4.125150E-06	-2.280954E-04	
2780	4.653584E-06	-2.277355E-04	
2781	5.168650E-06	-2.272368E-04	
2782	5.400226E-06	-2.269734E-04	
2783	5.617130E-06	-2.267188E-04	
2784	5.835746E-06	-2.264945E-04	
2785	6.058618E-06	-2.262896E-04	
2786	6.283240E-06	-2.260905E-04	
2787	0.000000E+00	-2.311346E-04	
2788	5.067450E-07	-2.311291E-04	
2789	1.009674E-06	-2.311115E-04	
2790	1.505018E-06	-2.310793E-04	
2791	1.989089E-06	-2.310280E-04	
2792	2.458288E-06	-2.309506E-04	
2793	2.909093E-06	-2.308369E-04	
2794	3.338165E-06	-2.306713E-04	
2795	3.743023E-06	-2.304272E-04	
2796	4.129617E-06	-2.300610E-04	
2797	4.541381E-06	-2.293801E-04	
2798	4.773190E-06	-2.289531E-04	
2799	5.019641E-06	-2.286585E-04	
2800	5.266287E-06	-2.284148E-04	
2801	5.505484E-06	-2.281935E-04	
2802	5.735998E-06	-2.279728E-04	
