triangle
//Number_of_Node
1523
//Number_of_Element
2608
//Number_of_Region
4
//Factor
1000.0
12,11,1,
1,2,12,
13,12,2,
2,3,13,
14,13,3,
3,4,14,
15,14,4,
4,5,15,
16,15,5,
5,6,16,
17,16,6,
6,7,17,
18,17,7,
7,8,18,
19,18,8,
8,9,19,
20,19,9,
9,10,20,
22,21,11,
11,12,22,
23,22,12,
12,13,23,
24,23,13,
13,14,24,
25,24,14,
14,15,25,
26,25,15,
15,16,26,
27,26,16,
16,17,27,
28,27,17,
17,18,28,
29,28,18,
18,19,29,
30,29,19,
19,20,30,
32,31,21,
21,22,32,
33,32,22,
22,23,33,
34,33,23,
23,24,34,
35,34,24,
24,25,35,
36,35,25,
25,26,36,
37,36,26,
26,27,37,
38,37,27,
27,28,38,
39,38,28,
28,29,39,
40,39,29,
29,30,40,
42,41,31,
31,32,42,
43,42,32,
32,33,43,
44,43,33,
33,34,44,
45,44,34,
34,35,45,
46,45,35,
35,36,46,
47,46,36,
36,37,47,
48,47,37,
37,38,48,
49,48,38,
38,39,49,
50,49,39,
39,40,50,
52,51,41,
41,42,52,
53,52,42,
42,43,53,
54,53,43,
43,44,54,
55,54,44,
44,45,55,
56,55,45,
45,46,56,
57,56,46,
46,47,57,
58,57,47,
47,48,58,
59,58,48,
48,49,59,
60,59,49,
49,50,60,
62,61,51,
51,52,62,
63,62,52,
52,53,63,
64,63,53,
53,54,64,
65,64,54,
54,55,65,
66,65,55,
55,56,66,
67,66,56,
56,57,67,
68,67,57,
57,58,68,
69,68,58,
58,59,69,
70,69,59,
59,60,70,
72,71,61,
61,62,72,
73,72,62,
62,63,73,
74,73,63,
63,64,74,
75,74,64,
64,65,75,
76,75,65,
65,66,76,
77,76,66,
66,67,77,
78,77,67,
67,68,78,
79,78,68,
68,69,79,
80,79,69,
69,70,80,
82,81,71,
71,72,82,
83,82,72,
72,73,83,
84,83,73,
73,74,84,
85,84,74,
74,75,85,
86,85,75,
75,76,86,
87,86,76,
76,77,87,
88,87,77,
77,78,88,
89,88,78,
78,79,89,
90,89,79,
79,80,90,
92,91,81,
81,82,92,
93,92,82,
82,83,93,
94,93,83,
83,84,94,
95,94,84,
84,85,95,
96,95,85,
85,86,96,
97,96,86,
86,87,97,
98,97,87,
87,88,98,
99,98,88,
88,89,99,
100,99,89,
89,90,100,
102,101,91,
91,92,102,
103,102,92,
92,93,103,
104,103,93,
93,94,104,
105,104,94,
94,95,105,
106,105,95,
95,96,106,
107,106,96,
96,97,107,
108,107,97,
97,98,108,
109,108,98,
98,99,109,
110,109,99,
99,100,110,
112,111,101,
101,102,112,
113,112,102,
102,103,113,
114,113,103,
103,104,114,
115,114,104,
104,105,115,
116,115,105,
105,106,116,
117,116,106,
106,107,117,
118,117,107,
107,108,118,
119,118,108,
108,109,119,
120,119,109,
109,110,120,
122,121,111,
111,112,122,
123,122,112,
112,113,123,
124,123,113,
113,114,124,
125,124,114,
114,115,125,
126,125,115,
115,116,126,
127,126,116,
116,117,127,
128,127,117,
117,118,128,
129,128,118,
118,119,129,
130,129,119,
119,120,130,
132,131,121,
121,122,132,
133,132,122,
122,123,133,
134,133,123,
123,124,134,
135,134,124,
124,125,135,
136,135,125,
125,126,136,
137,136,126,
126,127,137,
138,137,127,
127,128,138,
139,138,128,
128,129,139,
140,139,129,
129,130,140,
142,141,131,
131,132,142,
143,142,132,
132,133,143,
144,143,133,
133,134,144,
145,144,134,
134,135,145,
146,145,135,
135,136,146,
147,146,136,
136,137,147,
148,147,137,
137,138,148,
149,148,138,
138,139,149,
150,149,139,
139,140,150,
152,151,141,
141,142,152,
153,152,142,
142,143,153,
154,153,143,
143,144,154,
155,154,144,
144,145,155,
156,155,145,
145,146,156,
157,156,146,
146,147,157,
158,157,147,
147,148,158,
159,158,148,
148,149,159,
160,159,149,
149,150,160,
162,161,151,
151,152,162,
163,162,152,
152,153,163,
164,163,153,
153,154,164,
165,164,154,
154,155,165,
166,165,155,
155,156,166,
167,166,156,
156,157,167,
168,167,157,
157,158,168,
169,168,158,
158,159,169,
170,169,159,
159,160,170,
171,181,182,
182,172,171,
172,182,183,
183,173,172,
173,183,184,
184,174,173,
174,184,185,
185,175,174,
175,185,186,
186,176,175,
176,186,187,
187,177,176,
177,187,188,
188,178,177,
178,188,189,
189,179,178,
179,189,190,
190,180,179,
181,191,192,
192,182,181,
182,192,193,
193,183,182,
183,193,194,
194,184,183,
184,194,195,
195,185,184,
185,195,196,
196,186,185,
186,196,197,
197,187,186,
187,197,198,
198,188,187,
188,198,199,
199,189,188,
189,199,200,
200,190,189,
191,201,202,
202,192,191,
192,202,203,
203,193,192,
193,203,204,
204,194,193,
194,204,205,
205,195,194,
195,205,206,
206,196,195,
196,206,207,
207,197,196,
197,207,208,
208,198,197,
198,208,209,
209,199,198,
199,209,210,
210,200,199,
201,211,212,
212,202,201,
202,212,213,
213,203,202,
203,213,214,
214,204,203,
204,214,215,
215,205,204,
205,215,216,
216,206,205,
206,216,217,
217,207,206,
207,217,218,
218,208,207,
208,218,219,
219,209,208,
209,219,220,
220,210,209,
211,221,222,
222,212,211,
212,222,223,
223,213,212,
213,223,224,
224,214,213,
214,224,225,
225,215,214,
215,225,226,
226,216,215,
216,226,227,
227,217,216,
217,227,228,
228,218,217,
218,228,229,
229,219,218,
219,229,230,
230,220,219,
221,231,232,
232,222,221,
222,232,233,
233,223,222,
223,233,234,
234,224,223,
224,234,235,
235,225,224,
225,235,236,
236,226,225,
226,236,237,
237,227,226,
227,237,238,
238,228,227,
228,238,239,
239,229,228,
229,239,240,
240,230,229,
231,241,242,
242,232,231,
232,242,243,
243,233,232,
233,243,244,
244,234,233,
234,244,245,
245,235,234,
235,245,246,
246,236,235,
236,246,247,
247,237,236,
237,247,248,
248,238,237,
238,248,249,
249,239,238,
239,249,250,
250,240,239,
241,251,252,
252,242,241,
242,252,253,
253,243,242,
243,253,254,
254,244,243,
244,254,255,
255,245,244,
245,255,256,
256,246,245,
246,256,257,
257,247,246,
247,257,258,
258,248,247,
248,258,259,
259,249,248,
249,259,260,
260,250,249,
251,261,262,
262,252,251,
252,262,263,
263,253,252,
253,263,264,
264,254,253,
254,264,265,
265,255,254,
255,265,266,
266,256,255,
256,266,267,
267,257,256,
257,267,268,
268,258,257,
258,268,269,
269,259,258,
259,269,270,
270,260,259,
261,271,272,
272,262,261,
262,272,273,
273,263,262,
263,273,274,
274,264,263,
264,274,275,
275,265,264,
265,275,276,
276,266,265,
266,276,277,
277,267,266,
267,277,278,
278,268,267,
268,278,279,
279,269,268,
269,279,280,
280,270,269,
271,281,282,
282,272,271,
272,282,283,
283,273,272,
273,283,284,
284,274,273,
274,284,285,
285,275,274,
275,285,286,
286,276,275,
276,286,287,
287,277,276,
277,287,288,
288,278,277,
278,288,289,
289,279,278,
279,289,290,
290,280,279,
281,291,292,
292,282,281,
282,292,293,
293,283,282,
283,293,294,
294,284,283,
284,294,295,
295,285,284,
285,295,296,
296,286,285,
286,296,297,
297,287,286,
287,297,298,
298,288,287,
288,298,299,
299,289,288,
289,299,300,
300,290,289,
291,301,302,
302,292,291,
292,302,303,
303,293,292,
293,303,304,
304,294,293,
294,304,305,
305,295,294,
295,305,306,
306,296,295,
296,306,307,
307,297,296,
297,307,308,
308,298,297,
298,308,309,
309,299,298,
299,309,310,
310,300,299,
301,311,312,
312,302,301,
302,312,313,
313,303,302,
303,313,314,
314,304,303,
304,314,315,
315,305,304,
305,315,316,
316,306,305,
306,316,317,
317,307,306,
307,317,318,
318,308,307,
308,318,319,
319,309,308,
309,319,320,
320,310,309,
311,321,322,
322,312,311,
312,322,323,
323,313,312,
313,323,324,
324,314,313,
314,324,325,
325,315,314,
315,325,326,
326,316,315,
316,326,327,
327,317,316,
317,327,328,
328,318,317,
318,328,329,
329,319,318,
319,329,330,
330,320,319,
321,161,162,
162,322,321,
322,162,163,
163,323,322,
323,163,164,
164,324,323,
324,164,165,
165,325,324,
325,165,166,
166,326,325,
326,166,167,
167,327,326,
327,167,168,
168,328,327,
328,168,169,
169,329,328,
329,169,170,
170,330,329,
360,359,331,
331,332,360,
361,360,332,
332,333,361,
362,361,333,
333,334,362,
363,362,334,
334,335,363,
364,363,335,
335,336,364,
365,364,336,
336,337,365,
366,365,337,
337,338,366,
367,366,338,
338,339,367,
368,367,339,
339,340,368,
369,368,340,
340,341,369,
370,369,341,
341,342,370,
371,370,342,
342,343,371,
372,371,343,
343,344,372,
373,372,344,
344,345,373,
374,373,345,
345,346,374,
375,374,346,
346,347,375,
376,375,347,
347,348,376,
377,376,348,
348,349,377,
378,377,349,
349,350,378,
379,378,350,
350,351,379,
380,379,351,
351,352,380,
381,380,352,
352,353,381,
382,381,353,
353,354,382,
383,382,354,
354,355,383,
384,383,355,
355,356,384,
385,384,356,
356,357,385,
386,385,357,
357,358,386,
388,387,359,
359,360,388,
389,388,360,
360,361,389,
390,389,361,
361,362,390,
391,390,362,
362,363,391,
392,391,363,
363,364,392,
393,392,364,
364,365,393,
394,393,365,
365,366,394,
395,394,366,
366,367,395,
396,395,367,
367,368,396,
397,396,368,
368,369,397,
398,397,369,
369,370,398,
399,398,370,
370,371,399,
400,399,371,
371,372,400,
401,400,372,
372,373,401,
402,401,373,
373,374,402,
403,402,374,
374,375,403,
404,403,375,
375,376,404,
405,404,376,
376,377,405,
406,405,377,
377,378,406,
407,406,378,
378,379,407,
408,407,379,
379,380,408,
409,408,380,
380,381,409,
410,409,381,
381,382,410,
411,410,382,
382,383,411,
412,411,383,
383,384,412,
413,412,384,
384,385,413,
414,413,385,
385,386,414,
416,415,387,
387,388,416,
417,416,388,
388,389,417,
418,417,389,
389,390,418,
419,418,390,
390,391,419,
420,419,391,
391,392,420,
421,420,392,
392,393,421,
422,421,393,
393,394,422,
423,422,394,
394,395,423,
424,423,395,
395,396,424,
425,424,396,
396,397,425,
426,425,397,
397,398,426,
427,426,398,
398,399,427,
428,427,399,
399,400,428,
429,428,400,
400,401,429,
430,429,401,
401,402,430,
431,430,402,
402,403,431,
432,431,403,
403,404,432,
433,432,404,
404,405,433,
434,433,405,
405,406,434,
435,434,406,
406,407,435,
436,435,407,
407,408,436,
437,436,408,
408,409,437,
438,437,409,
409,410,438,
439,438,410,
410,411,439,
440,439,411,
411,412,440,
441,440,412,
412,413,441,
442,441,413,
413,414,442,
444,443,415,
415,416,444,
445,444,416,
416,417,445,
446,445,417,
417,418,446,
447,446,418,
418,419,447,
448,447,419,
419,420,448,
449,448,420,
420,421,449,
450,449,421,
421,422,450,
451,450,422,
422,423,451,
452,451,423,
423,424,452,
453,452,424,
424,425,453,
454,453,425,
425,426,454,
455,454,426,
426,427,455,
456,455,427,
427,428,456,
457,456,428,
428,429,457,
458,457,429,
429,430,458,
459,458,430,
430,431,459,
460,459,431,
431,432,460,
461,460,432,
432,433,461,
462,461,433,
433,434,462,
463,462,434,
434,435,463,
464,463,435,
435,436,464,
465,464,436,
436,437,465,
466,465,437,
437,438,466,
467,466,438,
438,439,467,
468,467,439,
439,440,468,
469,468,440,
440,441,469,
470,469,441,
441,442,470,
472,471,443,
443,444,472,
473,472,444,
444,445,473,
474,473,445,
445,446,474,
475,474,446,
446,447,475,
476,475,447,
447,448,476,
477,476,448,
448,449,477,
478,477,449,
449,450,478,
479,478,450,
450,451,479,
480,479,451,
451,452,480,
481,480,452,
452,453,481,
482,481,453,
453,454,482,
483,482,454,
454,455,483,
484,483,455,
455,456,484,
485,484,456,
456,457,485,
486,485,457,
457,458,486,
487,486,458,
458,459,487,
488,487,459,
459,460,488,
489,488,460,
460,461,489,
490,489,461,
461,462,490,
491,490,462,
462,463,491,
492,491,463,
463,464,492,
493,492,464,
464,465,493,
494,493,465,
465,466,494,
495,494,466,
466,467,495,
496,495,467,
467,468,496,
497,496,468,
468,469,497,
498,497,469,
469,470,498,
500,499,471,
471,472,500,
501,500,472,
472,473,501,
502,501,473,
473,474,502,
503,502,474,
474,475,503,
504,503,475,
475,476,504,
505,504,476,
476,477,505,
506,505,477,
477,478,506,
507,506,478,
478,479,507,
508,507,479,
479,480,508,
509,508,480,
480,481,509,
510,509,481,
481,482,510,
511,510,482,
482,483,511,
512,511,483,
483,484,512,
513,512,484,
484,485,513,
514,513,485,
485,486,514,
515,514,486,
486,487,515,
516,515,487,
487,488,516,
517,516,488,
488,489,517,
518,517,489,
489,490,518,
519,518,490,
490,491,519,
520,519,491,
491,492,520,
521,520,492,
492,493,521,
522,521,493,
493,494,522,
523,522,494,
494,495,523,
524,523,495,
495,496,524,
525,524,496,
496,497,525,
526,525,497,
497,498,526,
528,527,499,
499,500,528,
529,528,500,
500,501,529,
530,529,501,
501,502,530,
531,530,502,
502,503,531,
532,531,503,
503,504,532,
533,532,504,
504,505,533,
534,533,505,
505,506,534,
535,534,506,
506,507,535,
536,535,507,
507,508,536,
537,536,508,
508,509,537,
538,537,509,
509,510,538,
539,538,510,
510,511,539,
540,539,511,
511,512,540,
541,540,512,
512,513,541,
542,541,513,
513,514,542,
543,542,514,
514,515,543,
544,543,515,
515,516,544,
545,544,516,
516,517,545,
546,545,517,
517,518,546,
547,546,518,
518,519,547,
548,547,519,
519,520,548,
549,548,520,
520,521,549,
550,549,521,
521,522,550,
551,550,522,
522,523,551,
552,551,523,
523,524,552,
553,552,524,
524,525,553,
554,553,525,
525,526,554,
937,965,966,
966,938,937,
938,966,967,
967,939,938,
939,967,968,
968,940,939,
940,968,969,
969,941,940,
941,969,970,
970,942,941,
942,970,971,
971,943,942,
943,971,972,
972,944,943,
944,972,973,
973,945,944,
945,973,974,
974,946,945,
946,974,975,
975,947,946,
947,975,976,
976,948,947,
948,976,977,
977,949,948,
949,977,978,
978,950,949,
950,978,979,
979,951,950,
951,979,980,
980,952,951,
952,980,981,
981,953,952,
953,981,982,
982,954,953,
954,982,983,
983,955,954,
955,983,984,
984,956,955,
956,984,985,
985,957,956,
957,985,986,
986,958,957,
958,986,987,
987,959,958,
959,987,988,
988,960,959,
960,988,989,
989,961,960,
961,989,990,
990,962,961,
962,990,991,
991,963,962,
963,991,992,
992,964,963,
965,993,994,
994,966,965,
966,994,995,
995,967,966,
967,995,996,
996,968,967,
968,996,997,
997,969,968,
969,997,998,
998,970,969,
970,998,999,
999,971,970,
971,999,1000,
1000,972,971,
972,1000,1001,
1001,973,972,
973,1001,1002,
1002,974,973,
974,1002,1003,
1003,975,974,
975,1003,1004,
1004,976,975,
976,1004,1005,
1005,977,976,
977,1005,1006,
1006,978,977,
978,1006,1007,
1007,979,978,
979,1007,1008,
1008,980,979,
980,1008,1009,
1009,981,980,
981,1009,1010,
1010,982,981,
982,1010,1011,
1011,983,982,
983,1011,1012,
1012,984,983,
984,1012,1013,
1013,985,984,
985,1013,1014,
1014,986,985,
986,1014,1015,
1015,987,986,
987,1015,1016,
1016,988,987,
988,1016,1017,
1017,989,988,
989,1017,1018,
1018,990,989,
990,1018,1019,
1019,991,990,
991,1019,1020,
1020,992,991,
993,1021,1022,
1022,994,993,
994,1022,1023,
1023,995,994,
995,1023,1024,
1024,996,995,
996,1024,1025,
1025,997,996,
997,1025,1026,
1026,998,997,
998,1026,1027,
1027,999,998,
999,1027,1028,
1028,1000,999,
1000,1028,1029,
1029,1001,1000,
1001,1029,1030,
1030,1002,1001,
1002,1030,1031,
1031,1003,1002,
1003,1031,1032,
1032,1004,1003,
1004,1032,1033,
1033,1005,1004,
1005,1033,1034,
1034,1006,1005,
1006,1034,1035,
1035,1007,1006,
1007,1035,1036,
1036,1008,1007,
1008,1036,1037,
1037,1009,1008,
1009,1037,1038,
1038,1010,1009,
1010,1038,1039,
1039,1011,1010,
1011,1039,1040,
1040,1012,1011,
1012,1040,1041,
1041,1013,1012,
1013,1041,1042,
1042,1014,1013,
1014,1042,1043,
1043,1015,1014,
1015,1043,1044,
1044,1016,1015,
1016,1044,1045,
1045,1017,1016,
1017,1045,1046,
1046,1018,1017,
1018,1046,1047,
1047,1019,1018,
1019,1047,1048,
1048,1020,1019,
1021,1049,1050,
1050,1022,1021,
1022,1050,1051,
1051,1023,1022,
1023,1051,1052,
1052,1024,1023,
1024,1052,1053,
1053,1025,1024,
1025,1053,1054,
1054,1026,1025,
1026,1054,1055,
1055,1027,1026,
1027,1055,1056,
1056,1028,1027,
1028,1056,1057,
1057,1029,1028,
1029,1057,1058,
1058,1030,1029,
1030,1058,1059,
1059,1031,1030,
1031,1059,1060,
1060,1032,1031,
1032,1060,1061,
1061,1033,1032,
1033,1061,1062,
1062,1034,1033,
1034,1062,1063,
1063,1035,1034,
1035,1063,1064,
1064,1036,1035,
1036,1064,1065,
1065,1037,1036,
1037,1065,1066,
1066,1038,1037,
1038,1066,1067,
1067,1039,1038,
1039,1067,1068,
1068,1040,1039,
1040,1068,1069,
1069,1041,1040,
1041,1069,1070,
1070,1042,1041,
1042,1070,1071,
1071,1043,1042,
1043,1071,1072,
1072,1044,1043,
1044,1072,1073,
1073,1045,1044,
1045,1073,1074,
1074,1046,1045,
1046,1074,1075,
1075,1047,1046,
1047,1075,1076,
1076,1048,1047,
1049,1077,1078,
1078,1050,1049,
1050,1078,1079,
1079,1051,1050,
1051,1079,1080,
1080,1052,1051,
1052,1080,1081,
1081,1053,1052,
1053,1081,1082,
1082,1054,1053,
1054,1082,1083,
1083,1055,1054,
1055,1083,1084,
1084,1056,1055,
1056,1084,1085,
1085,1057,1056,
1057,1085,1086,
1086,1058,1057,
1058,1086,1087,
1087,1059,1058,
1059,1087,1088,
1088,1060,1059,
1060,1088,1089,
1089,1061,1060,
1061,1089,1090,
1090,1062,1061,
1062,1090,1091,
1091,1063,1062,
1063,1091,1092,
1092,1064,1063,
1064,1092,1093,
1093,1065,1064,
1065,1093,1094,
1094,1066,1065,
1066,1094,1095,
1095,1067,1066,
1067,1095,1096,
1096,1068,1067,
1068,1096,1097,
1097,1069,1068,
1069,1097,1098,
1098,1070,1069,
1070,1098,1099,
1099,1071,1070,
1071,1099,1100,
1100,1072,1071,
1072,1100,1101,
1101,1073,1072,
1073,1101,1102,
1102,1074,1073,
1074,1102,1103,
1103,1075,1074,
1075,1103,1104,
1104,1076,1075,
1077,1105,1106,
1106,1078,1077,
1078,1106,1107,
1107,1079,1078,
1079,1107,1108,
1108,1080,1079,
1080,1108,1109,
1109,1081,1080,
1081,1109,1110,
1110,1082,1081,
1082,1110,1111,
1111,1083,1082,
1083,1111,1112,
1112,1084,1083,
1084,1112,1113,
1113,1085,1084,
1085,1113,1114,
1114,1086,1085,
1086,1114,1115,
1115,1087,1086,
1087,1115,1116,
1116,1088,1087,
1088,1116,1117,
1117,1089,1088,
1089,1117,1118,
1118,1090,1089,
1090,1118,1119,
1119,1091,1090,
1091,1119,1120,
1120,1092,1091,
1092,1120,1121,
1121,1093,1092,
1093,1121,1122,
1122,1094,1093,
1094,1122,1123,
1123,1095,1094,
1095,1123,1124,
1124,1096,1095,
1096,1124,1125,
1125,1097,1096,
1097,1125,1126,
1126,1098,1097,
1098,1126,1127,
1127,1099,1098,
1099,1127,1128,
1128,1100,1099,
1100,1128,1129,
1129,1101,1100,
1101,1129,1130,
1130,1102,1101,
1102,1130,1131,
1131,1103,1102,
1103,1131,1132,
1132,1104,1103,
1105,1133,1134,
1134,1106,1105,
1106,1134,1135,
1135,1107,1106,
1107,1135,1136,
1136,1108,1107,
1108,1136,1137,
1137,1109,1108,
1109,1137,1138,
1138,1110,1109,
1110,1138,1139,
1139,1111,1110,
1111,1139,1140,
1140,1112,1111,
1112,1140,1141,
1141,1113,1112,
1113,1141,1142,
1142,1114,1113,
1114,1142,1143,
1143,1115,1114,
1115,1143,1144,
1144,1116,1115,
1116,1144,1145,
1145,1117,1116,
1117,1145,1146,
1146,1118,1117,
1118,1146,1147,
1147,1119,1118,
1119,1147,1148,
1148,1120,1119,
1120,1148,1149,
1149,1121,1120,
1121,1149,1150,
1150,1122,1121,
1122,1150,1151,
1151,1123,1122,
1123,1151,1152,
1152,1124,1123,
1124,1152,1153,
1153,1125,1124,
1125,1153,1154,
1154,1126,1125,
1126,1154,1155,
1155,1127,1126,
1127,1155,1156,
1156,1128,1127,
1128,1156,1157,
1157,1129,1128,
1129,1157,1158,
1158,1130,1129,
1130,1158,1159,
1159,1131,1130,
1131,1159,1160,
1160,1132,1131,
698,725,774,
608,625,781,
810,560,877,
730,673,740,
608,557,625,
753,664,768,
721,669,846,
685,783,788,
783,706,788,
721,734,900,
669,721,797,
841,692,886,
727,665,787,
676,726,736,
643,642,851,
664,737,768,
729,688,807,
743,666,820,
695,726,760,
725,698,857,
631,630,754,
736,643,851,
692,767,886,
671,745,803,
729,807,873,
701,743,820,
655,731,755,
866,723,871,
660,567,744,
626,559,855,
655,654,731,
726,695,845,
705,780,824,
832,681,856,
667,762,834,
743,688,765,
673,724,835,
599,761,796,
672,866,871,
734,662,900,
631,754,878,
735,697,871,
562,749,839,
638,637,733,
728,690,810,
647,756,862,
673,730,844,
814,640,833,
733,637,770,
559,751,855,
850,662,853,
780,704,782,
728,810,877,
771,681,832,
675,752,757,
678,727,787,
572,573,740,
726,676,760,
725,857,889,
843,718,927,
647,646,756,
857,663,889,
780,661,824,
715,671,842,
666,743,765,
720,881,808,
680,753,768,
635,809,828,
727,678,777,
718,843,886,
599,600,761,
688,729,765,
563,562,839,
590,589,742,
707,749,910,
723,735,871,
732,663,794,
834,762,892,
665,727,861,
720,858,881,
750,561,818,
737,686,768,
671,715,806,
695,818,845,
629,628,746,
803,663,927,
734,721,846,
724,673,844,
662,734,853,
661,780,782,
748,723,866,
745,700,803,
663,732,927,
674,725,792,
749,562,862,
760,676,875,
786,762,874,
698,774,881,
750,695,784,
735,621,883,
659,565,870,
568,660,805,
686,737,785,
773,612,783,
684,762,786,
564,649,747,
858,698,881,
572,740,848,
732,843,927,
744,567,799,
752,617,757,
665,776,787,
749,614,910,
758,682,804,
687,724,844,
749,707,839,
637,636,770,
580,581,755,
729,778,920,
656,655,755,
742,589,876,
730,687,844,
621,735,880,
641,814,851,
760,875,926,
773,685,778,
641,640,814,
724,747,835,
722,850,853,
635,634,809,
724,687,822,
862,756,933,
642,641,851,
663,803,889,
753,680,800,
688,743,835,
690,728,893,
687,730,812,
676,797,875,
651,650,764,
792,725,889,
722,859,917,
780,705,859,
660,744,805,
709,789,821,
638,733,790,
727,703,861,
742,876,924,
778,685,920,
613,612,773,
730,574,812,
604,605,758,
746,683,830,
731,654,816,
588,555,826,
606,607,763,
798,888,904,
752,675,899,
708,749,862,
615,614,749,
700,741,792,
761,699,831,
783,611,912,
565,584,799,
742,681,771,
777,597,813,
754,715,878,
725,674,831,
627,626,855,
674,761,831,
745,671,806,
708,757,928,
755,581,793,
643,736,837,
707,773,778,
695,750,818,
711,752,834,
743,673,835,
618,617,752,
716,814,833,
894,801,909,
718,803,927,
758,605,863,
685,773,783,
697,735,882,
575,576,759,
741,700,879,
574,730,922,
563,778,873,
825,559,919,
798,710,888,
876,709,924,
612,611,783,
665,741,879,
664,798,801,
836,627,855,
555,569,826,
741,674,792,
678,775,777,
601,779,854,
601,602,779,
795,571,848,
712,801,894,
806,683,930,
703,727,813,
596,597,777,
564,747,918,
809,713,828,
702,763,791,
656,755,793,
751,559,825,
740,573,922,
733,770,905,
727,777,813,
815,689,932,
593,594,751,
689,781,932,
782,677,858,
789,694,821,
763,689,791,
584,565,867,
738,825,919,
741,665,861,
715,754,806,
702,758,863,
764,650,822,
633,632,766,
834,752,899,
775,596,777,
650,564,918,
571,572,848,
733,686,790,
750,675,756,
684,882,883,
737,664,895,
740,673,869,
747,649,807,
691,751,891,
794,663,857,
708,862,933,
595,596,775,
779,699,854,
617,616,757,
581,582,793,
757,616,928,
621,620,883,
797,721,875,
561,750,887,
779,714,838,
746,628,810,
683,746,915,
770,680,905,
745,806,930,
695,760,923,
778,729,873,
749,708,928,
754,630,830,
752,711,921,
692,766,842,
795,701,820,
676,736,872,
683,754,830,
703,741,861,
738,592,825,
736,726,837,
675,750,784,
720,782,858,
701,740,869,
817,696,819,
694,795,820,
717,817,819,
558,590,840,
609,558,840,
671,767,842,
679,780,859,
761,674,796,
688,747,807,
686,733,905,
798,704,801,
797,676,872,
859,705,917,
629,746,830,
776,690,787,
657,656,793,
569,570,789,
610,609,771,
759,687,812,
730,740,922,
608,781,868,
757,708,933,
560,627,877,
763,607,868,
604,758,804,
751,691,855,
611,610,832,
882,735,883,
590,742,840,
888,677,904,
673,743,869,
829,722,917,
838,714,902,
722,829,850,
767,692,842,
666,765,788,
723,748,896,
675,757,933,
747,724,918,
607,608,868,
741,703,906,
748,623,896,
599,796,890,
740,701,848,
639,638,790,
687,764,822,
706,832,856,
719,762,926,
620,619,802,
762,667,926,
679,894,909,
711,834,892,
568,805,901,
778,563,839,
754,683,806,
716,785,847,
666,769,820,
582,583,827,
654,653,816,
646,561,887,
829,697,850,
713,809,841,
743,701,869,
735,723,880,
762,719,874,
774,670,881,
793,582,827,
814,716,847,
750,756,887,
766,692,852,
681,742,924,
597,598,813,
593,751,825,
575,759,812,
809,692,841,
755,731,929,
580,755,929,
693,814,847,
747,688,835,
576,577,885,
827,583,867,
769,694,820,
618,752,921,
603,604,804,
611,832,912,
665,879,930,
789,709,826,
843,668,886,
592,593,825,
736,851,872,
751,594,891,
668,841,886,
670,774,838,
569,789,826,
728,849,893,
615,749,928,
768,686,905,
574,575,812,
649,648,807,
628,560,810,
630,629,830,
851,693,872,
732,794,888,
823,705,824,
797,693,847,
769,681,821,
770,636,828,
756,675,933,
578,579,811,
766,632,878,
759,576,885,
875,719,926,
800,713,841,
653,652,934,
585,586,744,
776,665,930,
577,819,885,
788,706,913,
799,567,870,
772,672,823,
710,753,860,
682,758,916,
689,763,868,
774,699,838,
865,737,895,
674,741,906,
785,669,847,
756,646,887,
763,702,863,
584,585,799,
813,598,890,
775,678,849,
744,586,805,
794,677,888,
634,633,852,
811,579,929,
687,759,931,
610,771,832,
690,746,810,
573,574,922,
639,790,833,
712,865,895,
774,725,831,
753,800,860,
664,753,908,
802,684,883,
561,645,818,
606,763,863,
699,774,831,
775,691,891,
694,769,821,
652,817,934,
785,716,911,
742,771,840,
781,689,868,
731,811,929,
699,761,854,
707,778,839,
669,797,847,
759,696,931,
623,622,896,
773,707,910,
758,702,916,
681,769,856,
583,584,867,
686,785,911,
784,695,923,
809,634,852,
622,621,880,
696,759,885,
753,710,908,
622,880,896,
657,793,827,
699,779,838,
764,696,864,
764,687,931,
633,766,852,
715,766,878,
696,764,931,
668,800,841,
691,775,849,
592,738,884,
761,600,854,
598,599,890,
728,836,849,
680,768,905,
570,571,897,
714,779,898,
849,678,893,
786,662,850,
701,795,848,
636,635,828,
814,693,851,
700,745,879,
658,657,827,
651,764,864,
879,745,930,
585,744,799,
620,802,883,
640,639,833,
711,802,921,
652,651,864,
662,786,874,
690,776,915,
803,700,889,
765,729,920,
784,667,834,
710,843,888,
746,690,915,
717,811,816,
644,643,837,
811,731,816,
571,795,897,
804,714,898,
807,648,873,
703,813,890,
565,658,867,
822,650,918,
586,587,935,
658,827,867,
846,712,894,
769,666,913,
766,715,842,
816,653,934,
779,602,898,
672,772,866,
591,592,884,
698,794,857,
600,601,854,
706,856,913,
645,644,845,
693,797,872,
704,780,909,
818,645,845,
843,732,888,
788,765,920,
782,704,904,
780,679,909,
677,782,904,
767,671,925,
697,786,850,
787,690,893,
694,789,897,
603,804,898,
613,773,910,
734,846,894,
685,788,920,
577,578,907,
767,718,886,
667,784,923,
595,775,891,
605,606,863,
644,837,845,
794,698,858,
562,647,862,
880,723,896,
771,609,840,
795,694,897,
817,652,864,
677,794,858,
713,800,914,
700,792,889,
594,595,891,
718,767,925,
684,802,892,
706,783,912,
802,711,892,
781,625,932,
802,619,921,
786,697,882,
923,760,926,
616,615,928,
680,770,914,
619,618,921,
614,613,910,
587,556,903,
800,680,914,
648,563,873,
589,588,876,
664,801,895,
556,591,903,
805,739,901,
602,603,898,
632,631,878,
903,739,935,
684,786,882,
692,809,852,
785,737,865,
625,624,932,
762,684,892,
836,691,849,
853,679,859,
712,846,865,
567,659,870,
669,785,865,
801,712,895,
579,580,929,
805,586,935,
671,803,925,
798,664,908,
829,672,871,
588,826,876,
678,787,893,
703,796,906,
666,788,913,
696,817,864,
667,923,926,
843,710,860,
796,674,906,
789,570,897,
800,668,860,
796,703,890,
811,717,907,
819,577,907,
578,811,907,
710,798,908,
833,790,911,
837,726,845,
770,828,914,
803,718,925,
722,853,859,
790,686,911,
819,696,885,
724,822,918,
683,915,930,
668,843,860,
846,669,865,
670,808,881,
828,713,914,
826,709,876,
884,738,901,
836,728,877,
853,734,894,
709,821,924,
587,903,935,
832,706,912,
717,816,934,
565,799,870,
697,829,871,
675,784,899,
823,672,917,
670,838,902,
704,798,904,
705,823,917,
679,853,894,
801,704,909,
821,681,924,
915,776,930,
691,836,855,
739,884,901,
717,819,907,
627,836,877,
875,721,900,
624,815,932,
817,717,934,
884,739,903,
784,834,899,
719,875,900,
568,901,919,
874,719,900,
856,769,913,
672,829,917,
716,833,911,
662,874,900,
739,805,935,
591,884,903,
901,738,919,
559,568,919,
659,936,565,
659,566,936,
1361,1312,1285,
1368,625,1212,
1464,1164,1397,
1327,1260,1317,
625,557,1212,
1355,1251,1340,
1433,1256,1308,
1375,1370,1272,
1375,1293,1370,
1487,1321,1308,
1384,1308,1256,
1473,1279,1428,
1374,1252,1314,
1323,1313,1263,
1438,1229,1230,
1355,1324,1251,
1394,1275,1316,
1407,1253,1330,
1347,1313,1282,
1444,1285,1312,
1341,1217,1218,
1438,1230,1323,
1473,1354,1279,
1390,1332,1258,
1460,1394,1316,
1407,1330,1288,
1342,1318,1242,
1458,1310,1453,
1331,1171,1247,
1442,1163,1213,
1318,1241,1242,
1432,1282,1313,
1411,1367,1292,
1443,1268,1419,
1421,1349,1254,
1352,1275,1330,
1422,1311,1260,
1383,1348,1203,
1458,1453,1259,
1487,1249,1321,
1465,1341,1218,
1458,1284,1322,
1426,1336,1166,
1320,1224,1225,
1397,1277,1315,
1449,1343,1234,
1431,1317,1260,
1420,1227,1401,
1357,1224,1320,
1442,1338,1163,
1440,1249,1437,
1369,1291,1367,
1464,1397,1315,
1419,1268,1358,
1344,1339,1262,
1374,1314,1265,
1327,1177,1176,
1347,1263,1313,
1476,1444,1312,
1514,1305,1430,
1343,1233,1234,
1476,1250,1444,
1411,1248,1367,
1429,1258,1302,
1352,1330,1253,
1395,1468,1307,
1355,1340,1267,
1415,1396,1222,
1364,1265,1314,
1473,1430,1305,
1348,1204,1203,
1352,1316,1275,
1426,1166,1167,
1329,1193,1194,
1497,1336,1294,
1458,1322,1310,
1381,1250,1319,
1479,1349,1421,
1448,1314,1252,
1468,1445,1307,
1405,1165,1337,
1355,1273,1324,
1393,1302,1258,
1432,1405,1282,
1333,1215,1216,
1514,1250,1390,
1433,1308,1321,
1431,1260,1311,
1440,1321,1249,
1369,1367,1248,
1453,1310,1335,
1390,1287,1332,
1514,1319,1250,
1379,1312,1261,
1449,1166,1336,
1462,1263,1347,
1461,1349,1373,
1468,1361,1285,
1371,1282,1337,
1470,621,1322,
1457,1169,1246,
1392,1247,1172,
1372,1324,1273,
1370,612,1360,
1373,1349,1271,
1334,1236,1168,
1468,1285,1445,
1435,1327,1176,
1514,1430,1319,
1386,1171,1331,
1344,617,1339,
1374,1363,1252,
1497,614,1336,
1391,1269,1345,
1431,1311,1274,
1426,1294,1336,
1357,1223,1224,
1342,1185,1184,
1507,1365,1316,
1342,1242,1243,
1463,1193,1329,
1431,1274,1317,
1467,1322,621,
1438,1401,1228,
1513,1462,1347,
1365,1272,1360,
1401,1227,1228,
1422,1334,1311,
1440,1437,1309,
1396,1221,1222,
1409,1274,1311,
1520,1343,1449,
1438,1228,1229,
1476,1390,1250,
1387,1267,1340,
1422,1330,1275,
1480,1315,1277,
1399,1317,1274,
1462,1384,1263,
1351,1237,1238,
1476,1312,1379,
1504,1446,1309,
1446,1292,1367,
1392,1331,1247,
1408,1376,1296,
1377,1320,1225,
1448,1290,1314,
1511,1463,1329,
1507,1272,1365,
1360,612,613,
1399,1178,1317,
1345,1209,1208,
1417,1270,1333,
1403,1241,1318,
1413,1161,1192,
1350,1211,1210,
1491,1475,1385,
1486,1262,1339,
1449,1336,1295,
1336,614,615,
1379,1328,1287,
1418,1286,1348,
1499,611,1370,
1386,1188,1169,
1358,1268,1329,
1400,1201,1364,
1465,1302,1341,
1418,1261,1312,
1442,1213,1214,
1418,1348,1261,
1393,1258,1332,
1515,1344,1295,
1380,1185,1342,
1424,1323,1230,
1365,1360,1294,
1405,1337,1282,
1421,1339,1298,
1422,1260,1330,
1339,617,618,
1420,1401,1303,
1496,1388,1481,
1514,1390,1305,
1450,1209,1345,
1370,1360,1272,
1469,1322,1284,
1346,1180,1179,
1466,1287,1328,
1509,1317,1178,
1460,1365,1167,
1506,1163,1412,
1475,1297,1385,
1511,1296,1463,
1370,611,612,
1466,1328,1252,
1388,1385,1251,
1442,1214,1423,
1413,1173,1161,
1379,1261,1328,
1364,1362,1265,
1441,1366,1205,
1366,1206,1205,
1435,1175,1382,
1481,1388,1299,
1517,1270,1393,
1400,1314,1290,
1364,1201,1200,
1505,1334,1168,
1415,1300,1396,
1378,1350,1289,
1380,1342,1243,
1412,1163,1338,
1509,1177,1327,
1492,1357,1320,
1400,1364,1314,
1519,1276,1402,
1338,1198,1197,
1519,1368,1276,
1445,1264,1369,
1408,1281,1376,
1378,1276,1350,
1454,1169,1188,
1506,1412,1325,
1448,1252,1328,
1393,1341,1302,
1450,1345,1289,
1409,1237,1351,
1353,1219,1220,
1486,1339,1421,
1364,1200,1362,
1505,1168,1237,
1435,1176,1175,
1377,1273,1320,
1343,1262,1337,
1470,1469,1271,
1482,1251,1324,
1456,1260,1327,
1394,1236,1334,
1478,1338,1278,
1444,1250,1381,
1520,1449,1295,
1362,1200,1199,
1441,1286,1366,
1344,616,617,
1380,1186,1185,
1515,616,1344,
1470,620,621,
1462,1308,1384,
1474,1337,1165,
1425,1301,1366,
1397,1215,1333,
1502,1333,1270,
1492,1267,1357,
1517,1393,1332,
1510,1347,1282,
1460,1316,1365,
1515,1295,1336,
1417,1217,1341,
1508,1298,1339,
1429,1353,1279,
1407,1288,1382,
1459,1323,1263,
1417,1341,1270,
1448,1328,1290,
1412,1196,1325,
1424,1313,1323,
1371,1337,1262,
1445,1369,1307,
1456,1327,1288,
1406,1283,1404,
1407,1382,1281,
1406,1404,1304,
1427,1194,558,
1427,558,609,
1429,1354,1258,
1446,1367,1266,
1383,1261,1348,
1394,1334,1275,
1492,1320,1273,
1388,1291,1385,
1459,1263,1384,
1504,1292,1446,
1417,1333,1216,
1374,1277,1363,
1380,1243,1244,
1376,1174,1173,
1358,609,610,
1399,1274,1346,
1509,1327,1317,
1455,1368,1212,
1520,1295,1344,
1464,1214,1164,
1455,1211,1350,
1391,1345,1208,
1442,1278,1338,
1419,610,611,
1470,1322,1469,
1427,1329,1194,
1491,1264,1475,
1456,1330,1260,
1504,1309,1416,
1489,1301,1425,
1437,1416,1309,
1429,1279,1354,
1375,1352,1253,
1483,1335,1310,
1520,1344,1262,
1505,1311,1334,
1455,1212,1211,
1493,1290,1328,
1483,623,1335,
1477,1383,1203,
1435,1288,1327,
1377,1225,1226,
1409,1351,1274,
1443,1419,1293,
1513,1349,1306,
1389,619,620,
1513,1254,1349,
1496,1481,1266,
1479,1421,1298,
1488,1392,1172,
1426,1167,1365,
1393,1270,1341,
1434,1372,1303,
1407,1356,1253,
1414,1187,1186,
1403,1240,1241,
1474,1165,1233,
1437,1284,1416,
1428,1396,1300,
1456,1288,1330,
1467,1310,1322,
1461,1306,1349,
1468,1257,1361,
1414,1186,1380,
1434,1303,1401,
1474,1343,1337,
1439,1279,1353,
1511,1329,1268,
1400,1202,1201,
1412,1338,1197,
1399,1346,1179,
1428,1279,1396,
1516,1318,1342,
1516,1342,1184,
1434,1401,1280,
1422,1275,1334,
1472,1181,1180,
1454,1187,1414,
1407,1281,1356,
1508,1339,618,
1391,1208,1207,
1499,1419,611,
1517,1466,1252,
1413,1296,1376,
1473,1255,1430,
1412,1197,1196,
1459,1438,1323,
1478,1198,1338,
1473,1428,1255,
1425,1361,1257,
1413,1376,1173,
1480,1436,1315,
1515,1336,615,
1492,1273,1355,
1399,1179,1178,
1394,1235,1236,
1397,1164,1215,
1417,1216,1217,
1459,1280,1438,
1475,1381,1319,
1411,1292,1410,
1434,1280,1384,
1408,1268,1356,
1415,1223,1357,
1520,1262,1343,
1398,1183,1182,
1465,1219,1353,
1472,1180,1346,
1513,1306,1462,
1428,1300,1387,
1521,1239,1240,
1331,1190,1189,
1517,1252,1363,
1472,1406,1181,
1500,1293,1375,
1457,1171,1386,
1410,1259,1359,
1447,1340,1297,
1503,1345,1269,
1455,1350,1276,
1425,1286,1361,
1482,1324,1452,
1493,1328,1261,
1434,1256,1372,
1474,1233,1343,
1450,1289,1350,
1386,1189,1188,
1477,1202,1400,
1436,1265,1362,
1392,1190,1331,
1475,1264,1381,
1439,1220,1221,
1516,1183,1398,
1518,1346,1274,
1419,1358,610,
1397,1333,1277,
1509,1178,1177,
1420,1377,1226,
1482,1452,1299,
1418,1312,1361,
1447,1387,1340,
1495,1340,1251,
1470,1271,1389,
1405,1232,1165,
1450,1350,1210,
1418,1361,1286,
1478,1278,1362,
1408,1356,1281,
1521,1404,1239,
1498,1303,1372,
1427,1358,1329,
1455,1276,1368,
1516,1398,1318,
1441,1348,1286,
1426,1365,1294,
1434,1384,1256,
1518,1283,1346,
1483,622,623,
1497,1294,1360,
1503,1289,1345,
1443,1356,1268,
1454,1188,1187,
1498,1372,1273,
1510,1282,1371,
1439,1221,1396,
1467,621,622,
1472,1346,1283,
1495,1297,1340,
1483,1467,622,
1414,1380,1244,
1425,1366,1286,
1451,1283,1351,
1518,1274,1351,
1439,1353,1220,
1465,1353,1302,
1518,1351,1283,
1428,1387,1255,
1436,1362,1278,
1471,1325,1196,
1441,1204,1348,
1477,1203,1202,
1436,1423,1315,
1492,1355,1267,
1484,1175,1174,
1485,1366,1301,
1480,1265,1436,
1437,1249,1373,
1435,1382,1288,
1415,1222,1223,
1438,1280,1401,
1466,1332,1287,
1414,1244,1245,
1451,1351,1238,
1517,1332,1466,
1386,1331,1189,
1470,1389,620,
1420,1226,1227,
1508,1389,1298,
1451,1238,1239,
1461,1373,1249,
1502,1363,1277,
1476,1287,1390,
1507,1316,1352,
1421,1254,1371,
1475,1430,1297,
1502,1277,1333,
1403,1398,1304,
1424,1230,1231,
1403,1318,1398,
1484,1382,1175,
1485,1301,1391,
1460,1235,1394,
1477,1400,1290,
1454,1245,1169,
1505,1237,1409,
1522,1191,1190,
1454,1414,1245,
1481,1299,1433,
1500,1253,1356,
1429,1302,1353,
1521,1240,1403,
1485,1206,1366,
1453,1359,1259,
1471,1196,1195,
1444,1381,1285,
1441,1205,1204,
1500,1443,1293,
1432,1231,1232,
1459,1384,1280,
1496,1367,1291,
1432,1232,1405,
1475,1319,1430,
1507,1352,1375,
1491,1291,1369,
1496,1266,1367,
1491,1369,1264,
1512,1258,1354,
1437,1373,1284,
1480,1277,1374,
1484,1376,1281,
1485,1391,1207,
1497,1360,613,
1481,1433,1321,
1507,1375,1272,
1494,1182,1181,
1473,1305,1354,
1510,1371,1254,
1478,1362,1199,
1450,1210,1209,
1432,1424,1231,
1445,1285,1381,
1449,1234,1166,
1483,1310,1467,
1427,609,1358,
1484,1281,1382,
1451,1239,1404,
1445,1381,1264,
1501,1387,1300,
1476,1379,1287,
1478,1199,1198,
1512,1354,1305,
1479,1389,1271,
1499,1370,1293,
1479,1298,1389,
1519,625,1368,
1508,619,1389,
1469,1284,1373,
1513,1347,1510,
1515,615,616,
1501,1357,1267,
1508,618,619,
1497,613,614,
1490,1162,1191,
1501,1267,1387,
1460,1167,1235,
1463,1192,1193,
1482,1388,1251,
1490,1195,1162,
1488,1326,1392,
1485,1207,1206,
1465,1218,1219,
1522,1326,1490,
1469,1373,1271,
1439,1396,1279,
1452,1324,1372,
1519,624,625,
1479,1271,1349,
1436,1278,1423,
1446,1266,1440,
1452,1433,1299,
1457,1246,1171,
1452,1372,1256,
1482,1299,1388,
1516,1184,1183,
1522,1190,1392,
1512,1390,1258,
1495,1251,1385,
1458,1259,1416,
1463,1413,1192,
1480,1374,1265,
1493,1383,1290,
1500,1375,1253,
1451,1404,1283,
1513,1510,1254,
1447,1297,1430,
1493,1261,1383,
1484,1174,1376,
1447,1255,1387,
1477,1290,1383,
1494,1304,1398,
1494,1181,1406,
1494,1398,1182,
1495,1385,1297,
1498,1377,1420,
1432,1313,1424,
1501,1415,1357,
1512,1305,1390,
1446,1440,1309,
1498,1273,1377,
1472,1283,1406,
1505,1409,1311,
1517,1502,1270,
1447,1430,1255,
1452,1256,1433,
1468,1395,1257,
1501,1300,1415,
1463,1296,1413,
1488,1325,1471,
1464,1315,1423,
1481,1321,1440,
1511,1408,1296,
1522,1490,1191,
1499,1293,1419,
1521,1403,1304,
1457,1386,1169,
1458,1416,1284,
1486,1371,1262,
1504,1259,1410,
1489,1425,1257,
1491,1385,1291,
1504,1410,1292,
1481,1440,1266,
1496,1291,1388,
1511,1268,1408,
1517,1363,1502,
1442,1423,1278,
1488,1471,1326,
1494,1406,1304,
1464,1423,1214,
1487,1308,1462,
1519,1402,624,
1521,1304,1404,
1490,1326,1471,
1486,1421,1371,
1487,1462,1306,
1506,1488,1172,
1487,1306,1461,
1500,1356,1443,
1504,1416,1259,
1498,1420,1303,
1487,1461,1249,
1522,1392,1326,
1490,1471,1195,
1506,1325,1488,
1506,1172,1163,
1169,1523,1246,
1523,1170,1246,
84.85281 ,50.91169 ,
85.95590 ,52.01477 ,
87.05192 ,53.11079 ,
88.15500 ,54.21388 ,
89.25102 ,55.30989 ,
90.35410 ,56.41298 ,
91.45012 ,57.50899 ,
92.55321 ,58.61208 ,
93.64922 ,59.70810 ,
94.75231 ,60.81118 ,
83.79215 ,51.97235 ,
84.89524 ,53.07543 ,
85.99126 ,54.17145 ,
87.09434 ,55.27454 ,
88.19036 ,56.37055 ,
89.29344 ,57.47364 ,
90.38946 ,58.56965 ,
91.49255 ,59.67274 ,
92.58856 ,60.76876 ,
93.69165 ,61.87184 ,
82.73149 ,53.03301 ,
83.83458 ,54.13610 ,
84.93060 ,55.23211 ,
86.03368 ,56.33520 ,
87.12970 ,57.43121 ,
88.23278 ,58.53430 ,
89.32880 ,59.63031 ,
90.43189 ,60.73340 ,
91.52790 ,61.82942 ,
92.63099 ,62.93250 ,
81.67083 ,54.09367 ,
82.77392 ,55.19676 ,
83.86994 ,56.29277 ,
84.97302 ,57.39586 ,
86.06904 ,58.49187 ,
87.17212 ,59.59496 ,
88.26814 ,60.69098 ,
89.37123 ,61.79406 ,
90.46724 ,62.89008 ,
91.57033 ,63.99316 ,
80.61017 ,55.15433 ,
81.71326 ,56.25742 ,
82.80928 ,57.35343 ,
83.91236 ,58.45652 ,
85.00838 ,59.55253 ,
86.11146 ,60.65562 ,
87.20748 ,61.75164 ,
88.31057 ,62.85472 ,
89.40658 ,63.95074 ,
90.50967 ,65.05382 ,
79.54951 ,56.21499 ,
80.65260 ,57.31808 ,
81.74861 ,58.41409 ,
82.85170 ,59.51718 ,
83.94772 ,60.61319 ,
85.05080 ,61.71628 ,
86.14682 ,62.81230 ,
87.24991 ,63.91538 ,
88.34592 ,65.01140 ,
89.44901 ,66.11448 ,
78.48885 ,57.27565 ,
79.59194 ,58.37874 ,
80.68795 ,59.47475 ,
81.79104 ,60.57784 ,
82.88706 ,61.67385 ,
83.99014 ,62.77694 ,
85.08616 ,63.87296 ,
86.18925 ,64.97604 ,
87.28526 ,66.07206 ,
88.38835 ,67.17514 ,
77.42819 ,58.33631 ,
78.53128 ,59.43940 ,
79.62729 ,60.53541 ,
80.73038 ,61.63850 ,
81.82640 ,62.73451 ,
82.92948 ,63.83760 ,
84.02550 ,64.93362 ,
85.12859 ,66.03670 ,
86.22460 ,67.13272 ,
87.32769 ,68.23580 ,
76.36753 ,59.39697 ,
77.47062 ,60.50006 ,
78.56663 ,61.59607 ,
79.66972 ,62.69916 ,
80.76574 ,63.79517 ,
81.86882 ,64.89826 ,
82.96484 ,65.99428 ,
84.06793 ,67.09736 ,
85.16394 ,68.19338 ,
86.26703 ,69.29646 ,
75.30687 ,60.45763 ,
76.40996 ,61.56072 ,
77.50597 ,62.65673 ,
78.60906 ,63.75982 ,
79.70508 ,64.85583 ,
80.80816 ,65.95892 ,
81.90418 ,67.05494 ,
83.00727 ,68.15802 ,
84.10328 ,69.25404 ,
85.20637 ,70.35712 ,
74.24621 ,61.51829 ,
75.34930 ,62.62138 ,
76.44531 ,63.71739 ,
77.54840 ,64.82048 ,
78.64442 ,65.91649 ,
79.74750 ,67.01958 ,
80.84352 ,68.11560 ,
81.94660 ,69.21868 ,
83.04262 ,70.31470 ,
84.14571 ,71.41778 ,
73.18555 ,62.57895 ,
74.28864 ,63.68204 ,
75.38465 ,64.77805 ,
76.48774 ,65.88114 ,
77.58376 ,66.97715 ,
78.68684 ,68.08024 ,
79.78286 ,69.17626 ,
80.88594 ,70.27934 ,
81.98196 ,71.37536 ,
83.08505 ,72.47845 ,
72.12489 ,63.63961 ,
73.22798 ,64.74270 ,
74.32399 ,65.83871 ,
75.42708 ,66.94180 ,
76.52310 ,68.03781 ,
77.62618 ,69.14090 ,
78.72220 ,70.23692 ,
79.82528 ,71.34000 ,
80.92130 ,72.43602 ,
82.02439 ,73.53911 ,
71.06423 ,64.70027 ,
72.16732 ,65.80336 ,
73.26333 ,66.89937 ,
74.36642 ,68.00246 ,
75.46244 ,69.09847 ,
76.56552 ,70.20156 ,
77.66154 ,71.29758 ,
78.76462 ,72.40066 ,
79.86064 ,73.49668 ,
80.96373 ,74.59977 ,
70.00357 ,65.76093 ,
71.10666 ,66.86402 ,
72.20267 ,67.96003 ,
73.30576 ,69.06312 ,
74.40178 ,70.15913 ,
75.50486 ,71.26222 ,
76.60088 ,72.35824 ,
77.70396 ,73.46132 ,
78.79998 ,74.55734 ,
79.90307 ,75.66043 ,
68.94291 ,66.82159 ,
70.04600 ,67.92468 ,
71.14201 ,69.02069 ,
72.24510 ,70.12378 ,
73.34112 ,71.21980 ,
74.44420 ,72.32288 ,
75.54022 ,73.41890 ,
76.64330 ,74.52198 ,
77.73932 ,75.61800 ,
78.84241 ,76.72109 ,
67.88225 ,67.88225 ,
68.98534 ,68.98534 ,
70.08135 ,70.08135 ,
71.18444 ,71.18444 ,
72.28046 ,72.28046 ,
73.38354 ,73.38354 ,
74.47956 ,74.47956 ,
75.58264 ,75.58264 ,
76.67866 ,76.67866 ,
77.78175 ,77.78175 ,
50.91169 ,84.85281 ,
52.01477 ,85.95590 ,
53.11079 ,87.05192 ,
54.21388 ,88.15500 ,
55.30989 ,89.25102 ,
56.41298 ,90.35410 ,
57.50899 ,91.45012 ,
58.61208 ,92.55321 ,
59.70810 ,93.64922 ,
60.81118 ,94.75231 ,
51.97235 ,83.79215 ,
53.07543 ,84.89524 ,
54.17145 ,85.99126 ,
55.27454 ,87.09434 ,
56.37055 ,88.19036 ,
57.47364 ,89.29344 ,
58.56965 ,90.38946 ,
59.67274 ,91.49255 ,
60.76876 ,92.58856 ,
61.87184 ,93.69165 ,
53.03301 ,82.73149 ,
54.13610 ,83.83458 ,
55.23211 ,84.93060 ,
56.33520 ,86.03368 ,
57.43121 ,87.12970 ,
58.53430 ,88.23278 ,
59.63031 ,89.32880 ,
60.73340 ,90.43189 ,
61.82942 ,91.52790 ,
62.93250 ,92.63099 ,
54.09367 ,81.67083 ,
55.19676 ,82.77392 ,
56.29277 ,83.86994 ,
57.39586 ,84.97302 ,
58.49187 ,86.06904 ,
59.59496 ,87.17212 ,
60.69098 ,88.26814 ,
61.79406 ,89.37123 ,
62.89008 ,90.46724 ,
63.99316 ,91.57033 ,
55.15433 ,80.61017 ,
56.25742 ,81.71326 ,
57.35343 ,82.80928 ,
58.45652 ,83.91236 ,
59.55253 ,85.00838 ,
60.65562 ,86.11146 ,
61.75164 ,87.20748 ,
62.85472 ,88.31057 ,
63.95074 ,89.40658 ,
65.05382 ,90.50967 ,
56.21499 ,79.54951 ,
57.31808 ,80.65260 ,
58.41409 ,81.74861 ,
59.51718 ,82.85170 ,
60.61319 ,83.94772 ,
61.71628 ,85.05080 ,
62.81230 ,86.14682 ,
63.91538 ,87.24991 ,
65.01140 ,88.34592 ,
66.11448 ,89.44901 ,
57.27565 ,78.48885 ,
58.37874 ,79.59194 ,
59.47475 ,80.68795 ,
60.57784 ,81.79104 ,
61.67385 ,82.88706 ,
62.77694 ,83.99014 ,
63.87296 ,85.08616 ,
64.97604 ,86.18925 ,
66.07206 ,87.28526 ,
67.17514 ,88.38835 ,
58.33631 ,77.42819 ,
59.43940 ,78.53128 ,
60.53541 ,79.62729 ,
61.63850 ,80.73038 ,
62.73451 ,81.82640 ,
63.83760 ,82.92948 ,
64.93362 ,84.02550 ,
66.03670 ,85.12859 ,
67.13272 ,86.22460 ,
68.23580 ,87.32769 ,
59.39697 ,76.36753 ,
60.50006 ,77.47062 ,
61.59607 ,78.56663 ,
62.69916 ,79.66972 ,
63.79517 ,80.76574 ,
64.89826 ,81.86882 ,
65.99428 ,82.96484 ,
67.09736 ,84.06793 ,
68.19338 ,85.16394 ,
69.29646 ,86.26703 ,
60.45763 ,75.30687 ,
61.56072 ,76.40996 ,
62.65673 ,77.50597 ,
63.75982 ,78.60906 ,
64.85583 ,79.70508 ,
65.95892 ,80.80816 ,
67.05494 ,81.90418 ,
68.15802 ,83.00727 ,
69.25404 ,84.10328 ,
70.35712 ,85.20637 ,
61.51829 ,74.24621 ,
62.62138 ,75.34930 ,
63.71739 ,76.44531 ,
64.82048 ,77.54840 ,
65.91649 ,78.64442 ,
67.01958 ,79.74750 ,
68.11560 ,80.84352 ,
69.21868 ,81.94660 ,
70.31470 ,83.04262 ,
71.41778 ,84.14571 ,
62.57895 ,73.18555 ,
63.68204 ,74.28864 ,
64.77805 ,75.38465 ,
65.88114 ,76.48774 ,
66.97715 ,77.58376 ,
68.08024 ,78.68684 ,
69.17626 ,79.78286 ,
70.27934 ,80.88594 ,
71.37536 ,81.98196 ,
72.47845 ,83.08505 ,
63.63961 ,72.12489 ,
64.74270 ,73.22798 ,
65.83871 ,74.32399 ,
66.94180 ,75.42708 ,
68.03781 ,76.52310 ,
69.14090 ,77.62618 ,
70.23692 ,78.72220 ,
71.34000 ,79.82528 ,
72.43602 ,80.92130 ,
73.53911 ,82.02439 ,
64.70027 ,71.06423 ,
65.80336 ,72.16732 ,
66.89937 ,73.26333 ,
68.00246 ,74.36642 ,
69.09847 ,75.46244 ,
70.20156 ,76.56552 ,
71.29758 ,77.66154 ,
72.40066 ,78.76462 ,
73.49668 ,79.86064 ,
74.59977 ,80.96373 ,
65.76093 ,70.00357 ,
66.86402 ,71.10666 ,
67.96003 ,72.20267 ,
69.06312 ,73.30576 ,
70.15913 ,74.40178 ,
71.26222 ,75.50486 ,
72.35824 ,76.60088 ,
73.46132 ,77.70396 ,
74.55734 ,78.79998 ,
75.66043 ,79.90307 ,
66.82159 ,68.94291 ,
67.92468 ,70.04600 ,
69.02069 ,71.14201 ,
70.12378 ,72.24510 ,
71.21980 ,73.34112 ,
72.32288 ,74.44420 ,
73.41890 ,75.54022 ,
74.52198 ,76.64330 ,
75.61800 ,77.73932 ,
76.72109 ,78.84241 ,
51.63192 ,19.25566 ,
52.59783 ,18.99684 ,
53.66036 ,18.71215 ,
54.82913 ,18.39898 ,
56.11381 ,18.05473 ,
57.53373 ,17.67429 ,
59.08886 ,17.25756 ,
60.79855 ,16.79946 ,
62.68211 ,16.29477 ,
64.74919 ,15.74089 ,
67.02877 ,15.13008 ,
69.53053 ,14.45974 ,
72.28341 ,13.72211 ,
74.61130 ,13.09835 ,
76.94883 ,12.47201 ,
79.27670 ,11.84826 ,
82.02961 ,11.11062 ,
84.53133 ,10.44029 ,
86.81093 ,9.82947 ,
88.87802 ,9.27559 ,
90.76157 ,8.77090 ,
92.47126 ,8.31280 ,
94.02640 ,7.89608 ,
95.44631 ,7.51564 ,
96.73098 ,7.17140 ,
97.89976 ,6.85822 ,
98.96229 ,6.57353 ,
99.92821 ,6.31471 ,
51.89073 ,20.22158 ,
52.85666 ,19.96277 ,
53.91918 ,19.67806 ,
55.08795 ,19.36488 ,
56.37262 ,19.02067 ,
57.79254 ,18.64020 ,
59.34768 ,18.22350 ,
61.05738 ,17.76539 ,
62.94093 ,17.26069 ,
65.00800 ,16.70681 ,
67.28759 ,16.09601 ,
69.78934 ,15.42565 ,
72.54223 ,14.68803 ,
74.87011 ,14.06428 ,
77.20764 ,13.43794 ,
79.53553 ,12.81418 ,
82.28842 ,12.07655 ,
84.79016 ,11.40622 ,
87.06975 ,10.79539 ,
89.13683 ,10.24152 ,
91.02038 ,9.73684 ,
92.73008 ,9.27871 ,
94.28522 ,8.86202 ,
95.70513 ,8.48155 ,
96.98982 ,8.13731 ,
98.15858 ,7.82415 ,
99.22110 ,7.53945 ,
100.18703 ,7.28063 ,
52.17544 ,21.28410 ,
53.14136 ,21.02529 ,
54.20389 ,20.74058 ,
55.37266 ,20.42741 ,
56.65733 ,20.08318 ,
58.07724 ,19.70272 ,
59.63238 ,19.28603 ,
61.34206 ,18.82792 ,
63.22563 ,18.32321 ,
65.29271 ,17.76934 ,
67.57230 ,17.15852 ,
70.07403 ,16.48818 ,
72.82694 ,15.75055 ,
75.15481 ,15.12680 ,
77.49235 ,14.50045 ,
79.82023 ,13.87669 ,
82.57312 ,13.13907 ,
85.07487 ,12.46872 ,
87.35445 ,11.85790 ,
89.42154 ,11.30404 ,
91.30510 ,10.79932 ,
93.01478 ,10.34122 ,
94.56991 ,9.92453 ,
95.98984 ,9.54407 ,
97.27451 ,9.19983 ,
98.44329 ,8.88667 ,
99.50580 ,8.60198 ,
100.47173 ,8.34315 ,
52.48861 ,22.45287 ,
53.45454 ,22.19406 ,
54.51706 ,21.90935 ,
55.68583 ,21.59618 ,
56.97050 ,21.25195 ,
58.39042 ,20.87148 ,
59.94555 ,20.45480 ,
61.65525 ,19.99669 ,
63.53881 ,19.49198 ,
65.60588 ,18.93811 ,
67.88547 ,18.32731 ,
70.38721 ,17.65695 ,
73.14011 ,16.91932 ,
75.46798 ,16.29557 ,
77.80552 ,15.66922 ,
80.13340 ,15.04546 ,
82.88629 ,14.30784 ,
85.38803 ,13.63749 ,
87.66763 ,13.02668 ,
89.73471 ,12.47281 ,
91.61826 ,11.96810 ,
93.32795 ,11.50999 ,
94.88309 ,11.09330 ,
96.30301 ,10.71284 ,
97.58768 ,10.36860 ,
98.75646 ,10.05544 ,
99.81897 ,9.77074 ,
100.78490 ,9.51192 ,
52.83284 ,23.73755 ,
53.79877 ,23.47872 ,
54.86127 ,23.19404 ,
56.03005 ,22.88085 ,
57.31475 ,22.53663 ,
58.73464 ,22.15617 ,
60.28978 ,21.73947 ,
61.99947 ,21.28136 ,
63.88303 ,20.77666 ,
65.95010 ,20.22278 ,
68.22969 ,19.61198 ,
70.73144 ,18.94164 ,
73.48433 ,18.20399 ,
75.81221 ,17.58025 ,
78.14975 ,16.95391 ,
80.47763 ,16.33015 ,
83.23052 ,15.59252 ,
85.73226 ,14.92218 ,
88.01186 ,14.31136 ,
90.07893 ,13.75749 ,
91.96250 ,13.25280 ,
93.67217 ,12.79469 ,
95.22731 ,12.37799 ,
96.64723 ,11.99752 ,
97.93191 ,11.65329 ,
99.10068 ,11.34012 ,
100.16320 ,11.05542 ,
101.12912 ,10.79660 ,
53.15377 ,24.93530 ,
54.11971 ,24.67648 ,
55.18222 ,24.39178 ,
56.35099 ,24.07861 ,
57.63567 ,23.73438 ,
59.05559 ,23.35392 ,
60.61072 ,22.93721 ,
62.32041 ,22.47912 ,
64.20396 ,21.97441 ,
66.27104 ,21.42054 ,
68.55063 ,20.80974 ,
71.05238 ,20.13938 ,
73.80527 ,19.40175 ,
76.13315 ,18.77800 ,
78.47069 ,18.15165 ,
80.79858 ,17.52790 ,
83.55146 ,16.79027 ,
86.05321 ,16.11992 ,
88.33278 ,15.50910 ,
90.39987 ,14.95524 ,
92.28342 ,14.45054 ,
93.99312 ,13.99243 ,
95.54826 ,13.57573 ,
96.96818 ,13.19527 ,
98.25286 ,12.85104 ,
99.42163 ,12.53787 ,
100.48414 ,12.25317 ,
101.45006 ,11.99435 ,
53.47471 ,26.13305 ,
54.44063 ,25.87423 ,
55.50314 ,25.58953 ,
56.67191 ,25.27636 ,
57.95660 ,24.93213 ,
59.37650 ,24.55167 ,
60.93165 ,24.13496 ,
62.64134 ,23.67686 ,
64.52490 ,23.17216 ,
66.59198 ,22.61830 ,
68.87156 ,22.00748 ,
71.37331 ,21.33713 ,
74.12621 ,20.59948 ,
76.45409 ,19.97575 ,
78.79162 ,19.34940 ,
81.11949 ,18.72565 ,
83.87239 ,17.98801 ,
86.37414 ,17.31768 ,
88.65373 ,16.70686 ,
90.72081 ,16.15299 ,
92.60436 ,15.64829 ,
94.31405 ,15.19017 ,
95.86919 ,14.77348 ,
97.28909 ,14.39302 ,
98.57378 ,14.04879 ,
99.74255 ,13.73562 ,
100.80507 ,13.45091 ,
101.77100 ,13.19210 ,
53.79564 ,27.33080 ,
54.76157 ,27.07198 ,
55.82409 ,26.78728 ,
56.99286 ,26.47411 ,
58.27754 ,26.12988 ,
59.69744 ,25.74941 ,
61.25258 ,25.33272 ,
62.96228 ,24.87460 ,
64.84583 ,24.36990 ,
66.91292 ,23.81604 ,
69.19249 ,23.20522 ,
71.69425 ,22.53489 ,
74.44714 ,21.79725 ,
76.77502 ,21.17348 ,
79.11256 ,20.54715 ,
81.44044 ,19.92340 ,
84.19333 ,19.18577 ,
86.69508 ,18.51542 ,
88.97466 ,17.90462 ,
91.04174 ,17.35073 ,
92.92530 ,16.84604 ,
94.63499 ,16.38793 ,
96.19013 ,15.97123 ,
97.61004 ,15.59077 ,
98.89472 ,15.24654 ,
100.06349 ,14.93336 ,
101.12601 ,14.64866 ,
102.09193 ,14.38984 ,
20.00001 ,-0.00000 ,
119.99999 ,-0.00000 ,
84.85281 ,84.85281 ,
14.14214 ,14.14214 ,
114.79841 ,10.29496 ,
102.09193 ,14.38984 ,
53.79564 ,27.33080 ,
42.46335 ,31.40255 ,
41.16926 ,26.57292 ,
51.46627 ,18.63746 ,
99.76257 ,5.69651 ,
101.05665 ,10.52614 ,
105.23924 ,6.81723 ,
115.14456 ,8.25547 ,
25.00001 ,-0.00000 ,
30.00000 ,-0.00000 ,
35.00000 ,0.00000 ,
40.00000 ,-0.00000 ,
45.00001 ,-0.00000 ,
50.00000 ,-0.00000 ,
55.00000 ,-0.00000 ,
60.00000 ,-0.00000 ,
65.00000 ,-0.00000 ,
69.99999 ,-0.00000 ,
75.00000 ,-0.00000 ,
80.00000 ,-0.00000 ,
85.00001 ,-0.00000 ,
89.99999 ,-0.00000 ,
94.99999 ,-0.00000 ,
100.00000 ,-0.00000 ,
105.00000 ,-0.00000 ,
110.00001 ,-0.00000 ,
115.00000 ,-0.00000 ,
19.61571 ,3.90181 ,
18.47759 ,7.65367 ,
16.62939 ,11.11140 ,
119.89749 ,4.95900 ,
119.59014 ,9.90952 ,
119.07846 ,14.84312 ,
118.36336 ,19.75135 ,
117.44602 ,24.62584 ,
116.32802 ,29.45826 ,
115.01130 ,34.24034 ,
113.49807 ,38.96394 ,
111.79093 ,43.62096 ,
109.89280 ,48.20345 ,
107.80692 ,52.70359 ,
105.53685 ,57.11369 ,
103.08647 ,61.42621 ,
100.45998 ,65.63378 ,
97.66185 ,69.72922 ,
94.69686 ,73.70553 ,
91.57009 ,77.55591 ,
88.28687 ,81.27379 ,
17.67767 ,17.67767 ,
21.21320 ,21.21320 ,
24.74874 ,24.74874 ,
28.28427 ,28.28427 ,
31.81981 ,31.81981 ,
35.35534 ,35.35534 ,
38.89087 ,38.89087 ,
42.42641 ,42.42641 ,
45.96194 ,45.96194 ,
49.49747 ,49.49747 ,
53.03301 ,53.03301 ,
56.56854 ,56.56854 ,
60.10408 ,60.10408 ,
63.63961 ,63.63961 ,
67.17514 ,67.17514 ,
77.78175 ,77.78175 ,
81.31728 ,81.31728 ,
109.10762 ,12.51000 ,
104.63385 ,13.70874 ,
99.55002 ,15.07096 ,
97.00812 ,15.75205 ,
94.46622 ,16.43315 ,
91.92430 ,17.11425 ,
89.38238 ,17.79536 ,
86.84047 ,18.47645 ,
84.29856 ,19.15757 ,
81.75666 ,19.83867 ,
79.21474 ,20.51977 ,
76.67283 ,21.20086 ,
74.13092 ,21.88198 ,
71.58902 ,22.56307 ,
69.04711 ,23.24418 ,
66.50520 ,23.92527 ,
63.96329 ,24.60639 ,
61.42138 ,25.28749 ,
58.87946 ,25.96857 ,
56.33755 ,26.64969 ,
51.25373 ,28.01189 ,
48.71182 ,28.69300 ,
45.88950 ,23.58267 ,
48.67789 ,21.11007 ,
56.29590 ,17.34337 ,
61.12553 ,16.04927 ,
65.95516 ,14.75518 ,
70.78479 ,13.46109 ,
75.61442 ,12.16697 ,
80.44405 ,10.87289 ,
85.27368 ,9.57879 ,
90.10331 ,8.28470 ,
94.93294 ,6.99061 ,
103.14795 ,8.67168 ,
107.97758 ,7.37758 ,
83.77473 ,50.57554 ,
68.41411 ,45.81111 ,
93.10680 ,36.77882 ,
79.34651 ,36.35816 ,
102.21691 ,30.10767 ,
35.07374 ,14.31546 ,
58.44477 ,40.23131 ,
85.93834 ,31.60621 ,
70.98663 ,35.56637 ,
93.38565 ,52.79652 ,
93.52220 ,28.68574 ,
73.62533 ,56.20546 ,
45.02358 ,10.30686 ,
102.56684 ,41.38022 ,
51.42914 ,39.99846 ,
63.54457 ,33.96307 ,
86.80341 ,42.84878 ,
109.02007 ,27.10738 ,
76.26626 ,45.87681 ,
80.02030 ,28.59176 ,
25.72457 ,13.58572 ,
94.25369 ,61.30982 ,
97.62442 ,22.91706 ,
61.01499 ,50.01515 ,
34.87654 ,23.30411 ,
75.25553 ,29.24278 ,
53.57218 ,8.83637 ,
42.65137 ,17.17427 ,
83.42874 ,72.13476 ,
102.63807 ,21.51182 ,
111.94834 ,20.97709 ,
87.87442 ,25.35276 ,
66.91945 ,30.55513 ,
31.22124 ,7.39873 ,
57.14214 ,33.37699 ,
60.82029 ,7.94019 ,
67.33210 ,52.20898 ,
92.65213 ,44.96930 ,
101.84812 ,48.50442 ,
97.92780 ,33.34339 ,
38.28809 ,7.90308 ,
89.89504 ,65.66847 ,
107.28288 ,36.79723 ,
81.38891 ,43.88450 ,
77.19022 ,51.66158 ,
29.41183 ,19.27776 ,
36.84902 ,30.31871 ,
45.05879 ,36.93678 ,
24.99819 ,6.90518 ,
84.20795 ,35.97018 ,
55.63608 ,47.31814 ,
74.93111 ,38.55823 ,
83.21118 ,26.03491 ,
97.73129 ,57.14215 ,
92.37833 ,23.55204 ,
70.66927 ,29.05919 ,
68.71986 ,6.82219 ,
90.83418 ,32.62344 ,
63.52217 ,41.24832 ,
88.83777 ,48.24864 ,
68.54107 ,38.50910 ,
72.30398 ,49.43431 ,
67.55092 ,58.89263 ,
49.78360 ,13.02611 ,
97.39074 ,42.50062 ,
60.69665 ,32.09554 ,
107.90167 ,31.65272 ,
106.62286 ,22.84018 ,
40.39810 ,21.36905 ,
48.54724 ,5.77357 ,
76.77956 ,7.23003 ,
88.93662 ,36.56802 ,
76.48164 ,26.17900 ,
70.21545 ,41.23598 ,
63.08101 ,55.03231 ,
63.33951 ,30.39144 ,
76.02859 ,34.65743 ,
117.95476 ,9.48118 ,
116.47152 ,4.78039 ,
43.02800 ,5.19982 ,
102.01942 ,34.38184 ,
21.08980 ,11.37608 ,
40.22242 ,12.70759 ,
106.99726 ,3.68576 ,
96.66813 ,29.91073 ,
99.57016 ,20.22728 ,
46.32154 ,17.48343 ,
71.03555 ,63.31472 ,
40.76818 ,33.96603 ,
54.17176 ,36.66938 ,
114.80842 ,17.28090 ,
51.48312 ,44.92549 ,
81.68209 ,33.71339 ,
94.43906 ,21.36855 ,
81.69837 ,4.97086 ,
50.19129 ,35.72488 ,
47.01525 ,41.16237 ,
95.35268 ,64.72144 ,
57.20463 ,4.74072 ,
60.56196 ,35.04866 ,
105.72960 ,45.33534 ,
60.66820 ,43.74176 ,
90.02315 ,72.17594 ,
57.93707 ,11.95554 ,
38.22276 ,17.45664 ,
89.49633 ,22.51248 ,
90.55668 ,29.40997 ,
78.60502 ,32.79171 ,
30.75482 ,12.33160 ,
79.13264 ,25.63515 ,
22.18000 ,16.51529 ,
75.81042 ,58.53985 ,
32.53761 ,28.23412 ,
97.09147 ,47.30494 ,
113.03214 ,25.32346 ,
100.44995 ,26.85189 ,
111.98415 ,30.19258 ,
39.04167 ,25.14960 ,
102.79179 ,53.30896 ,
79.69803 ,47.56054 ,
84.77918 ,77.62607 ,
86.42065 ,47.92962 ,
30.38038 ,23.97471 ,
55.88414 ,40.29208 ,
72.42967 ,31.19410 ,
65.14554 ,48.57959 ,
105.12737 ,26.45084 ,
33.80967 ,18.73610 ,
27.86549 ,4.27917 ,
73.67347 ,25.49671 ,
87.22937 ,68.33413 ,
99.45925 ,38.60574 ,
87.03126 ,4.52864 ,
90.38824 ,41.69929 ,
34.98526 ,5.44712 ,
106.99750 ,41.16481 ,
67.48708 ,35.50799 ,
82.05860 ,38.47818 ,
103.06903 ,3.48058 ,
82.89112 ,28.70138 ,
78.06303 ,39.48523 ,
57.18099 ,51.47211 ,
94.03556 ,32.53760 ,
96.68380 ,58.87971 ,
110.73340 ,4.50899 ,
95.27217 ,24.64867 ,
44.71510 ,20.55916 ,
91.29347 ,50.70434 ,
84.59531 ,23.99624 ,
102.34673 ,17.44985 ,
72.70319 ,4.05492 ,
52.83818 ,3.90786 ,
110.93684 ,35.16849 ,
68.60413 ,28.21304 ,
80.91793 ,74.64557 ,
72.28650 ,9.01203 ,
64.64908 ,8.08271 ,
55.85472 ,30.00919 ,
64.80649 ,5.18042 ,
34.65131 ,10.05142 ,
27.75280 ,9.66593 ,
54.20092 ,13.60376 ,
77.92119 ,56.42908 ,
81.14205 ,53.20822 ,
118.03870 ,13.11760 ,
23.25471 ,3.60333 ,
92.27604 ,3.88580 ,
81.38872 ,23.35144 ,
71.31007 ,52.86539 ,
96.69179 ,19.16436 ,
100.73373 ,44.80450 ,
25.08544 ,19.21196 ,
71.00344 ,26.00423 ,
56.27495 ,44.07709 ,
44.79893 ,14.16429 ,
108.72843 ,20.29872 ,
60.54088 ,28.57687 ,
98.70169 ,51.67247 ,
39.62614 ,29.57459 ,
18.25682 ,14.09975 ,
85.43946 ,27.04994 ,
90.55854 ,25.12986 ,
87.54719 ,34.29424 ,
48.76150 ,9.55539 ,
58.36738 ,29.14130 ,
72.03188 ,38.46405 ,
69.36527 ,31.16431 ,
38.55209 ,3.78753 ,
109.28188 ,23.65129 ,
69.19969 ,49.02272 ,
65.05285 ,27.81660 ,
86.68710 ,21.72072 ,
72.42688 ,46.48088 ,
105.80662 ,49.30629 ,
111.13129 ,17.85599 ,
28.61540 ,16.01611 ,
94.10189 ,41.66212 ,
89.17969 ,45.03732 ,
75.42204 ,49.00843 ,
84.22444 ,33.13577 ,
104.95950 ,32.03870 ,
45.69983 ,33.80417 ,
93.73123 ,69.54787 ,
62.05315 ,12.14743 ,
73.85467 ,36.16460 ,
73.56124 ,60.78903 ,
96.44986 ,3.37066 ,
88.15488 ,75.67935 ,
41.51160 ,9.39690 ,
102.71945 ,6.08204 ,
69.04357 ,55.51421 ,
65.07954 ,32.10811 ,
42.90334 ,23.02369 ,
64.61385 ,43.57897 ,
64.81316 ,38.47816 ,
21.96931 ,7.32564 ,
106.09622 ,20.40805 ,
91.47231 ,20.27535 ,
99.61356 ,31.15327 ,
63.78773 ,59.15672 ,
93.08752 ,48.22169 ,
63.89461 ,51.88287 ,
59.47868 ,54.33325 ,
119.21110 ,6.69453 ,
61.16853 ,3.66781 ,
88.46865 ,30.95278 ,
52.85227 ,34.47495 ,
86.25124 ,38.08955 ,
95.80439 ,35.98362 ,
110.05603 ,39.14910 ,
115.36453 ,21.71056 ,
58.59275 ,47.88693 ,
106.84863 ,25.47141 ,
74.43949 ,41.24879 ,
76.83114 ,37.16490 ,
66.86393 ,62.19845 ,
31.59507 ,3.37616 ,
101.94263 ,57.92386 ,
53.56110 ,42.41801 ,
66.50966 ,41.16636 ,
116.74189 ,7.48034 ,
95.52580 ,54.93667 ,
116.95520 ,2.84980 ,
84.11538 ,42.92724 ,
77.78083 ,28.18442 ,
104.84607 ,38.91399 ,
68.13122 ,3.17760 ,
81.82379 ,36.12997 ,
78.56026 ,44.42240 ,
35.52300 ,31.82237 ,
72.70980 ,28.58578 ,
27.37263 ,21.95879 ,
31.89364 ,15.84186 ,
81.23519 ,26.64433 ,
99.91178 ,22.60078 ,
92.02844 ,63.53506 ,
74.51881 ,53.00885 ,
51.83125 ,15.57607 ,
116.89134 ,10.32547 ,
37.24141 ,20.91326 ,
52.97443 ,49.55605 ,
46.33273 ,3.04379 ,
58.40777 ,37.81285 ,
24.30694 ,9.77171 ,
92.23715 ,30.81418 ,
61.15905 ,39.80484 ,
90.98390 ,34.97449 ,
42.31855 ,38.99873 ,
77.31159 ,3.05518 ,
99.27727 ,27.54683 ,
57.38354 ,8.36820 ,
81.40424 ,77.30268 ,
47.85393 ,37.87168 ,
68.74397 ,10.59206 ,
112.62434 ,2.00200 ,
100.40962 ,8.11133 ,
19.25566 ,51.63192 ,
18.99684 ,52.59783 ,
18.71215 ,53.66036 ,
18.39898 ,54.82913 ,
18.05473 ,56.11381 ,
17.67429 ,57.53373 ,
17.25756 ,59.08886 ,
16.79946 ,60.79855 ,
16.29477 ,62.68211 ,
15.74089 ,64.74919 ,
15.13008 ,67.02877 ,
14.45974 ,69.53053 ,
13.72211 ,72.28341 ,
13.09835 ,74.61130 ,
12.47201 ,76.94883 ,
11.84826 ,79.27670 ,
11.11062 ,82.02961 ,
10.44029 ,84.53133 ,
9.82947 ,86.81093 ,
9.27559 ,88.87802 ,
8.77090 ,90.76157 ,
8.31280 ,92.47126 ,
7.89608 ,94.02640 ,
7.51564 ,95.44631 ,
7.17140 ,96.73098 ,
6.85822 ,97.89976 ,
6.57353 ,98.96229 ,
6.31471 ,99.92821 ,
20.22158 ,51.89073 ,
19.96277 ,52.85666 ,
19.67806 ,53.91918 ,
19.36488 ,55.08795 ,
19.02067 ,56.37262 ,
18.64020 ,57.79254 ,
18.22350 ,59.34768 ,
17.76539 ,61.05738 ,
17.26069 ,62.94093 ,
16.70681 ,65.00800 ,
16.09601 ,67.28759 ,
15.42565 ,69.78934 ,
14.68803 ,72.54223 ,
14.06428 ,74.87011 ,
13.43794 ,77.20764 ,
12.81418 ,79.53553 ,
12.07655 ,82.28842 ,
11.40622 ,84.79016 ,
10.79539 ,87.06975 ,
10.24152 ,89.13683 ,
9.73684 ,91.02038 ,
9.27871 ,92.73008 ,
8.86202 ,94.28522 ,
8.48155 ,95.70513 ,
8.13731 ,96.98982 ,
7.82415 ,98.15858 ,
7.53945 ,99.22110 ,
7.28063 ,100.18703 ,
21.28410 ,52.17544 ,
21.02529 ,53.14136 ,
20.74058 ,54.20389 ,
20.42741 ,55.37266 ,
20.08318 ,56.65733 ,
19.70272 ,58.07724 ,
19.28603 ,59.63238 ,
18.82792 ,61.34206 ,
18.32321 ,63.22563 ,
17.76934 ,65.29271 ,
17.15852 ,67.57230 ,
16.48818 ,70.07403 ,
15.75055 ,72.82694 ,
15.12680 ,75.15481 ,
14.50045 ,77.49235 ,
13.87669 ,79.82023 ,
13.13907 ,82.57312 ,
12.46872 ,85.07487 ,
11.85790 ,87.35445 ,
11.30404 ,89.42154 ,
10.79932 ,91.30510 ,
10.34122 ,93.01478 ,
9.92453 ,94.56991 ,
9.54407 ,95.98984 ,
9.19983 ,97.27451 ,
8.88667 ,98.44329 ,
8.60198 ,99.50580 ,
8.34315 ,100.47173 ,
22.45287 ,52.48861 ,
22.19406 ,53.45454 ,
21.90935 ,54.51706 ,
21.59618 ,55.68583 ,
21.25195 ,56.97050 ,
20.87148 ,58.39042 ,
20.45480 ,59.94555 ,
19.99669 ,61.65525 ,
19.49198 ,63.53881 ,
18.93811 ,65.60588 ,
18.32731 ,67.88547 ,
17.65695 ,70.38721 ,
16.91932 ,73.14011 ,
16.29557 ,75.46798 ,
15.66922 ,77.80552 ,
15.04546 ,80.13340 ,
14.30784 ,82.88629 ,
13.63749 ,85.38803 ,
13.02668 ,87.66763 ,
12.47281 ,89.73471 ,
11.96810 ,91.61826 ,
11.50999 ,93.32795 ,
11.09330 ,94.88309 ,
10.71284 ,96.30301 ,
10.36860 ,97.58768 ,
10.05544 ,98.75646 ,
9.77074 ,99.81897 ,
9.51192 ,100.78490 ,
23.73755 ,52.83284 ,
23.47872 ,53.79877 ,
23.19404 ,54.86127 ,
22.88085 ,56.03005 ,
22.53663 ,57.31475 ,
22.15617 ,58.73464 ,
21.73947 ,60.28978 ,
21.28136 ,61.99947 ,
20.77666 ,63.88303 ,
20.22278 ,65.95010 ,
19.61198 ,68.22969 ,
18.94164 ,70.73144 ,
18.20399 ,73.48433 ,
17.58025 ,75.81221 ,
16.95391 ,78.14975 ,
16.33015 ,80.47763 ,
15.59252 ,83.23052 ,
14.92218 ,85.73226 ,
14.31136 ,88.01186 ,
13.75749 ,90.07893 ,
13.25280 ,91.96250 ,
12.79469 ,93.67217 ,
12.37799 ,95.22731 ,
11.99752 ,96.64723 ,
11.65329 ,97.93191 ,
11.34012 ,99.10068 ,
11.05542 ,100.16320 ,
10.79660 ,101.12912 ,
24.93530 ,53.15377 ,
24.67648 ,54.11971 ,
24.39178 ,55.18222 ,
24.07861 ,56.35099 ,
23.73438 ,57.63567 ,
23.35392 ,59.05559 ,
22.93721 ,60.61072 ,
22.47912 ,62.32041 ,
21.97441 ,64.20396 ,
21.42054 ,66.27104 ,
20.80974 ,68.55063 ,
20.13938 ,71.05238 ,
19.40175 ,73.80527 ,
18.77800 ,76.13315 ,
18.15165 ,78.47069 ,
17.52790 ,80.79858 ,
16.79027 ,83.55146 ,
16.11992 ,86.05321 ,
15.50910 ,88.33278 ,
14.95524 ,90.39987 ,
14.45054 ,92.28342 ,
13.99243 ,93.99312 ,
13.57573 ,95.54826 ,
13.19527 ,96.96818 ,
12.85104 ,98.25286 ,
12.53787 ,99.42163 ,
12.25317 ,100.48414 ,
11.99435 ,101.45006 ,
26.13305 ,53.47471 ,
25.87423 ,54.44063 ,
25.58953 ,55.50314 ,
25.27636 ,56.67191 ,
24.93213 ,57.95660 ,
24.55167 ,59.37650 ,
24.13496 ,60.93165 ,
23.67686 ,62.64134 ,
23.17216 ,64.52490 ,
22.61830 ,66.59198 ,
22.00748 ,68.87156 ,
21.33713 ,71.37331 ,
20.59948 ,74.12621 ,
19.97575 ,76.45409 ,
19.34940 ,78.79162 ,
18.72565 ,81.11949 ,
17.98801 ,83.87239 ,
17.31768 ,86.37414 ,
16.70686 ,88.65373 ,
16.15299 ,90.72081 ,
15.64829 ,92.60436 ,
15.19017 ,94.31405 ,
14.77348 ,95.86919 ,
14.39302 ,97.28909 ,
14.04879 ,98.57378 ,
13.73562 ,99.74255 ,
13.45091 ,100.80507 ,
13.19210 ,101.77100 ,
27.33080 ,53.79564 ,
27.07198 ,54.76157 ,
26.78728 ,55.82409 ,
26.47411 ,56.99286 ,
26.12988 ,58.27754 ,
25.74941 ,59.69744 ,
25.33272 ,61.25258 ,
24.87460 ,62.96228 ,
24.36990 ,64.84583 ,
23.81604 ,66.91292 ,
23.20522 ,69.19249 ,
22.53489 ,71.69425 ,
21.79725 ,74.44714 ,
21.17348 ,76.77502 ,
20.54715 ,79.11256 ,
19.92340 ,81.44044 ,
19.18577 ,84.19333 ,
18.51542 ,86.69508 ,
17.90462 ,88.97466 ,
17.35073 ,91.04174 ,
16.84604 ,92.92530 ,
16.38793 ,94.63499 ,
15.97123 ,96.19013 ,
15.59077 ,97.61004 ,
15.24654 ,98.89472 ,
14.93336 ,100.06349 ,
14.64866 ,101.12601 ,
14.38984 ,102.09193 ,
0.00000 ,20.00001 ,
0.00000 ,119.99999 ,
10.29496 ,114.79841 ,
14.38984 ,102.09193 ,
27.33080 ,53.79564 ,
31.40255 ,42.46335 ,
26.57292 ,41.16926 ,
18.63746 ,51.46627 ,
5.69651 ,99.76257 ,
10.52614 ,101.05665 ,
6.81723 ,105.23924 ,
8.25547 ,115.14456 ,
0.00000 ,25.00001 ,
0.00000 ,30.00000 ,
0.00000 ,35.00000 ,
0.00000 ,40.00000 ,
0.00000 ,45.00001 ,
0.00000 ,50.00000 ,
0.00000 ,55.00000 ,
0.00000 ,60.00000 ,
0.00000 ,65.00000 ,
0.00000 ,69.99999 ,
0.00000 ,75.00000 ,
0.00000 ,80.00000 ,
0.00000 ,85.00001 ,
0.00000 ,89.99999 ,
0.00000 ,94.99999 ,
0.00000 ,100.00000 ,
0.00000 ,105.00000 ,
0.00000 ,110.00001 ,
0.00000 ,115.00000 ,
3.90181 ,19.61571 ,
7.65367 ,18.47759 ,
11.11140 ,16.62939 ,
4.95900 ,119.89749 ,
9.90952 ,119.59014 ,
14.84312 ,119.07846 ,
19.75135 ,118.36336 ,
24.62584 ,117.44602 ,
29.45826 ,116.32802 ,
34.24034 ,115.01130 ,
38.96394 ,113.49807 ,
43.62096 ,111.79093 ,
48.20345 ,109.89280 ,
52.70359 ,107.80692 ,
57.11369 ,105.53685 ,
61.42621 ,103.08647 ,
65.63378 ,100.45998 ,
69.72922 ,97.66185 ,
73.70553 ,94.69686 ,
77.55591 ,91.57009 ,
81.27379 ,88.28687 ,
12.51000 ,109.10762 ,
13.70874 ,104.63385 ,
15.07096 ,99.55002 ,
15.75205 ,97.00812 ,
16.43315 ,94.46622 ,
17.11425 ,91.92430 ,
17.79536 ,89.38238 ,
18.47645 ,86.84047 ,
19.15757 ,84.29856 ,
19.83867 ,81.75666 ,
20.51977 ,79.21474 ,
21.20086 ,76.67283 ,
21.88198 ,74.13092 ,
22.56307 ,71.58902 ,
23.24418 ,69.04711 ,
23.92527 ,66.50520 ,
24.60639 ,63.96329 ,
25.28749 ,61.42138 ,
25.96857 ,58.87946 ,
26.64969 ,56.33755 ,
28.01189 ,51.25373 ,
28.69300 ,48.71182 ,
23.58267 ,45.88950 ,
21.11007 ,48.67789 ,
17.34337 ,56.29590 ,
16.04927 ,61.12553 ,
14.75518 ,65.95516 ,
13.46109 ,70.78479 ,
12.16697 ,75.61442 ,
10.87289 ,80.44405 ,
9.57879 ,85.27368 ,
8.28470 ,90.10331 ,
6.99061 ,94.93294 ,
8.67168 ,103.14795 ,
7.37758 ,107.97758 ,
50.57554 ,83.77473 ,
45.81111 ,68.41411 ,
36.77882 ,93.10680 ,
36.35816 ,79.34651 ,
30.10767 ,102.21691 ,
14.31546 ,35.07374 ,
40.23131 ,58.44477 ,
31.60621 ,85.93834 ,
35.56637 ,70.98663 ,
52.79652 ,93.38565 ,
28.68574 ,93.52220 ,
56.20546 ,73.62533 ,
10.30686 ,45.02358 ,
41.38022 ,102.56684 ,
39.99846 ,51.42914 ,
33.96307 ,63.54457 ,
42.84878 ,86.80341 ,
27.10738 ,109.02007 ,
45.87681 ,76.26626 ,
28.59176 ,80.02030 ,
13.58572 ,25.72457 ,
61.30982 ,94.25369 ,
22.91706 ,97.62442 ,
50.01515 ,61.01499 ,
23.30411 ,34.87654 ,
29.24278 ,75.25553 ,
8.83637 ,53.57218 ,
17.17427 ,42.65137 ,
72.13476 ,83.42874 ,
21.51182 ,102.63807 ,
20.97709 ,111.94834 ,
25.35276 ,87.87442 ,
30.55513 ,66.91945 ,
7.39873 ,31.22124 ,
33.37699 ,57.14214 ,
7.94019 ,60.82029 ,
52.20898 ,67.33210 ,
44.96930 ,92.65213 ,
48.50442 ,101.84812 ,
33.34339 ,97.92780 ,
7.90308 ,38.28809 ,
65.66847 ,89.89504 ,
36.79723 ,107.28288 ,
43.88450 ,81.38891 ,
51.66158 ,77.19022 ,
19.27776 ,29.41183 ,
30.31871 ,36.84902 ,
36.93678 ,45.05879 ,
6.90518 ,24.99819 ,
35.97018 ,84.20795 ,
47.31814 ,55.63608 ,
38.55823 ,74.93111 ,
26.03491 ,83.21118 ,
57.14215 ,97.73129 ,
23.55204 ,92.37833 ,
29.05919 ,70.66927 ,
6.82219 ,68.71986 ,
32.62344 ,90.83418 ,
41.24832 ,63.52217 ,
48.24864 ,88.83777 ,
38.50910 ,68.54107 ,
49.43431 ,72.30398 ,
58.89263 ,67.55092 ,
13.02611 ,49.78360 ,
42.50062 ,97.39074 ,
32.09554 ,60.69665 ,
31.65272 ,107.90167 ,
22.84018 ,106.62286 ,
21.36905 ,40.39810 ,
5.77357 ,48.54724 ,
7.23003 ,76.77956 ,
36.56802 ,88.93662 ,
26.17900 ,76.48164 ,
41.23598 ,70.21545 ,
55.03231 ,63.08101 ,
30.39144 ,63.33951 ,
34.65743 ,76.02859 ,
9.48118 ,117.95476 ,
4.78039 ,116.47152 ,
5.19982 ,43.02800 ,
34.38184 ,102.01942 ,
11.37608 ,21.08980 ,
12.70759 ,40.22242 ,
3.68576 ,106.99726 ,
29.91073 ,96.66813 ,
20.22728 ,99.57016 ,
17.48343 ,46.32154 ,
63.31472 ,71.03555 ,
33.96603 ,40.76818 ,
36.66938 ,54.17176 ,
17.28090 ,114.80842 ,
44.92549 ,51.48312 ,
33.71339 ,81.68209 ,
21.36855 ,94.43906 ,
4.97086 ,81.69837 ,
35.72488 ,50.19129 ,
41.16237 ,47.01525 ,
64.72144 ,95.35268 ,
4.74072 ,57.20463 ,
35.04866 ,60.56196 ,
45.33534 ,105.72960 ,
43.74176 ,60.66820 ,
72.17594 ,90.02315 ,
11.95554 ,57.93707 ,
17.45664 ,38.22276 ,
22.51248 ,89.49633 ,
29.40997 ,90.55668 ,
32.79171 ,78.60502 ,
12.33160 ,30.75482 ,
25.63515 ,79.13264 ,
16.51529 ,22.18000 ,
58.53985 ,75.81042 ,
28.23412 ,32.53761 ,
47.30494 ,97.09147 ,
25.32346 ,113.03214 ,
26.85189 ,100.44995 ,
30.19258 ,111.98415 ,
25.14960 ,39.04167 ,
53.30896 ,102.79179 ,
47.56054 ,79.69803 ,
77.62607 ,84.77918 ,
47.92962 ,86.42065 ,
23.97471 ,30.38038 ,
40.29208 ,55.88414 ,
31.19410 ,72.42967 ,
48.57959 ,65.14554 ,
26.45084 ,105.12737 ,
18.73610 ,33.80967 ,
4.27917 ,27.86549 ,
25.49671 ,73.67347 ,
68.33413 ,87.22937 ,
38.60574 ,99.45925 ,
4.52864 ,87.03126 ,
41.69929 ,90.38824 ,
5.44712 ,34.98526 ,
41.16481 ,106.99750 ,
35.50799 ,67.48708 ,
38.47818 ,82.05860 ,
3.48058 ,103.06903 ,
28.70138 ,82.89112 ,
39.48523 ,78.06303 ,
51.47211 ,57.18099 ,
32.53760 ,94.03556 ,
58.87971 ,96.68380 ,
4.50899 ,110.73340 ,
24.64867 ,95.27217 ,
20.55916 ,44.71510 ,
50.70434 ,91.29347 ,
23.99624 ,84.59531 ,
17.44985 ,102.34673 ,
4.05492 ,72.70319 ,
3.90786 ,52.83818 ,
35.16849 ,110.93684 ,
28.21304 ,68.60413 ,
74.64557 ,80.91793 ,
9.01203 ,72.28650 ,
8.08271 ,64.64908 ,
30.00919 ,55.85472 ,
5.18042 ,64.80649 ,
10.05142 ,34.65131 ,
9.66593 ,27.75280 ,
13.60376 ,54.20092 ,
56.42908 ,77.92119 ,
53.20822 ,81.14205 ,
13.11760 ,118.03870 ,
3.60333 ,23.25471 ,
3.88580 ,92.27604 ,
23.35144 ,81.38872 ,
52.86539 ,71.31007 ,
19.16436 ,96.69179 ,
44.80450 ,100.73373 ,
19.21196 ,25.08544 ,
26.00423 ,71.00344 ,
44.07709 ,56.27495 ,
14.16429 ,44.79893 ,
20.29872 ,108.72843 ,
28.57687 ,60.54088 ,
51.67247 ,98.70169 ,
29.57459 ,39.62614 ,
14.09975 ,18.25682 ,
27.04994 ,85.43946 ,
25.12986 ,90.55854 ,
34.29424 ,87.54719 ,
9.55539 ,48.76150 ,
29.14130 ,58.36738 ,
38.46405 ,72.03188 ,
31.16431 ,69.36527 ,
3.78753 ,38.55209 ,
23.65129 ,109.28188 ,
49.02272 ,69.19969 ,
27.81660 ,65.05285 ,
21.72072 ,86.68710 ,
46.48088 ,72.42688 ,
49.30629 ,105.80662 ,
17.85599 ,111.13129 ,
16.01611 ,28.61540 ,
41.66212 ,94.10189 ,
45.03732 ,89.17969 ,
49.00843 ,75.42204 ,
33.13577 ,84.22444 ,
32.03870 ,104.95950 ,
33.80417 ,45.69983 ,
69.54787 ,93.73123 ,
12.14743 ,62.05315 ,
36.16460 ,73.85467 ,
60.78903 ,73.56124 ,
3.37066 ,96.44986 ,
75.67935 ,88.15488 ,
9.39690 ,41.51160 ,
6.08204 ,102.71945 ,
55.51421 ,69.04357 ,
32.10811 ,65.07954 ,
23.02369 ,42.90334 ,
43.57897 ,64.61385 ,
38.47816 ,64.81316 ,
7.32564 ,21.96931 ,
20.40805 ,106.09622 ,
20.27535 ,91.47231 ,
31.15327 ,99.61356 ,
59.15672 ,63.78773 ,
48.22169 ,93.08752 ,
51.88287 ,63.89461 ,
54.33325 ,59.47868 ,
6.69453 ,119.21110 ,
3.66781 ,61.16853 ,
30.95278 ,88.46865 ,
34.47495 ,52.85227 ,
38.08955 ,86.25124 ,
35.98362 ,95.80439 ,
39.14910 ,110.05603 ,
21.71056 ,115.36453 ,
47.88693 ,58.59275 ,
25.47141 ,106.84863 ,
41.24879 ,74.43949 ,
37.16490 ,76.83114 ,
62.19845 ,66.86393 ,
3.37616 ,31.59507 ,
57.92386 ,101.94263 ,
42.41801 ,53.56110 ,
41.16636 ,66.50966 ,
7.48034 ,116.74189 ,
54.93667 ,95.52580 ,
2.84980 ,116.95520 ,
42.92724 ,84.11538 ,
28.18442 ,77.78083 ,
38.91399 ,104.84607 ,
3.17760 ,68.13122 ,
36.12997 ,81.82379 ,
44.42240 ,78.56026 ,
31.82237 ,35.52300 ,
28.58578 ,72.70980 ,
21.95879 ,27.37263 ,
15.84186 ,31.89364 ,
26.64433 ,81.23519 ,
22.60078 ,99.91178 ,
63.53506 ,92.02844 ,
53.00885 ,74.51881 ,
15.57607 ,51.83125 ,
10.32547 ,116.89134 ,
20.91326 ,37.24141 ,
49.55605 ,52.97443 ,
3.04379 ,46.33273 ,
37.81285 ,58.40777 ,
9.77171 ,24.30694 ,
30.81418 ,92.23715 ,
39.80484 ,61.15905 ,
34.97449 ,90.98390 ,
38.99873 ,42.31855 ,
3.05518 ,77.31159 ,
27.54683 ,99.27727 ,
8.36820 ,57.38354 ,
77.30268 ,81.40424 ,
37.87168 ,47.85393 ,
10.59206 ,68.74397 ,
2.00200 ,112.62434 ,
8.11133 ,100.40962 ,
1,576,block1
577,954,PM1
955,1332,PM2
1333,2608,iron
