triangle
//Number_of_Node
1556
//Number_of_Element
2608
//Number_of_Region
4
//Factor
1000.0
12,11,1,
1,2,12,
13,12,2,
2,3,13,
14,13,3,
3,4,14,
15,14,4,
4,5,15,
16,15,5,
5,6,16,
17,16,6,
6,7,17,
18,17,7,
7,8,18,
19,18,8,
8,9,19,
20,19,9,
9,10,20,
22,21,11,
11,12,22,
23,22,12,
12,13,23,
24,23,13,
13,14,24,
25,24,14,
14,15,25,
26,25,15,
15,16,26,
27,26,16,
16,17,27,
28,27,17,
17,18,28,
29,28,18,
18,19,29,
30,29,19,
19,20,30,
32,31,21,
21,22,32,
33,32,22,
22,23,33,
34,33,23,
23,24,34,
35,34,24,
24,25,35,
36,35,25,
25,26,36,
37,36,26,
26,27,37,
38,37,27,
27,28,38,
39,38,28,
28,29,39,
40,39,29,
29,30,40,
42,41,31,
31,32,42,
43,42,32,
32,33,43,
44,43,33,
33,34,44,
45,44,34,
34,35,45,
46,45,35,
35,36,46,
47,46,36,
36,37,47,
48,47,37,
37,38,48,
49,48,38,
38,39,49,
50,49,39,
39,40,50,
52,51,41,
41,42,52,
53,52,42,
42,43,53,
54,53,43,
43,44,54,
55,54,44,
44,45,55,
56,55,45,
45,46,56,
57,56,46,
46,47,57,
58,57,47,
47,48,58,
59,58,48,
48,49,59,
60,59,49,
49,50,60,
62,61,51,
51,52,62,
63,62,52,
52,53,63,
64,63,53,
53,54,64,
65,64,54,
54,55,65,
66,65,55,
55,56,66,
67,66,56,
56,57,67,
68,67,57,
57,58,68,
69,68,58,
58,59,69,
70,69,59,
59,60,70,
72,71,61,
61,62,72,
73,72,62,
62,63,73,
74,73,63,
63,64,74,
75,74,64,
64,65,75,
76,75,65,
65,66,76,
77,76,66,
66,67,77,
78,77,67,
67,68,78,
79,78,68,
68,69,79,
80,79,69,
69,70,80,
82,81,71,
71,72,82,
83,82,72,
72,73,83,
84,83,73,
73,74,84,
85,84,74,
74,75,85,
86,85,75,
75,76,86,
87,86,76,
76,77,87,
88,87,77,
77,78,88,
89,88,78,
78,79,89,
90,89,79,
79,80,90,
92,91,81,
81,82,92,
93,92,82,
82,83,93,
94,93,83,
83,84,94,
95,94,84,
84,85,95,
96,95,85,
85,86,96,
97,96,86,
86,87,97,
98,97,87,
87,88,98,
99,98,88,
88,89,99,
100,99,89,
89,90,100,
102,101,91,
91,92,102,
103,102,92,
92,93,103,
104,103,93,
93,94,104,
105,104,94,
94,95,105,
106,105,95,
95,96,106,
107,106,96,
96,97,107,
108,107,97,
97,98,108,
109,108,98,
98,99,109,
110,109,99,
99,100,110,
112,111,101,
101,102,112,
113,112,102,
102,103,113,
114,113,103,
103,104,114,
115,114,104,
104,105,115,
116,115,105,
105,106,116,
117,116,106,
106,107,117,
118,117,107,
107,108,118,
119,118,108,
108,109,119,
120,119,109,
109,110,120,
122,121,111,
111,112,122,
123,122,112,
112,113,123,
124,123,113,
113,114,124,
125,124,114,
114,115,125,
126,125,115,
115,116,126,
127,126,116,
116,117,127,
128,127,117,
117,118,128,
129,128,118,
118,119,129,
130,129,119,
119,120,130,
132,131,121,
121,122,132,
133,132,122,
122,123,133,
134,133,123,
123,124,134,
135,134,124,
124,125,135,
136,135,125,
125,126,136,
137,136,126,
126,127,137,
138,137,127,
127,128,138,
139,138,128,
128,129,139,
140,139,129,
129,130,140,
142,141,131,
131,132,142,
143,142,132,
132,133,143,
144,143,133,
133,134,144,
145,144,134,
134,135,145,
146,145,135,
135,136,146,
147,146,136,
136,137,147,
148,147,137,
137,138,148,
149,148,138,
138,139,149,
150,149,139,
139,140,150,
152,151,141,
141,142,152,
153,152,142,
142,143,153,
154,153,143,
143,144,154,
155,154,144,
144,145,155,
156,155,145,
145,146,156,
157,156,146,
146,147,157,
158,157,147,
147,148,158,
159,158,148,
148,149,159,
160,159,149,
149,150,160,
162,161,151,
151,152,162,
163,162,152,
152,153,163,
164,163,153,
153,154,164,
165,164,154,
154,155,165,
166,165,155,
155,156,166,
167,166,156,
156,157,167,
168,167,157,
157,158,168,
169,168,158,
158,159,169,
170,169,159,
159,160,170,
172,171,181,
181,182,172,
173,172,182,
182,183,173,
174,173,183,
183,184,174,
175,174,184,
184,185,175,
176,175,185,
185,186,176,
177,176,186,
186,187,177,
178,177,187,
187,188,178,
179,178,188,
188,189,179,
180,179,189,
189,190,180,
182,181,191,
191,192,182,
183,182,192,
192,193,183,
184,183,193,
193,194,184,
185,184,194,
194,195,185,
186,185,195,
195,196,186,
187,186,196,
196,197,187,
188,187,197,
197,198,188,
189,188,198,
198,199,189,
190,189,199,
199,200,190,
192,191,201,
201,202,192,
193,192,202,
202,203,193,
194,193,203,
203,204,194,
195,194,204,
204,205,195,
196,195,205,
205,206,196,
197,196,206,
206,207,197,
198,197,207,
207,208,198,
199,198,208,
208,209,199,
200,199,209,
209,210,200,
202,201,211,
211,212,202,
203,202,212,
212,213,203,
204,203,213,
213,214,204,
205,204,214,
214,215,205,
206,205,215,
215,216,206,
207,206,216,
216,217,207,
208,207,217,
217,218,208,
209,208,218,
218,219,209,
210,209,219,
219,220,210,
212,211,221,
221,222,212,
213,212,222,
222,223,213,
214,213,223,
223,224,214,
215,214,224,
224,225,215,
216,215,225,
225,226,216,
217,216,226,
226,227,217,
218,217,227,
227,228,218,
219,218,228,
228,229,219,
220,219,229,
229,230,220,
222,221,231,
231,232,222,
223,222,232,
232,233,223,
224,223,233,
233,234,224,
225,224,234,
234,235,225,
226,225,235,
235,236,226,
227,226,236,
236,237,227,
228,227,237,
237,238,228,
229,228,238,
238,239,229,
230,229,239,
239,240,230,
232,231,241,
241,242,232,
233,232,242,
242,243,233,
234,233,243,
243,244,234,
235,234,244,
244,245,235,
236,235,245,
245,246,236,
237,236,246,
246,247,237,
238,237,247,
247,248,238,
239,238,248,
248,249,239,
240,239,249,
249,250,240,
242,241,251,
251,252,242,
243,242,252,
252,253,243,
244,243,253,
253,254,244,
245,244,254,
254,255,245,
246,245,255,
255,256,246,
247,246,256,
256,257,247,
248,247,257,
257,258,248,
249,248,258,
258,259,249,
250,249,259,
259,260,250,
252,251,261,
261,262,252,
253,252,262,
262,263,253,
254,253,263,
263,264,254,
255,254,264,
264,265,255,
256,255,265,
265,266,256,
257,256,266,
266,267,257,
258,257,267,
267,268,258,
259,258,268,
268,269,259,
260,259,269,
269,270,260,
262,261,271,
271,272,262,
263,262,272,
272,273,263,
264,263,273,
273,274,264,
265,264,274,
274,275,265,
266,265,275,
275,276,266,
267,266,276,
276,277,267,
268,267,277,
277,278,268,
269,268,278,
278,279,269,
270,269,279,
279,280,270,
272,271,281,
281,282,272,
273,272,282,
282,283,273,
274,273,283,
283,284,274,
275,274,284,
284,285,275,
276,275,285,
285,286,276,
277,276,286,
286,287,277,
278,277,287,
287,288,278,
279,278,288,
288,289,279,
280,279,289,
289,290,280,
282,281,291,
291,292,282,
283,282,292,
292,293,283,
284,283,293,
293,294,284,
285,284,294,
294,295,285,
286,285,295,
295,296,286,
287,286,296,
296,297,287,
288,287,297,
297,298,288,
289,288,298,
298,299,289,
290,289,299,
299,300,290,
292,291,301,
301,302,292,
293,292,302,
302,303,293,
294,293,303,
303,304,294,
295,294,304,
304,305,295,
296,295,305,
305,306,296,
297,296,306,
306,307,297,
298,297,307,
307,308,298,
299,298,308,
308,309,299,
300,299,309,
309,310,300,
302,301,311,
311,312,302,
303,302,312,
312,313,303,
304,303,313,
313,314,304,
305,304,314,
314,315,305,
306,305,315,
315,316,306,
307,306,316,
316,317,307,
308,307,317,
317,318,308,
309,308,318,
318,319,309,
310,309,319,
319,320,310,
312,311,321,
321,322,312,
313,312,322,
322,323,313,
314,313,323,
323,324,314,
315,314,324,
324,325,315,
316,315,325,
325,326,316,
317,316,326,
326,327,317,
318,317,327,
327,328,318,
319,318,328,
328,329,319,
320,319,329,
329,330,320,
322,321,161,
161,162,322,
323,322,162,
162,163,323,
324,323,163,
163,164,324,
325,324,164,
164,165,325,
326,325,165,
165,166,326,
327,326,166,
166,167,327,
328,327,167,
167,168,328,
329,328,168,
168,169,329,
330,329,169,
169,170,330,
370,369,341,
341,342,370,
371,370,342,
342,343,371,
372,371,343,
343,344,372,
373,372,344,
344,345,373,
374,373,345,
345,346,374,
375,374,346,
346,347,375,
376,375,347,
347,348,376,
377,376,348,
348,349,377,
378,377,349,
349,350,378,
379,378,350,
350,351,379,
380,379,351,
351,352,380,
381,380,352,
352,353,381,
382,381,353,
353,354,382,
383,382,354,
354,355,383,
384,383,355,
355,356,384,
385,384,356,
356,357,385,
386,385,357,
357,358,386,
387,386,358,
358,359,387,
388,387,359,
359,360,388,
389,388,360,
360,361,389,
390,389,361,
361,362,390,
391,390,362,
362,363,391,
392,391,363,
363,364,392,
393,392,364,
364,365,393,
394,393,365,
365,366,394,
395,394,366,
366,367,395,
396,395,367,
367,368,396,
398,397,369,
369,370,398,
399,398,370,
370,371,399,
400,399,371,
371,372,400,
401,400,372,
372,373,401,
402,401,373,
373,374,402,
403,402,374,
374,375,403,
404,403,375,
375,376,404,
405,404,376,
376,377,405,
406,405,377,
377,378,406,
407,406,378,
378,379,407,
408,407,379,
379,380,408,
409,408,380,
380,381,409,
410,409,381,
381,382,410,
411,410,382,
382,383,411,
412,411,383,
383,384,412,
413,412,384,
384,385,413,
414,413,385,
385,386,414,
415,414,386,
386,387,415,
416,415,387,
387,388,416,
417,416,388,
388,389,417,
418,417,389,
389,390,418,
419,418,390,
390,391,419,
420,419,391,
391,392,420,
421,420,392,
392,393,421,
422,421,393,
393,394,422,
423,422,394,
394,395,423,
424,423,395,
395,396,424,
426,425,397,
397,398,426,
427,426,398,
398,399,427,
428,427,399,
399,400,428,
429,428,400,
400,401,429,
430,429,401,
401,402,430,
431,430,402,
402,403,431,
432,431,403,
403,404,432,
433,432,404,
404,405,433,
434,433,405,
405,406,434,
435,434,406,
406,407,435,
436,435,407,
407,408,436,
437,436,408,
408,409,437,
438,437,409,
409,410,438,
439,438,410,
410,411,439,
440,439,411,
411,412,440,
441,440,412,
412,413,441,
442,441,413,
413,414,442,
443,442,414,
414,415,443,
444,443,415,
415,416,444,
445,444,416,
416,417,445,
446,445,417,
417,418,446,
447,446,418,
418,419,447,
448,447,419,
419,420,448,
449,448,420,
420,421,449,
450,449,421,
421,422,450,
451,450,422,
422,423,451,
452,451,423,
423,424,452,
454,453,425,
425,426,454,
455,454,426,
426,427,455,
456,455,427,
427,428,456,
457,456,428,
428,429,457,
458,457,429,
429,430,458,
459,458,430,
430,431,459,
460,459,431,
431,432,460,
461,460,432,
432,433,461,
462,461,433,
433,434,462,
463,462,434,
434,435,463,
464,463,435,
435,436,464,
465,464,436,
436,437,465,
466,465,437,
437,438,466,
467,466,438,
438,439,467,
468,467,439,
439,440,468,
469,468,440,
440,441,469,
470,469,441,
441,442,470,
471,470,442,
442,443,471,
472,471,443,
443,444,472,
473,472,444,
444,445,473,
474,473,445,
445,446,474,
475,474,446,
446,447,475,
476,475,447,
447,448,476,
477,476,448,
448,449,477,
478,477,449,
449,450,478,
479,478,450,
450,451,479,
480,479,451,
451,452,480,
482,481,453,
453,454,482,
483,482,454,
454,455,483,
484,483,455,
455,456,484,
485,484,456,
456,457,485,
486,485,457,
457,458,486,
487,486,458,
458,459,487,
488,487,459,
459,460,488,
489,488,460,
460,461,489,
490,489,461,
461,462,490,
491,490,462,
462,463,491,
492,491,463,
463,464,492,
493,492,464,
464,465,493,
494,493,465,
465,466,494,
495,494,466,
466,467,495,
496,495,467,
467,468,496,
497,496,468,
468,469,497,
498,497,469,
469,470,498,
499,498,470,
470,471,499,
500,499,471,
471,472,500,
501,500,472,
472,473,501,
502,501,473,
473,474,502,
503,502,474,
474,475,503,
504,503,475,
475,476,504,
505,504,476,
476,477,505,
506,505,477,
477,478,506,
507,506,478,
478,479,507,
508,507,479,
479,480,508,
510,509,481,
481,482,510,
511,510,482,
482,483,511,
512,511,483,
483,484,512,
513,512,484,
484,485,513,
514,513,485,
485,486,514,
515,514,486,
486,487,515,
516,515,487,
487,488,516,
517,516,488,
488,489,517,
518,517,489,
489,490,518,
519,518,490,
490,491,519,
520,519,491,
491,492,520,
521,520,492,
492,493,521,
522,521,493,
493,494,522,
523,522,494,
494,495,523,
524,523,495,
495,496,524,
525,524,496,
496,497,525,
526,525,497,
497,498,526,
527,526,498,
498,499,527,
528,527,499,
499,500,528,
529,528,500,
500,501,529,
530,529,501,
501,502,530,
531,530,502,
502,503,531,
532,531,503,
503,504,532,
533,532,504,
504,505,533,
534,533,505,
505,506,534,
535,534,506,
506,507,535,
536,535,507,
507,508,536,
538,537,509,
509,510,538,
539,538,510,
510,511,539,
540,539,511,
511,512,540,
541,540,512,
512,513,541,
542,541,513,
513,514,542,
543,542,514,
514,515,543,
544,543,515,
515,516,544,
545,544,516,
516,517,545,
546,545,517,
517,518,546,
547,546,518,
518,519,547,
548,547,519,
519,520,548,
549,548,520,
520,521,549,
550,549,521,
521,522,550,
551,550,522,
522,523,551,
552,551,523,
523,524,552,
553,552,524,
524,525,553,
554,553,525,
525,526,554,
555,554,526,
526,527,555,
556,555,527,
527,528,556,
557,556,528,
528,529,557,
558,557,529,
529,530,558,
559,558,530,
530,531,559,
560,559,531,
531,532,560,
561,560,532,
532,533,561,
562,561,533,
533,534,562,
563,562,534,
534,535,563,
564,563,535,
535,536,564,
949,977,978,
978,950,949,
950,978,979,
979,951,950,
951,979,980,
980,952,951,
952,980,981,
981,953,952,
953,981,982,
982,954,953,
954,982,983,
983,955,954,
955,983,984,
984,956,955,
956,984,985,
985,957,956,
957,985,986,
986,958,957,
958,986,987,
987,959,958,
959,987,988,
988,960,959,
960,988,989,
989,961,960,
961,989,990,
990,962,961,
962,990,991,
991,963,962,
963,991,992,
992,964,963,
964,992,993,
993,965,964,
965,993,994,
994,966,965,
966,994,995,
995,967,966,
967,995,996,
996,968,967,
968,996,997,
997,969,968,
969,997,998,
998,970,969,
970,998,999,
999,971,970,
971,999,1000,
1000,972,971,
972,1000,1001,
1001,973,972,
973,1001,1002,
1002,974,973,
974,1002,1003,
1003,975,974,
975,1003,1004,
1004,976,975,
977,1005,1006,
1006,978,977,
978,1006,1007,
1007,979,978,
979,1007,1008,
1008,980,979,
980,1008,1009,
1009,981,980,
981,1009,1010,
1010,982,981,
982,1010,1011,
1011,983,982,
983,1011,1012,
1012,984,983,
984,1012,1013,
1013,985,984,
985,1013,1014,
1014,986,985,
986,1014,1015,
1015,987,986,
987,1015,1016,
1016,988,987,
988,1016,1017,
1017,989,988,
989,1017,1018,
1018,990,989,
990,1018,1019,
1019,991,990,
991,1019,1020,
1020,992,991,
992,1020,1021,
1021,993,992,
993,1021,1022,
1022,994,993,
994,1022,1023,
1023,995,994,
995,1023,1024,
1024,996,995,
996,1024,1025,
1025,997,996,
997,1025,1026,
1026,998,997,
998,1026,1027,
1027,999,998,
999,1027,1028,
1028,1000,999,
1000,1028,1029,
1029,1001,1000,
1001,1029,1030,
1030,1002,1001,
1002,1030,1031,
1031,1003,1002,
1003,1031,1032,
1032,1004,1003,
1005,1033,1034,
1034,1006,1005,
1006,1034,1035,
1035,1007,1006,
1007,1035,1036,
1036,1008,1007,
1008,1036,1037,
1037,1009,1008,
1009,1037,1038,
1038,1010,1009,
1010,1038,1039,
1039,1011,1010,
1011,1039,1040,
1040,1012,1011,
1012,1040,1041,
1041,1013,1012,
1013,1041,1042,
1042,1014,1013,
1014,1042,1043,
1043,1015,1014,
1015,1043,1044,
1044,1016,1015,
1016,1044,1045,
1045,1017,1016,
1017,1045,1046,
1046,1018,1017,
1018,1046,1047,
1047,1019,1018,
1019,1047,1048,
1048,1020,1019,
1020,1048,1049,
1049,1021,1020,
1021,1049,1050,
1050,1022,1021,
1022,1050,1051,
1051,1023,1022,
1023,1051,1052,
1052,1024,1023,
1024,1052,1053,
1053,1025,1024,
1025,1053,1054,
1054,1026,1025,
1026,1054,1055,
1055,1027,1026,
1027,1055,1056,
1056,1028,1027,
1028,1056,1057,
1057,1029,1028,
1029,1057,1058,
1058,1030,1029,
1030,1058,1059,
1059,1031,1030,
1031,1059,1060,
1060,1032,1031,
1033,1061,1062,
1062,1034,1033,
1034,1062,1063,
1063,1035,1034,
1035,1063,1064,
1064,1036,1035,
1036,1064,1065,
1065,1037,1036,
1037,1065,1066,
1066,1038,1037,
1038,1066,1067,
1067,1039,1038,
1039,1067,1068,
1068,1040,1039,
1040,1068,1069,
1069,1041,1040,
1041,1069,1070,
1070,1042,1041,
1042,1070,1071,
1071,1043,1042,
1043,1071,1072,
1072,1044,1043,
1044,1072,1073,
1073,1045,1044,
1045,1073,1074,
1074,1046,1045,
1046,1074,1075,
1075,1047,1046,
1047,1075,1076,
1076,1048,1047,
1048,1076,1077,
1077,1049,1048,
1049,1077,1078,
1078,1050,1049,
1050,1078,1079,
1079,1051,1050,
1051,1079,1080,
1080,1052,1051,
1052,1080,1081,
1081,1053,1052,
1053,1081,1082,
1082,1054,1053,
1054,1082,1083,
1083,1055,1054,
1055,1083,1084,
1084,1056,1055,
1056,1084,1085,
1085,1057,1056,
1057,1085,1086,
1086,1058,1057,
1058,1086,1087,
1087,1059,1058,
1059,1087,1088,
1088,1060,1059,
1061,1089,1090,
1090,1062,1061,
1062,1090,1091,
1091,1063,1062,
1063,1091,1092,
1092,1064,1063,
1064,1092,1093,
1093,1065,1064,
1065,1093,1094,
1094,1066,1065,
1066,1094,1095,
1095,1067,1066,
1067,1095,1096,
1096,1068,1067,
1068,1096,1097,
1097,1069,1068,
1069,1097,1098,
1098,1070,1069,
1070,1098,1099,
1099,1071,1070,
1071,1099,1100,
1100,1072,1071,
1072,1100,1101,
1101,1073,1072,
1073,1101,1102,
1102,1074,1073,
1074,1102,1103,
1103,1075,1074,
1075,1103,1104,
1104,1076,1075,
1076,1104,1105,
1105,1077,1076,
1077,1105,1106,
1106,1078,1077,
1078,1106,1107,
1107,1079,1078,
1079,1107,1108,
1108,1080,1079,
1080,1108,1109,
1109,1081,1080,
1081,1109,1110,
1110,1082,1081,
1082,1110,1111,
1111,1083,1082,
1083,1111,1112,
1112,1084,1083,
1084,1112,1113,
1113,1085,1084,
1085,1113,1114,
1114,1086,1085,
1086,1114,1115,
1115,1087,1086,
1087,1115,1116,
1116,1088,1087,
1089,1117,1118,
1118,1090,1089,
1090,1118,1119,
1119,1091,1090,
1091,1119,1120,
1120,1092,1091,
1092,1120,1121,
1121,1093,1092,
1093,1121,1122,
1122,1094,1093,
1094,1122,1123,
1123,1095,1094,
1095,1123,1124,
1124,1096,1095,
1096,1124,1125,
1125,1097,1096,
1097,1125,1126,
1126,1098,1097,
1098,1126,1127,
1127,1099,1098,
1099,1127,1128,
1128,1100,1099,
1100,1128,1129,
1129,1101,1100,
1101,1129,1130,
1130,1102,1101,
1102,1130,1131,
1131,1103,1102,
1103,1131,1132,
1132,1104,1103,
1104,1132,1133,
1133,1105,1104,
1105,1133,1134,
1134,1106,1105,
1106,1134,1135,
1135,1107,1106,
1107,1135,1136,
1136,1108,1107,
1108,1136,1137,
1137,1109,1108,
1109,1137,1138,
1138,1110,1109,
1110,1138,1139,
1139,1111,1110,
1111,1139,1140,
1140,1112,1111,
1112,1140,1141,
1141,1113,1112,
1113,1141,1142,
1142,1114,1113,
1114,1142,1143,
1143,1115,1114,
1115,1143,1144,
1144,1116,1115,
1117,1145,1146,
1146,1118,1117,
1118,1146,1147,
1147,1119,1118,
1119,1147,1148,
1148,1120,1119,
1120,1148,1149,
1149,1121,1120,
1121,1149,1150,
1150,1122,1121,
1122,1150,1151,
1151,1123,1122,
1123,1151,1152,
1152,1124,1123,
1124,1152,1153,
1153,1125,1124,
1125,1153,1154,
1154,1126,1125,
1126,1154,1155,
1155,1127,1126,
1127,1155,1156,
1156,1128,1127,
1128,1156,1157,
1157,1129,1128,
1129,1157,1158,
1158,1130,1129,
1130,1158,1159,
1159,1131,1130,
1131,1159,1160,
1160,1132,1131,
1132,1160,1161,
1161,1133,1132,
1133,1161,1162,
1162,1134,1133,
1134,1162,1163,
1163,1135,1134,
1135,1163,1164,
1164,1136,1135,
1136,1164,1165,
1165,1137,1136,
1137,1165,1166,
1166,1138,1137,
1138,1166,1167,
1167,1139,1138,
1139,1167,1168,
1168,1140,1139,
1140,1168,1169,
1169,1141,1140,
1141,1169,1170,
1170,1142,1141,
1142,1170,1171,
1171,1143,1142,
1143,1171,1172,
1172,1144,1143,
708,735,784,
618,635,791,
820,570,888,
740,683,750,
618,567,635,
763,674,778,
731,679,857,
695,793,798,
793,716,798,
731,744,911,
679,731,807,
852,702,897,
737,675,797,
686,736,746,
653,652,862,
674,747,778,
739,698,817,
753,676,830,
705,736,770,
735,708,868,
641,640,764,
746,653,862,
702,777,897,
681,755,813,
739,817,884,
711,753,830,
665,741,765,
877,733,882,
670,577,754,
636,569,866,
665,664,741,
736,705,856,
715,790,834,
843,691,867,
677,772,845,
753,698,775,
683,734,846,
609,771,806,
682,877,882,
744,672,911,
641,764,889,
745,707,882,
572,759,850,
648,647,743,
738,700,820,
657,766,873,
683,740,855,
824,650,844,
743,647,780,
569,761,866,
861,672,864,
790,714,792,
738,820,888,
781,691,843,
685,762,767,
688,737,797,
582,583,750,
736,686,770,
735,868,900,
854,728,939,
657,656,766,
868,673,900,
790,671,834,
725,681,853,
676,753,775,
730,892,818,
690,763,778,
645,819,839,
737,688,787,
728,854,897,
609,610,771,
698,739,775,
573,572,850,
600,599,752,
717,759,921,
733,745,882,
742,673,804,
845,772,903,
675,737,872,
730,869,892,
760,571,828,
747,696,778,
681,725,816,
705,828,856,
639,638,756,
813,673,939,
744,731,857,
734,683,855,
672,744,864,
671,790,792,
758,733,877,
755,710,813,
673,742,939,
684,735,802,
759,572,873,
770,686,886,
796,772,885,
708,784,892,
760,705,794,
745,631,894,
669,575,881,
578,670,815,
696,747,795,
783,622,793,
694,772,796,
574,659,757,
869,708,892,
582,750,859,
742,854,939,
754,577,809,
762,627,767,
675,786,797,
759,624,921,
768,692,814,
697,734,855,
759,717,850,
647,646,780,
590,591,765,
739,788,932,
666,665,765,
752,599,887,
740,697,855,
631,745,891,
651,824,862,
770,886,938,
783,695,788,
651,650,824,
734,757,846,
732,861,864,
645,644,819,
734,697,832,
873,766,945,
652,651,862,
673,813,900,
763,690,810,
698,753,846,
700,738,904,
697,740,822,
686,807,886,
661,660,774,
802,735,900,
732,870,929,
790,715,870,
670,754,815,
719,799,831,
648,743,800,
737,713,872,
752,887,936,
788,695,932,
623,622,783,
740,584,822,
614,615,768,
756,693,841,
741,664,826,
598,565,836,
616,617,773,
808,899,915,
762,685,910,
718,759,873,
625,624,759,
710,751,802,
771,709,842,
793,621,923,
575,594,809,
752,691,781,
787,607,823,
764,725,889,
735,684,842,
637,636,866,
684,771,842,
755,681,816,
718,767,940,
765,591,803,
653,746,848,
717,783,788,
705,760,828,
721,762,845,
753,683,846,
628,627,762,
726,824,844,
905,811,920,
728,813,939,
768,615,874,
695,783,793,
707,745,893,
585,586,769,
751,710,890,
584,740,934,
573,788,884,
835,569,931,
808,720,899,
887,719,936,
622,621,793,
675,751,890,
674,808,811,
847,637,866,
565,579,836,
751,684,802,
688,785,787,
611,789,865,
611,612,789,
805,581,859,
722,811,905,
816,693,942,
713,737,823,
606,607,787,
574,757,930,
819,723,839,
712,773,801,
666,765,803,
761,569,835,
750,583,934,
743,780,916,
737,787,823,
825,699,944,
603,604,761,
699,791,944,
792,687,869,
799,704,831,
773,699,801,
594,575,878,
748,835,931,
751,675,872,
725,764,816,
712,768,874,
774,660,832,
643,642,776,
845,762,910,
785,606,787,
660,574,930,
581,582,859,
743,696,800,
760,685,766,
694,893,894,
747,674,906,
750,683,880,
757,659,817,
701,761,902,
804,673,868,
718,873,945,
605,606,785,
789,709,865,
627,626,767,
591,592,803,
767,626,940,
631,630,894,
807,731,886,
571,760,898,
789,724,849,
756,638,820,
693,756,927,
780,690,916,
755,816,942,
705,770,935,
788,739,884,
759,718,940,
764,640,841,
762,721,933,
702,776,853,
805,711,830,
686,746,883,
693,764,841,
713,751,872,
748,602,835,
746,736,848,
685,760,794,
730,792,869,
711,750,880,
827,706,829,
704,805,830,
727,827,829,
568,600,851,
619,568,851,
681,777,853,
689,790,870,
771,684,806,
698,757,817,
696,743,916,
808,714,811,
807,686,883,
870,715,929,
639,756,841,
786,700,797,
667,666,803,
579,580,799,
620,619,781,
769,697,822,
740,750,934,
618,791,879,
767,718,945,
570,637,888,
773,617,879,
614,768,814,
761,701,866,
621,620,843,
893,745,894,
600,752,851,
899,687,915,
683,753,880,
840,732,929,
849,724,913,
732,840,861,
777,702,853,
676,775,798,
733,758,907,
685,767,945,
757,734,930,
617,618,879,
751,713,917,
758,633,907,
609,806,901,
750,711,859,
649,648,800,
697,774,832,
716,843,867,
729,772,938,
630,629,812,
772,677,938,
689,905,920,
721,845,903,
578,815,912,
788,573,850,
764,693,816,
726,795,858,
676,779,830,
592,593,838,
664,663,826,
656,571,898,
840,707,861,
723,819,852,
753,711,880,
745,733,891,
772,729,885,
784,680,892,
803,592,838,
824,726,858,
760,766,898,
776,702,863,
691,752,936,
607,608,823,
603,761,835,
585,769,822,
819,702,852,
765,741,941,
590,765,941,
703,824,858,
757,698,846,
586,587,896,
838,593,878,
779,704,830,
628,762,933,
613,614,814,
621,843,923,
675,890,942,
799,719,836,
854,678,897,
602,603,835,
746,862,883,
761,604,902,
678,852,897,
680,784,849,
579,799,836,
738,860,904,
625,759,940,
778,696,916,
584,585,822,
659,658,817,
638,570,820,
640,639,841,
862,703,883,
742,804,899,
833,715,834,
807,703,858,
779,691,831,
780,646,839,
766,685,945,
588,589,821,
776,642,889,
769,586,896,
886,729,938,
810,723,852,
663,662,946,
595,596,754,
786,675,942,
587,829,896,
798,716,924,
809,577,881,
782,682,833,
720,763,871,
692,768,928,
699,773,879,
784,709,849,
876,747,906,
684,751,917,
795,679,858,
766,656,898,
773,712,874,
594,595,809,
823,608,901,
785,688,860,
754,596,815,
804,687,899,
644,643,863,
821,589,941,
697,769,943,
620,781,843,
700,756,820,
583,584,934,
649,800,844,
722,876,906,
784,735,842,
763,810,871,
674,763,919,
812,694,894,
571,655,828,
616,773,874,
709,784,842,
785,701,902,
704,779,831,
662,827,946,
795,726,922,
752,781,851,
791,699,879,
741,821,941,
709,771,865,
717,788,850,
679,807,858,
769,706,943,
633,632,907,
783,717,921,
768,712,928,
691,779,867,
593,594,878,
696,795,922,
794,705,935,
819,644,863,
632,631,891,
706,769,896,
763,720,919,
632,891,907,
667,803,838,
709,789,849,
774,706,875,
774,697,943,
643,776,863,
725,776,889,
706,774,943,
678,810,852,
701,785,860,
602,748,895,
771,610,865,
608,609,901,
738,847,860,
690,778,916,
580,581,908,
724,789,909,
860,688,904,
796,672,861,
711,805,859,
646,645,839,
824,703,862,
710,755,890,
668,667,838,
661,774,875,
890,755,942,
595,754,809,
630,812,894,
650,649,844,
721,812,933,
662,661,875,
672,796,885,
700,786,927,
813,710,900,
775,739,932,
794,677,845,
720,854,899,
756,700,927,
727,821,826,
654,653,848,
821,741,826,
581,805,908,
814,724,909,
817,658,884,
713,823,901,
575,668,878,
832,660,930,
596,597,947,
668,838,878,
857,722,905,
779,676,924,
776,725,853,
826,663,946,
789,612,909,
682,782,877,
601,602,895,
708,804,868,
610,611,865,
716,867,924,
655,654,856,
703,807,883,
714,790,920,
828,655,856,
854,742,899,
798,775,932,
792,714,915,
790,689,920,
687,792,915,
777,681,937,
707,796,861,
797,700,904,
704,799,908,
613,814,909,
623,783,921,
744,857,905,
695,798,932,
587,588,918,
777,728,897,
677,794,935,
605,785,902,
615,616,874,
654,848,856,
804,708,869,
572,657,873,
891,733,907,
781,619,851,
805,704,908,
827,662,875,
687,804,869,
723,810,925,
710,802,900,
604,605,902,
728,777,937,
694,812,903,
716,793,923,
812,721,903,
791,635,944,
812,629,933,
796,707,893,
935,770,938,
626,625,940,
690,780,925,
629,628,933,
624,623,921,
597,566,914,
810,690,925,
658,573,884,
599,598,887,
674,811,906,
566,601,914,
815,749,912,
612,613,909,
642,641,889,
914,749,947,
694,796,893,
702,819,863,
795,747,876,
635,634,944,
772,694,903,
847,701,860,
864,689,870,
722,857,876,
577,669,881,
679,795,876,
811,722,906,
589,590,941,
815,596,947,
681,813,937,
808,674,919,
840,682,882,
598,836,887,
688,797,904,
713,806,917,
676,798,924,
706,827,875,
677,935,938,
854,720,871,
806,684,917,
799,580,908,
810,678,871,
806,713,901,
821,727,918,
829,587,918,
588,821,918,
720,808,919,
844,800,922,
848,736,856,
780,839,925,
813,728,937,
732,864,870,
800,696,922,
829,706,896,
734,832,930,
693,927,942,
678,854,871,
857,679,876,
680,818,892,
839,723,925,
836,719,887,
895,748,912,
847,738,888,
864,744,905,
719,831,936,
597,914,947,
843,716,923,
727,826,946,
575,809,881,
707,840,882,
685,794,910,
833,682,929,
680,849,913,
714,808,915,
715,833,929,
689,864,905,
811,714,920,
831,691,936,
927,786,942,
701,847,866,
749,895,912,
727,829,918,
637,847,888,
886,731,911,
634,825,944,
827,727,946,
895,749,914,
794,845,910,
729,886,911,
578,912,931,
885,729,911,
867,779,924,
682,840,929,
726,844,922,
672,885,911,
749,815,947,
601,895,914,
912,748,931,
569,578,931,
669,948,575,
669,576,948,
1392,1343,1316,
1399,635,1226,
1496,1178,1428,
1358,1291,1348,
635,567,1226,
1386,1282,1371,
1465,1287,1339,
1406,1401,1303,
1406,1324,1401,
1519,1352,1339,
1415,1339,1287,
1505,1310,1460,
1405,1283,1345,
1354,1344,1294,
1470,1260,1261,
1386,1355,1282,
1425,1306,1347,
1438,1284,1361,
1378,1344,1313,
1476,1316,1343,
1372,1248,1249,
1470,1261,1354,
1505,1385,1310,
1421,1363,1289,
1492,1425,1347,
1438,1361,1319,
1373,1349,1273,
1490,1341,1485,
1362,1185,1278,
1474,1177,1244,
1349,1272,1273,
1464,1313,1344,
1442,1398,1323,
1475,1299,1451,
1453,1380,1285,
1383,1306,1361,
1454,1342,1291,
1414,1379,1217,
1490,1485,1290,
1519,1280,1352,
1497,1372,1249,
1490,1315,1353,
1458,1367,1180,
1351,1255,1256,
1428,1308,1346,
1481,1374,1265,
1463,1348,1291,
1452,1258,1432,
1388,1255,1351,
1474,1369,1177,
1472,1280,1469,
1400,1322,1398,
1496,1428,1346,
1451,1299,1389,
1375,1370,1293,
1405,1345,1296,
1358,1191,1190,
1378,1294,1344,
1508,1476,1343,
1547,1336,1462,
1374,1264,1265,
1508,1281,1476,
1442,1279,1398,
1461,1289,1333,
1383,1361,1284,
1426,1500,1338,
1386,1371,1298,
1447,1427,1253,
1395,1296,1345,
1505,1462,1336,
1379,1218,1217,
1383,1347,1306,
1458,1180,1181,
1360,1207,1208,
1529,1367,1325,
1490,1353,1341,
1412,1281,1350,
1511,1380,1453,
1480,1345,1283,
1500,1477,1338,
1436,1179,1368,
1386,1304,1355,
1424,1333,1289,
1464,1436,1313,
1364,1246,1247,
1547,1281,1421,
1465,1339,1352,
1463,1291,1342,
1472,1352,1280,
1400,1398,1279,
1485,1341,1366,
1421,1318,1363,
1547,1350,1281,
1410,1343,1292,
1481,1180,1367,
1494,1294,1378,
1493,1380,1404,
1500,1392,1316,
1402,1313,1368,
1502,631,1353,
1489,1183,1277,
1423,1278,1186,
1403,1355,1304,
1401,622,1391,
1404,1380,1302,
1365,1267,1182,
1500,1316,1477,
1467,1358,1190,
1547,1462,1350,
1417,1185,1362,
1375,627,1370,
1405,1394,1283,
1529,624,1367,
1422,1300,1376,
1463,1342,1305,
1458,1325,1367,
1388,1254,1255,
1373,1199,1198,
1540,1396,1347,
1373,1273,1274,
1495,1207,1360,
1463,1305,1348,
1499,1353,631,
1470,1432,1259,
1546,1494,1378,
1396,1303,1391,
1432,1258,1259,
1454,1365,1342,
1472,1469,1340,
1427,1252,1253,
1440,1305,1342,
1553,1374,1481,
1470,1259,1260,
1508,1421,1281,
1418,1298,1371,
1454,1361,1306,
1512,1346,1308,
1430,1348,1305,
1494,1415,1294,
1382,1268,1269,
1508,1343,1410,
1537,1478,1340,
1478,1323,1398,
1423,1362,1278,
1439,1407,1327,
1408,1351,1256,
1480,1321,1345,
1544,1495,1360,
1540,1303,1396,
1391,622,623,
1430,1192,1348,
1376,1223,1222,
1449,1301,1364,
1434,1272,1349,
1444,1173,1206,
1381,1225,1224,
1523,1507,1416,
1518,1293,1370,
1481,1367,1326,
1367,624,625,
1410,1359,1318,
1450,1317,1379,
1531,621,1401,
1417,1202,1183,
1389,1299,1360,
1431,1215,1395,
1497,1333,1372,
1450,1292,1343,
1474,1244,1245,
1450,1379,1292,
1424,1289,1363,
1548,1375,1326,
1411,1199,1373,
1456,1354,1261,
1396,1391,1325,
1436,1368,1313,
1453,1370,1329,
1454,1291,1361,
1370,627,628,
1452,1432,1334,
1528,1419,1513,
1547,1421,1336,
1482,1223,1376,
1401,1391,1303,
1501,1353,1315,
1377,1194,1193,
1498,1318,1359,
1542,1348,1192,
1492,1396,1181,
1539,1177,1443,
1507,1328,1416,
1544,1327,1495,
1401,621,622,
1498,1359,1283,
1419,1416,1282,
1474,1245,1455,
1444,1187,1173,
1410,1292,1359,
1395,1393,1296,
1473,1397,1219,
1397,1220,1219,
1467,1189,1413,
1513,1419,1330,
1550,1301,1424,
1431,1345,1321,
1395,1215,1214,
1538,1365,1182,
1447,1331,1427,
1409,1381,1320,
1411,1373,1274,
1443,1177,1369,
1542,1191,1358,
1524,1388,1351,
1431,1395,1345,
1552,1307,1433,
1369,1212,1211,
1552,1399,1307,
1477,1295,1400,
1439,1312,1407,
1409,1307,1381,
1486,1183,1202,
1539,1443,1356,
1480,1283,1359,
1424,1372,1333,
1482,1376,1320,
1440,1268,1382,
1384,1250,1251,
1518,1370,1453,
1395,1214,1393,
1538,1182,1268,
1467,1190,1189,
1408,1304,1351,
1374,1293,1368,
1502,1501,1302,
1514,1282,1355,
1488,1291,1358,
1425,1267,1365,
1510,1369,1309,
1476,1281,1412,
1553,1481,1326,
1393,1214,1213,
1473,1317,1397,
1375,626,627,
1411,1200,1199,
1548,626,1375,
1502,630,631,
1494,1339,1415,
1506,1368,1179,
1457,1332,1397,
1428,1246,1364,
1535,1364,1301,
1524,1298,1388,
1550,1424,1363,
1543,1378,1313,
1492,1347,1396,
1548,1326,1367,
1449,1248,1372,
1541,1329,1370,
1461,1384,1310,
1438,1319,1413,
1491,1354,1294,
1449,1372,1301,
1480,1359,1321,
1443,1210,1356,
1456,1344,1354,
1402,1368,1293,
1477,1400,1338,
1488,1358,1319,
1437,1314,1435,
1438,1413,1312,
1437,1435,1335,
1459,1208,568,
1459,568,619,
1461,1385,1289,
1478,1398,1297,
1414,1292,1379,
1425,1365,1306,
1524,1351,1304,
1419,1322,1416,
1491,1294,1415,
1537,1323,1478,
1449,1364,1247,
1405,1308,1394,
1411,1274,1275,
1407,1188,1187,
1389,619,620,
1430,1305,1377,
1542,1358,1348,
1487,1399,1226,
1553,1326,1375,
1496,1245,1178,
1487,1225,1381,
1422,1376,1222,
1474,1309,1369,
1451,620,621,
1502,1353,1501,
1459,1360,1208,
1523,1295,1507,
1488,1361,1291,
1537,1340,1448,
1521,1332,1457,
1469,1448,1340,
1461,1310,1385,
1406,1383,1284,
1515,1366,1341,
1553,1375,1293,
1538,1342,1365,
1487,1226,1225,
1525,1321,1359,
1515,633,1366,
1509,1414,1217,
1467,1319,1358,
1408,1256,1257,
1440,1382,1305,
1475,1451,1324,
1546,1380,1337,
1420,629,630,
1546,1285,1380,
1528,1513,1297,
1511,1453,1329,
1520,1423,1186,
1458,1181,1396,
1424,1301,1372,
1466,1403,1334,
1438,1387,1284,
1446,1201,1200,
1434,1271,1272,
1506,1179,1264,
1469,1315,1448,
1460,1427,1331,
1488,1319,1361,
1499,1341,1353,
1493,1337,1380,
1500,1288,1392,
1446,1200,1411,
1466,1334,1432,
1506,1374,1368,
1471,1310,1384,
1544,1360,1299,
1431,1216,1215,
1443,1369,1211,
1430,1377,1193,
1460,1310,1427,
1549,1349,1373,
1549,1373,1198,
1466,1432,1311,
1454,1306,1365,
1504,1195,1194,
1486,1201,1446,
1438,1312,1387,
1541,1370,628,
1422,1222,1221,
1531,1451,621,
1550,1498,1283,
1444,1327,1407,
1505,1286,1462,
1443,1211,1210,
1491,1470,1354,
1510,1212,1369,
1505,1460,1286,
1457,1392,1288,
1444,1407,1187,
1512,1468,1346,
1548,1367,625,
1524,1304,1386,
1430,1193,1192,
1425,1266,1267,
1428,1178,1246,
1449,1247,1248,
1491,1311,1470,
1507,1412,1350,
1442,1323,1441,
1466,1311,1415,
1439,1299,1387,
1447,1254,1388,
1553,1293,1374,
1429,1197,1196,
1497,1250,1384,
1504,1194,1377,
1546,1337,1494,
1460,1331,1418,
1554,1270,1271,
1362,1204,1203,
1550,1283,1394,
1504,1437,1195,
1532,1324,1406,
1489,1185,1417,
1441,1290,1390,
1479,1371,1328,
1536,1376,1300,
1487,1381,1307,
1457,1317,1392,
1514,1355,1484,
1525,1359,1292,
1466,1287,1403,
1506,1264,1374,
1482,1320,1381,
1417,1203,1202,
1509,1216,1431,
1468,1296,1393,
1423,1204,1362,
1507,1295,1412,
1471,1251,1252,
1549,1197,1429,
1551,1377,1305,
1451,1389,620,
1428,1364,1308,
1542,1192,1191,
1452,1408,1257,
1514,1484,1330,
1450,1343,1392,
1479,1418,1371,
1527,1371,1282,
1502,1302,1420,
1436,1263,1179,
1482,1381,1224,
1450,1392,1317,
1510,1309,1393,
1439,1387,1312,
1554,1435,1270,
1530,1334,1403,
1459,1389,1360,
1487,1307,1399,
1549,1429,1349,
1473,1379,1317,
1458,1396,1325,
1466,1415,1287,
1551,1314,1377,
1515,632,633,
1529,1325,1391,
1536,1320,1376,
1475,1387,1299,
1486,1202,1201,
1530,1403,1304,
1543,1313,1402,
1471,1252,1427,
1499,631,632,
1504,1377,1314,
1527,1328,1371,
1515,1499,632,
1446,1411,1275,
1457,1397,1317,
1483,1314,1382,
1551,1305,1382,
1471,1384,1251,
1497,1384,1333,
1551,1382,1314,
1460,1418,1286,
1468,1393,1309,
1503,1356,1210,
1473,1218,1379,
1509,1217,1216,
1468,1455,1346,
1524,1386,1298,
1516,1189,1188,
1517,1397,1332,
1512,1296,1468,
1469,1280,1404,
1467,1413,1319,
1447,1253,1254,
1470,1311,1432,
1498,1363,1318,
1446,1275,1276,
1483,1382,1269,
1550,1363,1498,
1417,1362,1203,
1502,1420,630,
1452,1257,1258,
1541,1420,1329,
1483,1269,1270,
1493,1404,1280,
1535,1394,1308,
1508,1318,1421,
1540,1347,1383,
1453,1285,1402,
1507,1462,1328,
1535,1308,1364,
1434,1429,1335,
1456,1261,1262,
1434,1349,1429,
1516,1413,1189,
1517,1332,1422,
1492,1266,1425,
1509,1431,1321,
1486,1276,1183,
1538,1268,1440,
1555,1205,1204,
1486,1446,1276,
1513,1330,1465,
1532,1284,1387,
1461,1333,1384,
1554,1271,1434,
1517,1220,1397,
1485,1390,1290,
1503,1210,1209,
1476,1412,1316,
1473,1219,1218,
1532,1475,1324,
1464,1262,1263,
1491,1415,1311,
1528,1398,1322,
1464,1263,1436,
1507,1350,1462,
1540,1383,1406,
1523,1322,1400,
1528,1297,1398,
1523,1400,1295,
1545,1289,1385,
1469,1404,1315,
1512,1308,1405,
1516,1407,1312,
1517,1422,1221,
1529,1391,623,
1513,1465,1352,
1540,1406,1303,
1526,1196,1195,
1505,1336,1385,
1543,1402,1285,
1510,1393,1213,
1482,1224,1223,
1464,1456,1262,
1477,1316,1412,
1481,1265,1180,
1515,1341,1499,
1459,619,1389,
1516,1312,1413,
1483,1270,1435,
1477,1412,1295,
1533,1418,1331,
1508,1410,1318,
1510,1213,1212,
1545,1385,1336,
1511,1420,1302,
1531,1401,1324,
1511,1329,1420,
1552,635,1399,
1541,629,1420,
1501,1315,1404,
1546,1378,1543,
1548,625,626,
1533,1388,1298,
1541,628,629,
1529,623,624,
1522,1174,1205,
1533,1298,1418,
1492,1181,1266,
1495,1206,1207,
1514,1419,1282,
1522,1209,1174,
1520,1357,1423,
1517,1221,1220,
1497,1249,1250,
1555,1357,1522,
1501,1404,1302,
1471,1427,1310,
1484,1355,1403,
1552,634,635,
1511,1302,1380,
1468,1309,1455,
1478,1297,1472,
1484,1465,1330,
1489,1277,1185,
1484,1403,1287,
1514,1330,1419,
1549,1198,1197,
1555,1204,1423,
1545,1421,1289,
1527,1282,1416,
1490,1290,1448,
1495,1444,1206,
1512,1405,1296,
1525,1414,1321,
1532,1406,1284,
1483,1435,1314,
1546,1543,1285,
1479,1328,1462,
1525,1292,1414,
1516,1188,1407,
1479,1286,1418,
1509,1321,1414,
1526,1335,1429,
1526,1195,1437,
1526,1429,1196,
1527,1416,1328,
1530,1408,1452,
1464,1344,1456,
1533,1447,1388,
1545,1336,1421,
1478,1472,1340,
1530,1304,1408,
1504,1314,1437,
1538,1440,1342,
1550,1535,1301,
1479,1462,1286,
1484,1287,1465,
1500,1426,1288,
1533,1331,1447,
1495,1327,1444,
1520,1356,1503,
1496,1346,1455,
1513,1352,1472,
1544,1439,1327,
1555,1522,1205,
1531,1324,1451,
1554,1434,1335,
1489,1417,1183,
1490,1448,1315,
1518,1402,1293,
1537,1290,1441,
1521,1457,1288,
1523,1416,1322,
1537,1441,1323,
1513,1472,1297,
1528,1322,1419,
1544,1299,1439,
1550,1394,1535,
1474,1455,1309,
1520,1503,1357,
1526,1437,1335,
1496,1455,1245,
1519,1339,1494,
1552,1433,634,
1554,1335,1435,
1522,1357,1503,
1518,1453,1402,
1519,1494,1337,
1539,1520,1186,
1519,1337,1493,
1532,1387,1475,
1537,1448,1290,
1530,1452,1334,
1519,1493,1280,
1555,1423,1357,
1522,1503,1209,
1539,1356,1520,
1539,1186,1177,
1183,1556,1277,
1556,1184,1277,
84.85281 ,50.91169 ,
85.95590 ,52.01477 ,
87.05192 ,53.11079 ,
88.15500 ,54.21388 ,
89.25102 ,55.30989 ,
90.35410 ,56.41298 ,
91.45012 ,57.50899 ,
92.55321 ,58.61208 ,
93.64922 ,59.70810 ,
94.75231 ,60.81118 ,
83.79215 ,51.97235 ,
84.89524 ,53.07543 ,
85.99126 ,54.17145 ,
87.09434 ,55.27454 ,
88.19036 ,56.37055 ,
89.29344 ,57.47364 ,
90.38946 ,58.56965 ,
91.49255 ,59.67274 ,
92.58856 ,60.76876 ,
93.69165 ,61.87184 ,
82.73149 ,53.03301 ,
83.83458 ,54.13610 ,
84.93060 ,55.23211 ,
86.03368 ,56.33520 ,
87.12970 ,57.43121 ,
88.23278 ,58.53430 ,
89.32880 ,59.63031 ,
90.43189 ,60.73340 ,
91.52790 ,61.82942 ,
92.63099 ,62.93250 ,
81.67083 ,54.09367 ,
82.77392 ,55.19676 ,
83.86994 ,56.29277 ,
84.97302 ,57.39586 ,
86.06904 ,58.49187 ,
87.17212 ,59.59496 ,
88.26814 ,60.69098 ,
89.37123 ,61.79406 ,
90.46724 ,62.89008 ,
91.57033 ,63.99316 ,
80.61017 ,55.15433 ,
81.71326 ,56.25742 ,
82.80928 ,57.35343 ,
83.91236 ,58.45652 ,
85.00838 ,59.55253 ,
86.11146 ,60.65562 ,
87.20748 ,61.75164 ,
88.31057 ,62.85472 ,
89.40658 ,63.95074 ,
90.50967 ,65.05382 ,
79.54951 ,56.21499 ,
80.65260 ,57.31808 ,
81.74861 ,58.41409 ,
82.85170 ,59.51718 ,
83.94772 ,60.61319 ,
85.05080 ,61.71628 ,
86.14682 ,62.81230 ,
87.24991 ,63.91538 ,
88.34592 ,65.01140 ,
89.44901 ,66.11448 ,
78.48885 ,57.27565 ,
79.59194 ,58.37874 ,
80.68795 ,59.47475 ,
81.79104 ,60.57784 ,
82.88706 ,61.67385 ,
83.99014 ,62.77694 ,
85.08616 ,63.87296 ,
86.18925 ,64.97604 ,
87.28526 ,66.07206 ,
88.38835 ,67.17514 ,
77.42819 ,58.33631 ,
78.53128 ,59.43940 ,
79.62729 ,60.53541 ,
80.73038 ,61.63850 ,
81.82640 ,62.73451 ,
82.92948 ,63.83760 ,
84.02550 ,64.93362 ,
85.12859 ,66.03670 ,
86.22460 ,67.13272 ,
87.32769 ,68.23580 ,
76.36753 ,59.39697 ,
77.47062 ,60.50006 ,
78.56663 ,61.59607 ,
79.66972 ,62.69916 ,
80.76574 ,63.79517 ,
81.86882 ,64.89826 ,
82.96484 ,65.99428 ,
84.06793 ,67.09736 ,
85.16394 ,68.19338 ,
86.26703 ,69.29646 ,
75.30687 ,60.45763 ,
76.40996 ,61.56072 ,
77.50597 ,62.65673 ,
78.60906 ,63.75982 ,
79.70508 ,64.85583 ,
80.80816 ,65.95892 ,
81.90418 ,67.05494 ,
83.00727 ,68.15802 ,
84.10328 ,69.25404 ,
85.20637 ,70.35712 ,
74.24621 ,61.51829 ,
75.34930 ,62.62138 ,
76.44531 ,63.71739 ,
77.54840 ,64.82048 ,
78.64442 ,65.91649 ,
79.74750 ,67.01958 ,
80.84352 ,68.11560 ,
81.94660 ,69.21868 ,
83.04262 ,70.31470 ,
84.14571 ,71.41778 ,
73.18555 ,62.57895 ,
74.28864 ,63.68204 ,
75.38465 ,64.77805 ,
76.48774 ,65.88114 ,
77.58376 ,66.97715 ,
78.68684 ,68.08024 ,
79.78286 ,69.17626 ,
80.88594 ,70.27934 ,
81.98196 ,71.37536 ,
83.08505 ,72.47845 ,
72.12489 ,63.63961 ,
73.22798 ,64.74270 ,
74.32399 ,65.83871 ,
75.42708 ,66.94180 ,
76.52310 ,68.03781 ,
77.62618 ,69.14090 ,
78.72220 ,70.23692 ,
79.82528 ,71.34000 ,
80.92130 ,72.43602 ,
82.02439 ,73.53911 ,
71.06423 ,64.70027 ,
72.16732 ,65.80336 ,
73.26333 ,66.89937 ,
74.36642 ,68.00246 ,
75.46244 ,69.09847 ,
76.56552 ,70.20156 ,
77.66154 ,71.29758 ,
78.76462 ,72.40066 ,
79.86064 ,73.49668 ,
80.96373 ,74.59977 ,
70.00357 ,65.76093 ,
71.10666 ,66.86402 ,
72.20267 ,67.96003 ,
73.30576 ,69.06312 ,
74.40178 ,70.15913 ,
75.50486 ,71.26222 ,
76.60088 ,72.35824 ,
77.70396 ,73.46132 ,
78.79998 ,74.55734 ,
79.90307 ,75.66043 ,
68.94291 ,66.82159 ,
70.04600 ,67.92468 ,
71.14201 ,69.02069 ,
72.24510 ,70.12378 ,
73.34112 ,71.21980 ,
74.44420 ,72.32288 ,
75.54022 ,73.41890 ,
76.64330 ,74.52198 ,
77.73932 ,75.61800 ,
78.84241 ,76.72109 ,
67.88225 ,67.88225 ,
68.98534 ,68.98534 ,
70.08135 ,70.08135 ,
71.18444 ,71.18444 ,
72.28046 ,72.28046 ,
73.38354 ,73.38354 ,
74.47956 ,74.47956 ,
75.58264 ,75.58264 ,
76.67866 ,76.67866 ,
77.78175 ,77.78175 ,
50.91169 ,84.85281 ,
52.01477 ,85.95590 ,
53.11079 ,87.05192 ,
54.21388 ,88.15500 ,
55.30989 ,89.25102 ,
56.41298 ,90.35410 ,
57.50899 ,91.45012 ,
58.61208 ,92.55321 ,
59.70810 ,93.64922 ,
60.81118 ,94.75231 ,
51.97235 ,83.79215 ,
53.07543 ,84.89524 ,
54.17145 ,85.99126 ,
55.27454 ,87.09434 ,
56.37055 ,88.19036 ,
57.47364 ,89.29344 ,
58.56965 ,90.38946 ,
59.67274 ,91.49255 ,
60.76876 ,92.58856 ,
61.87184 ,93.69165 ,
53.03301 ,82.73149 ,
54.13610 ,83.83458 ,
55.23211 ,84.93060 ,
56.33520 ,86.03368 ,
57.43121 ,87.12970 ,
58.53430 ,88.23278 ,
59.63031 ,89.32880 ,
60.73340 ,90.43189 ,
61.82942 ,91.52790 ,
62.93250 ,92.63099 ,
54.09367 ,81.67083 ,
55.19676 ,82.77392 ,
56.29277 ,83.86994 ,
57.39586 ,84.97302 ,
58.49187 ,86.06904 ,
59.59496 ,87.17212 ,
60.69098 ,88.26814 ,
61.79406 ,89.37123 ,
62.89008 ,90.46724 ,
63.99316 ,91.57033 ,
55.15433 ,80.61017 ,
56.25742 ,81.71326 ,
57.35343 ,82.80928 ,
58.45652 ,83.91236 ,
59.55253 ,85.00838 ,
60.65562 ,86.11146 ,
61.75164 ,87.20748 ,
62.85472 ,88.31057 ,
63.95074 ,89.40658 ,
65.05382 ,90.50967 ,
56.21499 ,79.54951 ,
57.31808 ,80.65260 ,
58.41409 ,81.74861 ,
59.51718 ,82.85170 ,
60.61319 ,83.94772 ,
61.71628 ,85.05080 ,
62.81230 ,86.14682 ,
63.91538 ,87.24991 ,
65.01140 ,88.34592 ,
66.11448 ,89.44901 ,
57.27565 ,78.48885 ,
58.37874 ,79.59194 ,
59.47475 ,80.68795 ,
60.57784 ,81.79104 ,
61.67385 ,82.88706 ,
62.77694 ,83.99014 ,
63.87296 ,85.08616 ,
64.97604 ,86.18925 ,
66.07206 ,87.28526 ,
67.17514 ,88.38835 ,
58.33631 ,77.42819 ,
59.43940 ,78.53128 ,
60.53541 ,79.62729 ,
61.63850 ,80.73038 ,
62.73451 ,81.82640 ,
63.83760 ,82.92948 ,
64.93362 ,84.02550 ,
66.03670 ,85.12859 ,
67.13272 ,86.22460 ,
68.23580 ,87.32769 ,
59.39697 ,76.36753 ,
60.50006 ,77.47062 ,
61.59607 ,78.56663 ,
62.69916 ,79.66972 ,
63.79517 ,80.76574 ,
64.89826 ,81.86882 ,
65.99428 ,82.96484 ,
67.09736 ,84.06793 ,
68.19338 ,85.16394 ,
69.29646 ,86.26703 ,
60.45763 ,75.30687 ,
61.56072 ,76.40996 ,
62.65673 ,77.50597 ,
63.75982 ,78.60906 ,
64.85583 ,79.70508 ,
65.95892 ,80.80816 ,
67.05494 ,81.90418 ,
68.15802 ,83.00727 ,
69.25404 ,84.10328 ,
70.35712 ,85.20637 ,
61.51829 ,74.24621 ,
62.62138 ,75.34930 ,
63.71739 ,76.44531 ,
64.82048 ,77.54840 ,
65.91649 ,78.64442 ,
67.01958 ,79.74750 ,
68.11560 ,80.84352 ,
69.21868 ,81.94660 ,
70.31470 ,83.04262 ,
71.41778 ,84.14571 ,
62.57895 ,73.18555 ,
63.68204 ,74.28864 ,
64.77805 ,75.38465 ,
65.88114 ,76.48774 ,
66.97715 ,77.58376 ,
68.08024 ,78.68684 ,
69.17626 ,79.78286 ,
70.27934 ,80.88594 ,
71.37536 ,81.98196 ,
72.47845 ,83.08505 ,
63.63961 ,72.12489 ,
64.74270 ,73.22798 ,
65.83871 ,74.32399 ,
66.94180 ,75.42708 ,
68.03781 ,76.52310 ,
69.14090 ,77.62618 ,
70.23692 ,78.72220 ,
71.34000 ,79.82528 ,
72.43602 ,80.92130 ,
73.53911 ,82.02439 ,
64.70027 ,71.06423 ,
65.80336 ,72.16732 ,
66.89937 ,73.26333 ,
68.00246 ,74.36642 ,
69.09847 ,75.46244 ,
70.20156 ,76.56552 ,
71.29758 ,77.66154 ,
72.40066 ,78.76462 ,
73.49668 ,79.86064 ,
74.59977 ,80.96373 ,
65.76093 ,70.00357 ,
66.86402 ,71.10666 ,
67.96003 ,72.20267 ,
69.06312 ,73.30576 ,
70.15913 ,74.40178 ,
71.26222 ,75.50486 ,
72.35824 ,76.60088 ,
73.46132 ,77.70396 ,
74.55734 ,78.79998 ,
75.66043 ,79.90307 ,
66.82159 ,68.94291 ,
67.92468 ,70.04600 ,
69.02069 ,71.14201 ,
70.12378 ,72.24510 ,
71.21980 ,73.34112 ,
72.32288 ,74.44420 ,
73.41890 ,75.54022 ,
74.52198 ,76.64330 ,
75.61800 ,77.73932 ,
76.72109 ,78.84241 ,
0.00000 ,0.00000 ,
0.00000 ,0.00000 ,
0.00000 ,0.00000 ,
0.00000 ,0.00000 ,
0.00000 ,0.00000 ,
0.00000 ,0.00000 ,
0.00000 ,0.00000 ,
0.00000 ,0.00000 ,
0.00000 ,0.00000 ,
0.00000 ,0.00000 ,
51.63192 ,19.25566 ,
52.59783 ,18.99684 ,
53.66036 ,18.71215 ,
54.82913 ,18.39898 ,
56.11381 ,18.05473 ,
57.53373 ,17.67429 ,
59.08886 ,17.25756 ,
60.79855 ,16.79946 ,
62.68211 ,16.29477 ,
64.74919 ,15.74089 ,
67.02877 ,15.13008 ,
69.53053 ,14.45974 ,
72.28341 ,13.72211 ,
74.61130 ,13.09835 ,
76.94883 ,12.47201 ,
79.27670 ,11.84826 ,
82.02961 ,11.11062 ,
84.53133 ,10.44029 ,
86.81093 ,9.82947 ,
88.87802 ,9.27559 ,
90.76157 ,8.77090 ,
92.47126 ,8.31280 ,
94.02640 ,7.89608 ,
95.44631 ,7.51564 ,
96.73098 ,7.17140 ,
97.89976 ,6.85822 ,
98.96229 ,6.57353 ,
99.92821 ,6.31471 ,
51.89073 ,20.22158 ,
52.85666 ,19.96277 ,
53.91918 ,19.67806 ,
55.08795 ,19.36488 ,
56.37262 ,19.02067 ,
57.79254 ,18.64020 ,
59.34768 ,18.22350 ,
61.05738 ,17.76539 ,
62.94093 ,17.26069 ,
65.00800 ,16.70681 ,
67.28759 ,16.09601 ,
69.78934 ,15.42565 ,
72.54223 ,14.68803 ,
74.87011 ,14.06428 ,
77.20764 ,13.43794 ,
79.53553 ,12.81418 ,
82.28842 ,12.07655 ,
84.79016 ,11.40622 ,
87.06975 ,10.79539 ,
89.13683 ,10.24152 ,
91.02038 ,9.73684 ,
92.73008 ,9.27871 ,
94.28522 ,8.86202 ,
95.70513 ,8.48155 ,
96.98982 ,8.13731 ,
98.15858 ,7.82415 ,
99.22110 ,7.53945 ,
100.18703 ,7.28063 ,
52.17544 ,21.28410 ,
53.14136 ,21.02529 ,
54.20389 ,20.74058 ,
55.37266 ,20.42741 ,
56.65733 ,20.08318 ,
58.07724 ,19.70272 ,
59.63238 ,19.28603 ,
61.34206 ,18.82792 ,
63.22563 ,18.32321 ,
65.29271 ,17.76934 ,
67.57230 ,17.15852 ,
70.07403 ,16.48818 ,
72.82694 ,15.75055 ,
75.15481 ,15.12680 ,
77.49235 ,14.50045 ,
79.82023 ,13.87669 ,
82.57312 ,13.13907 ,
85.07487 ,12.46872 ,
87.35445 ,11.85790 ,
89.42154 ,11.30404 ,
91.30510 ,10.79932 ,
93.01478 ,10.34122 ,
94.56991 ,9.92453 ,
95.98984 ,9.54407 ,
97.27451 ,9.19983 ,
98.44329 ,8.88667 ,
99.50580 ,8.60198 ,
100.47173 ,8.34315 ,
52.48861 ,22.45287 ,
53.45454 ,22.19406 ,
54.51706 ,21.90935 ,
55.68583 ,21.59618 ,
56.97050 ,21.25195 ,
58.39042 ,20.87148 ,
59.94555 ,20.45480 ,
61.65525 ,19.99669 ,
63.53881 ,19.49198 ,
65.60588 ,18.93811 ,
67.88547 ,18.32731 ,
70.38721 ,17.65695 ,
73.14011 ,16.91932 ,
75.46798 ,16.29557 ,
77.80552 ,15.66922 ,
80.13340 ,15.04546 ,
82.88629 ,14.30784 ,
85.38803 ,13.63749 ,
87.66763 ,13.02668 ,
89.73471 ,12.47281 ,
91.61826 ,11.96810 ,
93.32795 ,11.50999 ,
94.88309 ,11.09330 ,
96.30301 ,10.71284 ,
97.58768 ,10.36860 ,
98.75646 ,10.05544 ,
99.81897 ,9.77074 ,
100.78490 ,9.51192 ,
52.83284 ,23.73755 ,
53.79877 ,23.47872 ,
54.86127 ,23.19404 ,
56.03005 ,22.88085 ,
57.31475 ,22.53663 ,
58.73464 ,22.15617 ,
60.28978 ,21.73947 ,
61.99947 ,21.28136 ,
63.88303 ,20.77666 ,
65.95010 ,20.22278 ,
68.22969 ,19.61198 ,
70.73144 ,18.94164 ,
73.48433 ,18.20399 ,
75.81221 ,17.58025 ,
78.14975 ,16.95391 ,
80.47763 ,16.33015 ,
83.23052 ,15.59252 ,
85.73226 ,14.92218 ,
88.01186 ,14.31136 ,
90.07893 ,13.75749 ,
91.96250 ,13.25280 ,
93.67217 ,12.79469 ,
95.22731 ,12.37799 ,
96.64723 ,11.99752 ,
97.93191 ,11.65329 ,
99.10068 ,11.34012 ,
100.16320 ,11.05542 ,
101.12912 ,10.79660 ,
53.15377 ,24.93530 ,
54.11971 ,24.67648 ,
55.18222 ,24.39178 ,
56.35099 ,24.07861 ,
57.63567 ,23.73438 ,
59.05559 ,23.35392 ,
60.61072 ,22.93721 ,
62.32041 ,22.47912 ,
64.20396 ,21.97441 ,
66.27104 ,21.42054 ,
68.55063 ,20.80974 ,
71.05238 ,20.13938 ,
73.80527 ,19.40175 ,
76.13315 ,18.77800 ,
78.47069 ,18.15165 ,
80.79858 ,17.52790 ,
83.55146 ,16.79027 ,
86.05321 ,16.11992 ,
88.33278 ,15.50910 ,
90.39987 ,14.95524 ,
92.28342 ,14.45054 ,
93.99312 ,13.99243 ,
95.54826 ,13.57573 ,
96.96818 ,13.19527 ,
98.25286 ,12.85104 ,
99.42163 ,12.53787 ,
100.48414 ,12.25317 ,
101.45006 ,11.99435 ,
53.47471 ,26.13305 ,
54.44063 ,25.87423 ,
55.50314 ,25.58953 ,
56.67191 ,25.27636 ,
57.95660 ,24.93213 ,
59.37650 ,24.55167 ,
60.93165 ,24.13496 ,
62.64134 ,23.67686 ,
64.52490 ,23.17216 ,
66.59198 ,22.61830 ,
68.87156 ,22.00748 ,
71.37331 ,21.33713 ,
74.12621 ,20.59948 ,
76.45409 ,19.97575 ,
78.79162 ,19.34940 ,
81.11949 ,18.72565 ,
83.87239 ,17.98801 ,
86.37414 ,17.31768 ,
88.65373 ,16.70686 ,
90.72081 ,16.15299 ,
92.60436 ,15.64829 ,
94.31405 ,15.19017 ,
95.86919 ,14.77348 ,
97.28909 ,14.39302 ,
98.57378 ,14.04879 ,
99.74255 ,13.73562 ,
100.80507 ,13.45091 ,
101.77100 ,13.19210 ,
53.79564 ,27.33080 ,
54.76157 ,27.07198 ,
55.82409 ,26.78728 ,
56.99286 ,26.47411 ,
58.27754 ,26.12988 ,
59.69744 ,25.74941 ,
61.25258 ,25.33272 ,
62.96228 ,24.87460 ,
64.84583 ,24.36990 ,
66.91292 ,23.81604 ,
69.19249 ,23.20522 ,
71.69425 ,22.53489 ,
74.44714 ,21.79725 ,
76.77502 ,21.17348 ,
79.11256 ,20.54715 ,
81.44044 ,19.92340 ,
84.19333 ,19.18577 ,
86.69508 ,18.51542 ,
88.97466 ,17.90462 ,
91.04174 ,17.35073 ,
92.92530 ,16.84604 ,
94.63499 ,16.38793 ,
96.19013 ,15.97123 ,
97.61004 ,15.59077 ,
98.89472 ,15.24654 ,
100.06349 ,14.93336 ,
101.12601 ,14.64866 ,
102.09193 ,14.38984 ,
20.00001 ,-0.00000 ,
119.99999 ,-0.00000 ,
84.85281 ,84.85281 ,
14.14214 ,14.14214 ,
114.79841 ,10.29496 ,
102.09193 ,14.38984 ,
53.79564 ,27.33080 ,
42.46335 ,31.40255 ,
41.16926 ,26.57292 ,
51.46627 ,18.63746 ,
99.76257 ,5.69651 ,
101.05665 ,10.52614 ,
105.23924 ,6.81723 ,
115.14456 ,8.25547 ,
25.00001 ,-0.00000 ,
30.00000 ,-0.00000 ,
35.00000 ,0.00000 ,
40.00000 ,-0.00000 ,
45.00001 ,-0.00000 ,
50.00000 ,-0.00000 ,
55.00000 ,-0.00000 ,
60.00000 ,-0.00000 ,
65.00000 ,-0.00000 ,
69.99999 ,-0.00000 ,
75.00000 ,-0.00000 ,
80.00000 ,-0.00000 ,
85.00001 ,-0.00000 ,
89.99999 ,-0.00000 ,
94.99999 ,-0.00000 ,
100.00000 ,-0.00000 ,
105.00000 ,-0.00000 ,
110.00001 ,-0.00000 ,
115.00000 ,-0.00000 ,
19.61571 ,3.90181 ,
18.47759 ,7.65367 ,
16.62939 ,11.11140 ,
119.89749 ,4.95900 ,
119.59014 ,9.90952 ,
119.07846 ,14.84312 ,
118.36336 ,19.75135 ,
117.44602 ,24.62584 ,
116.32802 ,29.45826 ,
115.01130 ,34.24034 ,
113.49807 ,38.96394 ,
111.79093 ,43.62096 ,
109.89280 ,48.20345 ,
107.80692 ,52.70359 ,
105.53685 ,57.11369 ,
103.08647 ,61.42621 ,
100.45998 ,65.63378 ,
97.66185 ,69.72922 ,
94.69686 ,73.70553 ,
91.57009 ,77.55591 ,
88.28687 ,81.27379 ,
17.67767 ,17.67767 ,
21.21320 ,21.21320 ,
24.74874 ,24.74874 ,
28.28427 ,28.28427 ,
31.81981 ,31.81981 ,
35.35534 ,35.35534 ,
38.89087 ,38.89087 ,
42.42641 ,42.42641 ,
45.96194 ,45.96194 ,
49.49747 ,49.49747 ,
53.03301 ,53.03301 ,
56.56854 ,56.56854 ,
60.10408 ,60.10408 ,
63.63961 ,63.63961 ,
67.17514 ,67.17514 ,
77.78175 ,77.78175 ,
81.31728 ,81.31728 ,
109.10762 ,12.51000 ,
104.63385 ,13.70874 ,
99.55002 ,15.07096 ,
97.00812 ,15.75205 ,
94.46622 ,16.43315 ,
91.92430 ,17.11425 ,
89.38238 ,17.79536 ,
86.84047 ,18.47645 ,
84.29856 ,19.15757 ,
81.75666 ,19.83867 ,
79.21474 ,20.51977 ,
76.67283 ,21.20086 ,
74.13092 ,21.88198 ,
71.58902 ,22.56307 ,
69.04711 ,23.24418 ,
66.50520 ,23.92527 ,
63.96329 ,24.60639 ,
61.42138 ,25.28749 ,
58.87946 ,25.96857 ,
56.33755 ,26.64969 ,
51.25373 ,28.01189 ,
48.71182 ,28.69300 ,
45.88950 ,23.58267 ,
48.67789 ,21.11007 ,
56.29590 ,17.34337 ,
61.12553 ,16.04927 ,
65.95516 ,14.75518 ,
70.78479 ,13.46109 ,
75.61442 ,12.16697 ,
80.44405 ,10.87289 ,
85.27368 ,9.57879 ,
90.10331 ,8.28470 ,
94.93294 ,6.99061 ,
103.14795 ,8.67168 ,
107.97758 ,7.37758 ,
83.77473 ,50.57554 ,
68.41411 ,45.81111 ,
93.10680 ,36.77882 ,
79.34651 ,36.35816 ,
102.21691 ,30.10767 ,
35.07374 ,14.31546 ,
58.44477 ,40.23131 ,
85.93834 ,31.60621 ,
70.98663 ,35.56637 ,
93.38565 ,52.79652 ,
93.52220 ,28.68574 ,
73.62533 ,56.20546 ,
45.02358 ,10.30686 ,
102.56684 ,41.38022 ,
51.42914 ,39.99846 ,
63.54457 ,33.96307 ,
86.80341 ,42.84878 ,
109.02007 ,27.10738 ,
76.26626 ,45.87681 ,
80.02030 ,28.59176 ,
25.72457 ,13.58572 ,
94.25369 ,61.30982 ,
97.62442 ,22.91706 ,
61.01499 ,50.01515 ,
34.87654 ,23.30411 ,
75.25553 ,29.24278 ,
53.57218 ,8.83637 ,
42.65137 ,17.17427 ,
83.42874 ,72.13476 ,
102.63807 ,21.51182 ,
111.94834 ,20.97709 ,
87.87442 ,25.35276 ,
66.91945 ,30.55513 ,
31.22124 ,7.39873 ,
57.14214 ,33.37699 ,
60.82029 ,7.94019 ,
67.33210 ,52.20898 ,
92.65213 ,44.96930 ,
101.84812 ,48.50442 ,
97.92780 ,33.34339 ,
38.28809 ,7.90308 ,
89.89504 ,65.66847 ,
107.28288 ,36.79723 ,
81.38891 ,43.88450 ,
77.19022 ,51.66158 ,
29.41183 ,19.27776 ,
36.84902 ,30.31871 ,
45.05879 ,36.93678 ,
24.99819 ,6.90518 ,
84.20795 ,35.97018 ,
55.63608 ,47.31814 ,
74.93111 ,38.55823 ,
83.21118 ,26.03491 ,
97.73129 ,57.14215 ,
92.37833 ,23.55204 ,
70.66927 ,29.05919 ,
68.71986 ,6.82219 ,
90.83418 ,32.62344 ,
63.52217 ,41.24832 ,
88.83777 ,48.24864 ,
68.54107 ,38.50910 ,
72.30398 ,49.43431 ,
67.55092 ,58.89263 ,
49.78360 ,13.02611 ,
97.39074 ,42.50062 ,
60.69665 ,32.09554 ,
107.90167 ,31.65272 ,
106.62286 ,22.84018 ,
40.39810 ,21.36905 ,
48.54724 ,5.77357 ,
76.77956 ,7.23003 ,
88.93662 ,36.56802 ,
76.48164 ,26.17900 ,
70.21545 ,41.23598 ,
63.08101 ,55.03231 ,
63.33951 ,30.39144 ,
76.02859 ,34.65743 ,
117.95476 ,9.48118 ,
116.47152 ,4.78039 ,
43.02800 ,5.19982 ,
102.01942 ,34.38184 ,
21.08980 ,11.37608 ,
40.22242 ,12.70759 ,
106.99726 ,3.68576 ,
96.66813 ,29.91073 ,
99.57016 ,20.22728 ,
46.32154 ,17.48343 ,
71.03555 ,63.31472 ,
40.76818 ,33.96603 ,
54.17176 ,36.66938 ,
114.80842 ,17.28090 ,
51.48312 ,44.92549 ,
81.68209 ,33.71339 ,
94.43906 ,21.36855 ,
81.69837 ,4.97086 ,
50.19129 ,35.72488 ,
47.01525 ,41.16237 ,
95.35268 ,64.72144 ,
57.20463 ,4.74072 ,
60.56196 ,35.04866 ,
105.72960 ,45.33534 ,
60.66820 ,43.74176 ,
90.02315 ,72.17594 ,
57.93707 ,11.95554 ,
38.22276 ,17.45664 ,
89.49633 ,22.51248 ,
90.55668 ,29.40997 ,
78.60502 ,32.79171 ,
30.75482 ,12.33160 ,
79.13264 ,25.63515 ,
22.18000 ,16.51529 ,
75.81042 ,58.53985 ,
32.53761 ,28.23412 ,
97.09147 ,47.30494 ,
113.03214 ,25.32346 ,
100.44995 ,26.85189 ,
111.98415 ,30.19258 ,
39.04167 ,25.14960 ,
102.79179 ,53.30896 ,
79.69803 ,47.56054 ,
84.77918 ,77.62607 ,
86.42065 ,47.92962 ,
30.38038 ,23.97471 ,
55.88414 ,40.29208 ,
72.42967 ,31.19410 ,
65.14554 ,48.57959 ,
105.12737 ,26.45084 ,
33.80967 ,18.73610 ,
27.86549 ,4.27917 ,
73.67347 ,25.49671 ,
87.22937 ,68.33413 ,
99.45925 ,38.60574 ,
87.03126 ,4.52864 ,
90.38824 ,41.69929 ,
34.98526 ,5.44712 ,
106.99750 ,41.16481 ,
67.48708 ,35.50799 ,
82.05860 ,38.47818 ,
103.06903 ,3.48058 ,
82.89112 ,28.70138 ,
78.06303 ,39.48523 ,
57.18099 ,51.47211 ,
94.03556 ,32.53760 ,
96.68380 ,58.87971 ,
110.73340 ,4.50899 ,
95.27217 ,24.64867 ,
44.71510 ,20.55916 ,
91.29347 ,50.70434 ,
84.59531 ,23.99624 ,
102.34673 ,17.44985 ,
72.70319 ,4.05492 ,
52.83818 ,3.90786 ,
110.93684 ,35.16849 ,
68.60413 ,28.21304 ,
80.91793 ,74.64557 ,
72.28650 ,9.01203 ,
64.64908 ,8.08271 ,
55.85472 ,30.00919 ,
64.80649 ,5.18042 ,
34.65131 ,10.05142 ,
27.75280 ,9.66593 ,
54.20092 ,13.60376 ,
77.92119 ,56.42908 ,
81.14205 ,53.20822 ,
118.03870 ,13.11760 ,
23.25471 ,3.60333 ,
86.33707 ,51.19927 ,
92.27604 ,3.88580 ,
81.38872 ,23.35144 ,
71.31007 ,52.86539 ,
96.69179 ,19.16436 ,
100.73373 ,44.80450 ,
25.08544 ,19.21196 ,
71.00344 ,26.00423 ,
56.27495 ,44.07709 ,
44.79893 ,14.16429 ,
108.72843 ,20.29872 ,
60.54088 ,28.57687 ,
98.70169 ,51.67247 ,
39.62614 ,29.57459 ,
18.25682 ,14.09975 ,
85.43946 ,27.04994 ,
90.55854 ,25.12986 ,
87.54719 ,34.29424 ,
48.76150 ,9.55539 ,
58.36738 ,29.14130 ,
72.03188 ,38.46405 ,
69.36527 ,31.16431 ,
38.55209 ,3.78753 ,
109.28188 ,23.65129 ,
69.19969 ,49.02272 ,
65.05285 ,27.81660 ,
86.68710 ,21.72072 ,
72.42688 ,46.48088 ,
105.80662 ,49.30629 ,
111.13129 ,17.85599 ,
28.61540 ,16.01611 ,
94.10189 ,41.66212 ,
89.17969 ,45.03732 ,
75.42204 ,49.00843 ,
84.22444 ,33.13577 ,
104.95950 ,32.03870 ,
45.69983 ,33.80417 ,
93.73123 ,69.54787 ,
62.05315 ,12.14743 ,
73.85467 ,36.16460 ,
73.56124 ,60.78903 ,
96.44986 ,3.37066 ,
88.15488 ,75.67935 ,
41.51160 ,9.39690 ,
102.71945 ,6.08204 ,
69.04357 ,55.51421 ,
65.07954 ,32.10811 ,
42.90334 ,23.02369 ,
64.61385 ,43.57897 ,
64.81316 ,38.47816 ,
21.96931 ,7.32564 ,
106.09622 ,20.40805 ,
91.47231 ,20.27535 ,
99.61356 ,31.15327 ,
63.78773 ,59.15672 ,
93.08752 ,48.22169 ,
63.89461 ,51.88287 ,
59.47868 ,54.33325 ,
119.21110 ,6.69453 ,
61.16853 ,3.66781 ,
88.46865 ,30.95278 ,
52.85227 ,34.47495 ,
86.25124 ,38.08955 ,
95.80439 ,35.98362 ,
110.05603 ,39.14910 ,
115.36453 ,21.71056 ,
58.59275 ,47.88693 ,
106.84863 ,25.47141 ,
74.43949 ,41.24879 ,
76.83114 ,37.16490 ,
66.86393 ,62.19845 ,
31.59507 ,3.37616 ,
101.94263 ,57.92386 ,
53.56110 ,42.41801 ,
66.50966 ,41.16636 ,
116.74189 ,7.48034 ,
95.52580 ,54.93667 ,
116.95520 ,2.84980 ,
84.11538 ,42.92724 ,
77.78083 ,28.18442 ,
104.84607 ,38.91399 ,
68.13122 ,3.17760 ,
81.82379 ,36.12997 ,
78.56026 ,44.42240 ,
35.52300 ,31.82237 ,
72.70980 ,28.58578 ,
27.37263 ,21.95879 ,
31.89364 ,15.84186 ,
81.23519 ,26.64433 ,
96.07500 ,57.24191 ,
99.91178 ,22.60078 ,
92.02844 ,63.53506 ,
74.51881 ,53.00885 ,
51.83125 ,15.57607 ,
116.89134 ,10.32547 ,
37.24141 ,20.91326 ,
52.97443 ,49.55605 ,
46.33273 ,3.04379 ,
58.40777 ,37.81285 ,
24.30694 ,9.77171 ,
92.23715 ,30.81418 ,
61.15905 ,39.80484 ,
90.98390 ,34.97449 ,
42.31855 ,38.99873 ,
77.31159 ,3.05518 ,
99.27727 ,27.54683 ,
57.38354 ,8.36820 ,
81.40424 ,77.30268 ,
47.85393 ,37.87168 ,
68.74397 ,10.59206 ,
112.62434 ,2.00200 ,
100.40962 ,8.11133 ,
19.25566 ,51.63192 ,
18.99684 ,52.59783 ,
18.71215 ,53.66036 ,
18.39898 ,54.82913 ,
18.05473 ,56.11381 ,
17.67429 ,57.53373 ,
17.25756 ,59.08886 ,
16.79946 ,60.79855 ,
16.29477 ,62.68211 ,
15.74089 ,64.74919 ,
15.13008 ,67.02877 ,
14.45974 ,69.53053 ,
13.72211 ,72.28341 ,
13.09835 ,74.61130 ,
12.47201 ,76.94883 ,
11.84826 ,79.27670 ,
11.11062 ,82.02961 ,
10.44029 ,84.53133 ,
9.82947 ,86.81093 ,
9.27559 ,88.87802 ,
8.77090 ,90.76157 ,
8.31280 ,92.47126 ,
7.89608 ,94.02640 ,
7.51564 ,95.44631 ,
7.17140 ,96.73098 ,
6.85822 ,97.89976 ,
6.57353 ,98.96229 ,
6.31471 ,99.92821 ,
20.22158 ,51.89073 ,
19.96277 ,52.85666 ,
19.67806 ,53.91918 ,
19.36488 ,55.08795 ,
19.02067 ,56.37262 ,
18.64020 ,57.79254 ,
18.22350 ,59.34768 ,
17.76539 ,61.05738 ,
17.26069 ,62.94093 ,
16.70681 ,65.00800 ,
16.09601 ,67.28759 ,
15.42565 ,69.78934 ,
14.68803 ,72.54223 ,
14.06428 ,74.87011 ,
13.43794 ,77.20764 ,
12.81418 ,79.53553 ,
12.07655 ,82.28842 ,
11.40622 ,84.79016 ,
10.79539 ,87.06975 ,
10.24152 ,89.13683 ,
9.73684 ,91.02038 ,
9.27871 ,92.73008 ,
8.86202 ,94.28522 ,
8.48155 ,95.70513 ,
8.13731 ,96.98982 ,
7.82415 ,98.15858 ,
7.53945 ,99.22110 ,
7.28063 ,100.18703 ,
21.28410 ,52.17544 ,
21.02529 ,53.14136 ,
20.74058 ,54.20389 ,
20.42741 ,55.37266 ,
20.08318 ,56.65733 ,
19.70272 ,58.07724 ,
19.28603 ,59.63238 ,
18.82792 ,61.34206 ,
18.32321 ,63.22563 ,
17.76934 ,65.29271 ,
17.15852 ,67.57230 ,
16.48818 ,70.07403 ,
15.75055 ,72.82694 ,
15.12680 ,75.15481 ,
14.50045 ,77.49235 ,
13.87669 ,79.82023 ,
13.13907 ,82.57312 ,
12.46872 ,85.07487 ,
11.85790 ,87.35445 ,
11.30404 ,89.42154 ,
10.79932 ,91.30510 ,
10.34122 ,93.01478 ,
9.92453 ,94.56991 ,
9.54407 ,95.98984 ,
9.19983 ,97.27451 ,
8.88667 ,98.44329 ,
8.60198 ,99.50580 ,
8.34315 ,100.47173 ,
22.45287 ,52.48861 ,
22.19406 ,53.45454 ,
21.90935 ,54.51706 ,
21.59618 ,55.68583 ,
21.25195 ,56.97050 ,
20.87148 ,58.39042 ,
20.45480 ,59.94555 ,
19.99669 ,61.65525 ,
19.49198 ,63.53881 ,
18.93811 ,65.60588 ,
18.32731 ,67.88547 ,
17.65695 ,70.38721 ,
16.91932 ,73.14011 ,
16.29557 ,75.46798 ,
15.66922 ,77.80552 ,
15.04546 ,80.13340 ,
14.30784 ,82.88629 ,
13.63749 ,85.38803 ,
13.02668 ,87.66763 ,
12.47281 ,89.73471 ,
11.96810 ,91.61826 ,
11.50999 ,93.32795 ,
11.09330 ,94.88309 ,
10.71284 ,96.30301 ,
10.36860 ,97.58768 ,
10.05544 ,98.75646 ,
9.77074 ,99.81897 ,
9.51192 ,100.78490 ,
23.73755 ,52.83284 ,
23.47872 ,53.79877 ,
23.19404 ,54.86127 ,
22.88085 ,56.03005 ,
22.53663 ,57.31475 ,
22.15617 ,58.73464 ,
21.73947 ,60.28978 ,
21.28136 ,61.99947 ,
20.77666 ,63.88303 ,
20.22278 ,65.95010 ,
19.61198 ,68.22969 ,
18.94164 ,70.73144 ,
18.20399 ,73.48433 ,
17.58025 ,75.81221 ,
16.95391 ,78.14975 ,
16.33015 ,80.47763 ,
15.59252 ,83.23052 ,
14.92218 ,85.73226 ,
14.31136 ,88.01186 ,
13.75749 ,90.07893 ,
13.25280 ,91.96250 ,
12.79469 ,93.67217 ,
12.37799 ,95.22731 ,
11.99752 ,96.64723 ,
11.65329 ,97.93191 ,
11.34012 ,99.10068 ,
11.05542 ,100.16320 ,
10.79660 ,101.12912 ,
24.93530 ,53.15377 ,
24.67648 ,54.11971 ,
24.39178 ,55.18222 ,
24.07861 ,56.35099 ,
23.73438 ,57.63567 ,
23.35392 ,59.05559 ,
22.93721 ,60.61072 ,
22.47912 ,62.32041 ,
21.97441 ,64.20396 ,
21.42054 ,66.27104 ,
20.80974 ,68.55063 ,
20.13938 ,71.05238 ,
19.40175 ,73.80527 ,
18.77800 ,76.13315 ,
18.15165 ,78.47069 ,
17.52790 ,80.79858 ,
16.79027 ,83.55146 ,
16.11992 ,86.05321 ,
15.50910 ,88.33278 ,
14.95524 ,90.39987 ,
14.45054 ,92.28342 ,
13.99243 ,93.99312 ,
13.57573 ,95.54826 ,
13.19527 ,96.96818 ,
12.85104 ,98.25286 ,
12.53787 ,99.42163 ,
12.25317 ,100.48414 ,
11.99435 ,101.45006 ,
26.13305 ,53.47471 ,
25.87423 ,54.44063 ,
25.58953 ,55.50314 ,
25.27636 ,56.67191 ,
24.93213 ,57.95660 ,
24.55167 ,59.37650 ,
24.13496 ,60.93165 ,
23.67686 ,62.64134 ,
23.17216 ,64.52490 ,
22.61830 ,66.59198 ,
22.00748 ,68.87156 ,
21.33713 ,71.37331 ,
20.59948 ,74.12621 ,
19.97575 ,76.45409 ,
19.34940 ,78.79162 ,
18.72565 ,81.11949 ,
17.98801 ,83.87239 ,
17.31768 ,86.37414 ,
16.70686 ,88.65373 ,
16.15299 ,90.72081 ,
15.64829 ,92.60436 ,
15.19017 ,94.31405 ,
14.77348 ,95.86919 ,
14.39302 ,97.28909 ,
14.04879 ,98.57378 ,
13.73562 ,99.74255 ,
13.45091 ,100.80507 ,
13.19210 ,101.77100 ,
27.33080 ,53.79564 ,
27.07198 ,54.76157 ,
26.78728 ,55.82409 ,
26.47411 ,56.99286 ,
26.12988 ,58.27754 ,
25.74941 ,59.69744 ,
25.33272 ,61.25258 ,
24.87460 ,62.96228 ,
24.36990 ,64.84583 ,
23.81604 ,66.91292 ,
23.20522 ,69.19249 ,
22.53489 ,71.69425 ,
21.79725 ,74.44714 ,
21.17348 ,76.77502 ,
20.54715 ,79.11256 ,
19.92340 ,81.44044 ,
19.18577 ,84.19333 ,
18.51542 ,86.69508 ,
17.90462 ,88.97466 ,
17.35073 ,91.04174 ,
16.84604 ,92.92530 ,
16.38793 ,94.63499 ,
15.97123 ,96.19013 ,
15.59077 ,97.61004 ,
15.24654 ,98.89472 ,
14.93336 ,100.06349 ,
14.64866 ,101.12601 ,
14.38984 ,102.09193 ,
0.00000 ,20.00001 ,
0.00000 ,119.99999 ,
0.00000 ,0.00000 ,
0.00000 ,0.00000 ,
10.29496 ,114.79841 ,
14.38984 ,102.09193 ,
27.33080 ,53.79564 ,
31.40255 ,42.46335 ,
26.57292 ,41.16926 ,
18.63746 ,51.46627 ,
5.69651 ,99.76257 ,
10.52614 ,101.05665 ,
6.81723 ,105.23924 ,
8.25547 ,115.14456 ,
0.00000 ,25.00001 ,
0.00000 ,30.00000 ,
0.00000 ,35.00000 ,
0.00000 ,40.00000 ,
0.00000 ,45.00001 ,
0.00000 ,50.00000 ,
0.00000 ,55.00000 ,
0.00000 ,60.00000 ,
0.00000 ,65.00000 ,
0.00000 ,69.99999 ,
0.00000 ,75.00000 ,
0.00000 ,80.00000 ,
0.00000 ,85.00001 ,
0.00000 ,89.99999 ,
0.00000 ,94.99999 ,
0.00000 ,100.00000 ,
0.00000 ,105.00000 ,
0.00000 ,110.00001 ,
0.00000 ,115.00000 ,
3.90181 ,19.61571 ,
7.65367 ,18.47759 ,
11.11140 ,16.62939 ,
4.95900 ,119.89749 ,
9.90952 ,119.59014 ,
14.84312 ,119.07846 ,
19.75135 ,118.36336 ,
24.62584 ,117.44602 ,
29.45826 ,116.32802 ,
34.24034 ,115.01130 ,
38.96394 ,113.49807 ,
43.62096 ,111.79093 ,
48.20345 ,109.89280 ,
52.70359 ,107.80692 ,
57.11369 ,105.53685 ,
61.42621 ,103.08647 ,
65.63378 ,100.45998 ,
69.72922 ,97.66185 ,
73.70553 ,94.69686 ,
77.55591 ,91.57009 ,
81.27379 ,88.28687 ,
0.00000 ,0.00000 ,
0.00000 ,0.00000 ,
0.00000 ,0.00000 ,
0.00000 ,0.00000 ,
0.00000 ,0.00000 ,
0.00000 ,0.00000 ,
0.00000 ,0.00000 ,
0.00000 ,0.00000 ,
0.00000 ,0.00000 ,
0.00000 ,0.00000 ,
0.00000 ,0.00000 ,
0.00000 ,0.00000 ,
0.00000 ,0.00000 ,
0.00000 ,0.00000 ,
0.00000 ,0.00000 ,
0.00000 ,0.00000 ,
0.00000 ,0.00000 ,
12.51000 ,109.10762 ,
13.70874 ,104.63385 ,
15.07096 ,99.55002 ,
15.75205 ,97.00812 ,
16.43315 ,94.46622 ,
17.11425 ,91.92430 ,
17.79536 ,89.38238 ,
18.47645 ,86.84047 ,
19.15757 ,84.29856 ,
19.83867 ,81.75666 ,
20.51977 ,79.21474 ,
21.20086 ,76.67283 ,
21.88198 ,74.13092 ,
22.56307 ,71.58902 ,
23.24418 ,69.04711 ,
23.92527 ,66.50520 ,
24.60639 ,63.96329 ,
25.28749 ,61.42138 ,
25.96857 ,58.87946 ,
26.64969 ,56.33755 ,
28.01189 ,51.25373 ,
28.69300 ,48.71182 ,
23.58267 ,45.88950 ,
21.11007 ,48.67789 ,
17.34337 ,56.29590 ,
16.04927 ,61.12553 ,
14.75518 ,65.95516 ,
13.46109 ,70.78479 ,
12.16697 ,75.61442 ,
10.87289 ,80.44405 ,
9.57879 ,85.27368 ,
8.28470 ,90.10331 ,
6.99061 ,94.93294 ,
8.67168 ,103.14795 ,
7.37758 ,107.97758 ,
50.57554 ,83.77473 ,
45.81111 ,68.41411 ,
36.77882 ,93.10680 ,
36.35816 ,79.34651 ,
30.10767 ,102.21691 ,
14.31546 ,35.07374 ,
40.23131 ,58.44477 ,
31.60621 ,85.93834 ,
35.56637 ,70.98663 ,
52.79652 ,93.38565 ,
28.68574 ,93.52220 ,
56.20546 ,73.62533 ,
10.30686 ,45.02358 ,
41.38022 ,102.56684 ,
39.99846 ,51.42914 ,
33.96307 ,63.54457 ,
42.84878 ,86.80341 ,
27.10738 ,109.02007 ,
45.87681 ,76.26626 ,
28.59176 ,80.02030 ,
13.58572 ,25.72457 ,
61.30982 ,94.25369 ,
22.91706 ,97.62442 ,
50.01515 ,61.01499 ,
23.30411 ,34.87654 ,
29.24278 ,75.25553 ,
8.83637 ,53.57218 ,
17.17427 ,42.65137 ,
72.13476 ,83.42874 ,
21.51182 ,102.63807 ,
20.97709 ,111.94834 ,
25.35276 ,87.87442 ,
30.55513 ,66.91945 ,
7.39873 ,31.22124 ,
33.37699 ,57.14214 ,
7.94019 ,60.82029 ,
52.20898 ,67.33210 ,
44.96930 ,92.65213 ,
48.50442 ,101.84812 ,
33.34339 ,97.92780 ,
7.90308 ,38.28809 ,
65.66847 ,89.89504 ,
36.79723 ,107.28288 ,
43.88450 ,81.38891 ,
51.66158 ,77.19022 ,
19.27776 ,29.41183 ,
30.31871 ,36.84902 ,
36.93678 ,45.05879 ,
6.90518 ,24.99819 ,
35.97018 ,84.20795 ,
47.31814 ,55.63608 ,
38.55823 ,74.93111 ,
26.03491 ,83.21118 ,
57.14215 ,97.73129 ,
23.55204 ,92.37833 ,
29.05919 ,70.66927 ,
6.82219 ,68.71986 ,
32.62344 ,90.83418 ,
41.24832 ,63.52217 ,
48.24864 ,88.83777 ,
38.50910 ,68.54107 ,
49.43431 ,72.30398 ,
58.89263 ,67.55092 ,
13.02611 ,49.78360 ,
42.50062 ,97.39074 ,
32.09554 ,60.69665 ,
31.65272 ,107.90167 ,
22.84018 ,106.62286 ,
21.36905 ,40.39810 ,
5.77357 ,48.54724 ,
7.23003 ,76.77956 ,
36.56802 ,88.93662 ,
26.17900 ,76.48164 ,
41.23598 ,70.21545 ,
55.03231 ,63.08101 ,
30.39144 ,63.33951 ,
34.65743 ,76.02859 ,
9.48118 ,117.95476 ,
4.78039 ,116.47152 ,
5.19982 ,43.02800 ,
34.38184 ,102.01942 ,
11.37608 ,21.08980 ,
12.70759 ,40.22242 ,
3.68576 ,106.99726 ,
29.91073 ,96.66813 ,
20.22728 ,99.57016 ,
17.48343 ,46.32154 ,
63.31472 ,71.03555 ,
33.96603 ,40.76818 ,
36.66938 ,54.17176 ,
17.28090 ,114.80842 ,
44.92549 ,51.48312 ,
33.71339 ,81.68209 ,
21.36855 ,94.43906 ,
4.97086 ,81.69837 ,
35.72488 ,50.19129 ,
41.16237 ,47.01525 ,
64.72144 ,95.35268 ,
4.74072 ,57.20463 ,
35.04866 ,60.56196 ,
45.33534 ,105.72960 ,
43.74176 ,60.66820 ,
72.17594 ,90.02315 ,
11.95554 ,57.93707 ,
17.45664 ,38.22276 ,
22.51248 ,89.49633 ,
29.40997 ,90.55668 ,
32.79171 ,78.60502 ,
12.33160 ,30.75482 ,
25.63515 ,79.13264 ,
16.51529 ,22.18000 ,
58.53985 ,75.81042 ,
28.23412 ,32.53761 ,
47.30494 ,97.09147 ,
25.32346 ,113.03214 ,
26.85189 ,100.44995 ,
30.19258 ,111.98415 ,
25.14960 ,39.04167 ,
53.30896 ,102.79179 ,
47.56054 ,79.69803 ,
77.62607 ,84.77918 ,
47.92962 ,86.42065 ,
23.97471 ,30.38038 ,
40.29208 ,55.88414 ,
31.19410 ,72.42967 ,
48.57959 ,65.14554 ,
26.45084 ,105.12737 ,
18.73610 ,33.80967 ,
4.27917 ,27.86549 ,
25.49671 ,73.67347 ,
68.33413 ,87.22937 ,
38.60574 ,99.45925 ,
4.52864 ,87.03126 ,
41.69929 ,90.38824 ,
5.44712 ,34.98526 ,
41.16481 ,106.99750 ,
35.50799 ,67.48708 ,
38.47818 ,82.05860 ,
3.48058 ,103.06903 ,
28.70138 ,82.89112 ,
39.48523 ,78.06303 ,
51.47211 ,57.18099 ,
32.53760 ,94.03556 ,
58.87971 ,96.68380 ,
4.50899 ,110.73340 ,
24.64867 ,95.27217 ,
20.55916 ,44.71510 ,
50.70434 ,91.29347 ,
23.99624 ,84.59531 ,
17.44985 ,102.34673 ,
4.05492 ,72.70319 ,
3.90786 ,52.83818 ,
35.16849 ,110.93684 ,
28.21304 ,68.60413 ,
74.64557 ,80.91793 ,
9.01203 ,72.28650 ,
8.08271 ,64.64908 ,
30.00919 ,55.85472 ,
5.18042 ,64.80649 ,
10.05142 ,34.65131 ,
9.66593 ,27.75280 ,
13.60376 ,54.20092 ,
56.42908 ,77.92119 ,
53.20822 ,81.14205 ,
13.11760 ,118.03870 ,
3.60333 ,23.25471 ,
51.19927 ,86.33707 ,
3.88580 ,92.27604 ,
23.35144 ,81.38872 ,
52.86539 ,71.31007 ,
19.16436 ,96.69179 ,
44.80450 ,100.73373 ,
19.21196 ,25.08544 ,
26.00423 ,71.00344 ,
44.07709 ,56.27495 ,
14.16429 ,44.79893 ,
20.29872 ,108.72843 ,
28.57687 ,60.54088 ,
51.67247 ,98.70169 ,
29.57459 ,39.62614 ,
14.09975 ,18.25682 ,
27.04994 ,85.43946 ,
25.12986 ,90.55854 ,
34.29424 ,87.54719 ,
9.55539 ,48.76150 ,
29.14130 ,58.36738 ,
38.46405 ,72.03188 ,
31.16431 ,69.36527 ,
3.78753 ,38.55209 ,
23.65129 ,109.28188 ,
49.02272 ,69.19969 ,
27.81660 ,65.05285 ,
21.72072 ,86.68710 ,
46.48088 ,72.42688 ,
49.30629 ,105.80662 ,
17.85599 ,111.13129 ,
16.01611 ,28.61540 ,
41.66212 ,94.10189 ,
45.03732 ,89.17969 ,
49.00843 ,75.42204 ,
33.13577 ,84.22444 ,
32.03870 ,104.95950 ,
33.80417 ,45.69983 ,
69.54787 ,93.73123 ,
12.14743 ,62.05315 ,
36.16460 ,73.85467 ,
60.78903 ,73.56124 ,
3.37066 ,96.44986 ,
75.67935 ,88.15488 ,
9.39690 ,41.51160 ,
6.08204 ,102.71945 ,
55.51421 ,69.04357 ,
32.10811 ,65.07954 ,
23.02369 ,42.90334 ,
43.57897 ,64.61385 ,
38.47816 ,64.81316 ,
7.32564 ,21.96931 ,
20.40805 ,106.09622 ,
20.27535 ,91.47231 ,
31.15327 ,99.61356 ,
59.15672 ,63.78773 ,
48.22169 ,93.08752 ,
51.88287 ,63.89461 ,
54.33325 ,59.47868 ,
6.69453 ,119.21110 ,
3.66781 ,61.16853 ,
30.95278 ,88.46865 ,
34.47495 ,52.85227 ,
38.08955 ,86.25124 ,
35.98362 ,95.80439 ,
39.14910 ,110.05603 ,
21.71056 ,115.36453 ,
47.88693 ,58.59275 ,
25.47141 ,106.84863 ,
41.24879 ,74.43949 ,
37.16490 ,76.83114 ,
62.19845 ,66.86393 ,
3.37616 ,31.59507 ,
57.92386 ,101.94263 ,
42.41801 ,53.56110 ,
41.16636 ,66.50966 ,
7.48034 ,116.74189 ,
54.93667 ,95.52580 ,
2.84980 ,116.95520 ,
42.92724 ,84.11538 ,
28.18442 ,77.78083 ,
38.91399 ,104.84607 ,
3.17760 ,68.13122 ,
36.12997 ,81.82379 ,
44.42240 ,78.56026 ,
31.82237 ,35.52300 ,
28.58578 ,72.70980 ,
21.95879 ,27.37263 ,
15.84186 ,31.89364 ,
26.64433 ,81.23519 ,
57.24191 ,96.07500 ,
22.60078 ,99.91178 ,
63.53506 ,92.02844 ,
53.00885 ,74.51881 ,
15.57607 ,51.83125 ,
10.32547 ,116.89134 ,
20.91326 ,37.24141 ,
49.55605 ,52.97443 ,
3.04379 ,46.33273 ,
37.81285 ,58.40777 ,
9.77171 ,24.30694 ,
30.81418 ,92.23715 ,
39.80484 ,61.15905 ,
34.97449 ,90.98390 ,
38.99873 ,42.31855 ,
3.05518 ,77.31159 ,
27.54683 ,99.27727 ,
8.36820 ,57.38354 ,
77.30268 ,81.40424 ,
37.87168 ,47.85393 ,
10.59206 ,68.74397 ,
2.00200 ,112.62434 ,
8.11133 ,100.40962 ,
1,576,block1
577,954,PM1
955,1332,PM2
1333,2608,iron
