nodal
2
1523
1	1.963937E-04	2.340880E-04	
2	2.002909E-04	2.301703E-04	
3	2.039247E-04	2.263514E-04	
4	2.072206E-04	2.224961E-04	
5	2.100962E-04	2.185001E-04	
6	2.125941E-04	2.141264E-04	
7	2.147183E-04	2.092088E-04	
8	2.165690E-04	2.033792E-04	
9	2.182765E-04	1.962200E-04	
10	2.204137E-04	1.864269E-04	
11	2.001179E-04	2.378600E-04	
12	2.040135E-04	2.338992E-04	
13	2.075737E-04	2.300518E-04	
14	2.107929E-04	2.262079E-04	
15	2.136454E-04	2.223048E-04	
16	2.162289E-04	2.181496E-04	
17	2.186132E-04	2.136324E-04	
18	2.210007E-04	2.084939E-04	
19	2.236507E-04	2.025164E-04	
20	2.270971E-04	1.952004E-04	
21	2.040329E-04	2.417468E-04	
22	2.079958E-04	2.377533E-04	
23	2.115671E-04	2.339632E-04	
24	2.148099E-04	2.302285E-04	
25	2.177457E-04	2.264972E-04	
26	2.205170E-04	2.226061E-04	
27	2.232348E-04	2.184776E-04	
28	2.261382E-04	2.139127E-04	
29	2.294526E-04	2.087967E-04	
30	2.335135E-04	2.027239E-04	
31	2.082226E-04	2.456557E-04	
32	2.122613E-04	2.416642E-04	
33	2.158654E-04	2.379620E-04	
34	2.191582E-04	2.343712E-04	
35	2.221971E-04	2.308311E-04	
36	2.251520E-04	2.271890E-04	
37	2.281497E-04	2.233785E-04	
38	2.314341E-04	2.192292E-04	
39	2.352001E-04	2.146855E-04	
40	2.396733E-04	2.097876E-04	
41	2.126808E-04	2.494528E-04	
42	2.167598E-04	2.455207E-04	
43	2.203779E-04	2.419305E-04	
44	2.236998E-04	2.384938E-04	
45	2.268054E-04	2.351386E-04	
46	2.298741E-04	2.317126E-04	
47	2.330250E-04	2.281464E-04	
48	2.364750E-04	2.242718E-04	
49	2.403604E-04	2.200106E-04	
50	2.448935E-04	2.151794E-04	
51	2.173493E-04	2.530135E-04	
52	2.214087E-04	2.492080E-04	
53	2.249977E-04	2.457609E-04	
54	2.283025E-04	2.424881E-04	
55	2.314134E-04	2.393130E-04	
56	2.345070E-04	2.360827E-04	
57	2.376860E-04	2.327245E-04	
58	2.411343E-04	2.290739E-04	
59	2.449395E-04	2.250495E-04	
60	2.492498E-04	2.204627E-04	
61	2.221453E-04	2.562381E-04	
62	2.261157E-04	2.526267E-04	
63	2.296209E-04	2.493604E-04	
64	2.328521E-04	2.462702E-04	
65	2.359010E-04	2.432809E-04	
66	2.389342E-04	2.402439E-04	
67	2.420366E-04	2.370866E-04	
68	2.453624E-04	2.336528E-04	
69	2.489642E-04	2.298682E-04	
70	2.529454E-04	2.255693E-04	
71	2.269794E-04	2.590535E-04	
72	2.307917E-04	2.556978E-04	
73	2.341553E-04	2.526542E-04	
74	2.372552E-04	2.497733E-04	
75	2.401780E-04	2.469868E-04	
76	2.430771E-04	2.441553E-04	
77	2.460215E-04	2.412102E-04	
78	2.491408E-04	2.380065E-04	
79	2.524663E-04	2.344795E-04	
80	2.560786E-04	2.304869E-04	
81	2.317650E-04	2.614090E-04	
82	2.353558E-04	2.583625E-04	
83	2.385223E-04	2.555831E-04	
84	2.414366E-04	2.529434E-04	
85	2.441769E-04	2.503847E-04	
86	2.468814E-04	2.477803E-04	
87	2.496061E-04	2.450684E-04	
88	2.524609E-04	2.421175E-04	
89	2.554652E-04	2.388709E-04	
90	2.586887E-04	2.352010E-04	
91	2.364233E-04	2.632708E-04	
92	2.397368E-04	2.605784E-04	
93	2.426560E-04	2.581023E-04	
94	2.453360E-04	2.557370E-04	
95	2.478456E-04	2.534345E-04	
96	2.503070E-04	2.510838E-04	
97	2.527656E-04	2.486308E-04	
98	2.553148E-04	2.459584E-04	
99	2.579678E-04	2.430166E-04	
100	2.607867E-04	2.396886E-04	
101	2.408846E-04	2.646182E-04	
102	2.438733E-04	2.623165E-04	
103	2.465012E-04	2.601781E-04	
104	2.489049E-04	2.581190E-04	
105	2.511435E-04	2.561018E-04	
106	2.533231E-04	2.540322E-04	
107	2.554804E-04	2.518646E-04	
108	2.576939E-04	2.494966E-04	
109	2.599730E-04	2.468839E-04	
110	2.623720E-04	2.439197E-04	
111	2.450880E-04	2.654396E-04	
112	2.477122E-04	2.635574E-04	
113	2.500115E-04	2.617861E-04	
114	2.521036E-04	2.600615E-04	
115	2.540383E-04	2.583566E-04	
116	2.559054E-04	2.565943E-04	
117	2.577341E-04	2.547372E-04	
118	2.595890E-04	2.526981E-04	
119	2.614764E-04	2.504378E-04	
120	2.634407E-04	2.478601E-04	
121	2.489811E-04	2.657303E-04	
122	2.512082E-04	2.642899E-04	
123	2.531479E-04	2.629092E-04	
124	2.548993E-04	2.615432E-04	
125	2.565036E-04	2.601742E-04	
126	2.580342E-04	2.587423E-04	
127	2.595137E-04	2.572181E-04	
128	2.609924E-04	2.555298E-04	
129	2.624735E-04	2.536432E-04	
130	2.639898E-04	2.514739E-04	
131	2.525184E-04	2.654914E-04	
132	2.543222E-04	2.645090E-04	
133	2.558777E-04	2.635367E-04	
134	2.572654E-04	2.625484E-04	
135	2.585185E-04	2.615344E-04	
136	2.596943E-04	2.604522E-04	
137	2.608089E-04	2.592800E-04	
138	2.618983E-04	2.579613E-04	
139	2.629619E-04	2.564669E-04	
140	2.640193E-04	2.547259E-04	
141	2.556610E-04	2.647287E-04	
142	2.570213E-04	2.642148E-04	
143	2.581735E-04	2.636635E-04	
144	2.591801E-04	2.630666E-04	
145	2.600668E-04	2.624221E-04	
146	2.608745E-04	2.617047E-04	
147	2.616133E-04	2.608993E-04	
148	2.623043E-04	2.599654E-04	
149	2.629427E-04	2.588787E-04	
150	2.635334E-04	2.575825E-04	
151	2.583755E-04	2.634524E-04	
152	2.592775E-04	2.634124E-04	
153	2.600129E-04	2.632892E-04	
154	2.606263E-04	2.630924E-04	
155	2.611365E-04	2.628270E-04	
156	2.615678E-04	2.624846E-04	
157	2.619242E-04	2.620569E-04	
158	2.622116E-04	2.615190E-04	
159	2.624207E-04	2.608517E-04	
160	2.625411E-04	2.600134E-04	
161	2.606336E-04	2.616770E-04	
162	2.610677E-04	2.621112E-04	
163	2.613780E-04	2.624181E-04	
164	2.615915E-04	2.626248E-04	
165	2.617200E-04	2.627432E-04	
166	2.617713E-04	2.627816E-04	
167	2.617430E-04	2.627381E-04	
168	2.616259E-04	2.626033E-04	
169	2.614053E-04	2.623632E-04	
170	2.610558E-04	2.619918E-04	
171	2.331972E-04	1.977035E-04	
172	2.292856E-04	2.015879E-04	
173	2.254774E-04	2.052284E-04	
174	2.216314E-04	2.085422E-04	
175	2.176470E-04	2.114442E-04	
176	2.132952E-04	2.139794E-04	
177	2.084256E-04	2.161573E-04	
178	2.027294E-04	2.180658E-04	
179	1.959509E-04	2.197462E-04	
180	1.876101E-04	2.210848E-04	
181	2.369540E-04	2.014525E-04	
182	2.330109E-04	2.053221E-04	
183	2.291848E-04	2.088753E-04	
184	2.253604E-04	2.120957E-04	
185	2.214740E-04	2.149515E-04	
186	2.173358E-04	2.175317E-04	
187	2.128394E-04	2.198886E-04	
188	2.077443E-04	2.221783E-04	
189	2.018975E-04	2.245708E-04	
190	1.948859E-04	2.277276E-04	
191	2.408113E-04	2.053453E-04	
192	2.368537E-04	2.092796E-04	
193	2.330870E-04	2.128348E-04	
194	2.293745E-04	2.160631E-04	
195	2.256632E-04	2.189785E-04	
196	2.217912E-04	2.217126E-04	
197	2.176834E-04	2.243619E-04	
198	2.131457E-04	2.271509E-04	
199	2.080590E-04	2.303429E-04	
200	2.020590E-04	2.343926E-04	
201	2.446857E-04	2.094874E-04	
202	2.407424E-04	2.135005E-04	
203	2.370687E-04	2.170839E-04	
204	2.335021E-04	2.203526E-04	
205	2.299856E-04	2.233589E-04	
206	2.263697E-04	2.262674E-04	
207	2.225929E-04	2.292032E-04	
208	2.184891E-04	2.324233E-04	
209	2.139826E-04	2.361664E-04	
210	2.088856E-04	2.407762E-04	
211	2.484534E-04	2.138903E-04	
212	2.445728E-04	2.179498E-04	
213	2.410165E-04	2.215471E-04	
214	2.376072E-04	2.248435E-04	
215	2.342786E-04	2.279174E-04	
216	2.308817E-04	2.309490E-04	
217	2.273493E-04	2.340645E-04	
218	2.235111E-04	2.374990E-04	
219	2.192729E-04	2.414211E-04	
220	2.144055E-04	2.461177E-04	
221	2.519945E-04	2.185075E-04	
222	2.482368E-04	2.225550E-04	
223	2.448266E-04	2.261273E-04	
224	2.415851E-04	2.294116E-04	
225	2.384399E-04	2.324999E-04	
226	2.352413E-04	2.355733E-04	
227	2.319169E-04	2.387428E-04	
228	2.282987E-04	2.422060E-04	
229	2.242933E-04	2.460636E-04	
230	2.197010E-04	2.504327E-04	
231	2.552090E-04	2.232627E-04	
232	2.516379E-04	2.272289E-04	
233	2.484085E-04	2.307232E-04	
234	2.453516E-04	2.339414E-04	
235	2.423941E-04	2.369783E-04	
236	2.393892E-04	2.400054E-04	
237	2.362638E-04	2.431131E-04	
238	2.328582E-04	2.464607E-04	
239	2.290921E-04	2.500938E-04	
240	2.248028E-04	2.540860E-04	
241	2.580210E-04	2.280679E-04	
242	2.546972E-04	2.318824E-04	
243	2.516875E-04	2.352411E-04	
244	2.488396E-04	2.383348E-04	
245	2.460848E-04	2.412537E-04	
246	2.432843E-04	2.441546E-04	
247	2.403683E-04	2.471083E-04	
248	2.371905E-04	2.502433E-04	
249	2.336840E-04	2.535810E-04	
250	2.297096E-04	2.571869E-04	
251	2.603764E-04	2.328353E-04	
252	2.573542E-04	2.364326E-04	
253	2.546043E-04	2.395989E-04	
254	2.519953E-04	2.425117E-04	
255	2.494665E-04	2.452525E-04	
256	2.468912E-04	2.479612E-04	
257	2.442063E-04	2.506932E-04	
258	2.412803E-04	2.535553E-04	
259	2.380566E-04	2.565601E-04	
260	2.344097E-04	2.597715E-04	
261	2.622394E-04	2.374832E-04	
262	2.595649E-04	2.408056E-04	
263	2.571133E-04	2.437274E-04	
264	2.547753E-04	2.464085E-04	
265	2.525002E-04	2.489199E-04	
266	2.501763E-04	2.513846E-04	
267	2.477488E-04	2.538464E-04	
268	2.451010E-04	2.563961E-04	
269	2.421835E-04	2.590431E-04	
270	2.388812E-04	2.618481E-04	
271	2.635875E-04	2.419392E-04	
272	2.612988E-04	2.449373E-04	
273	2.591804E-04	2.475691E-04	
274	2.571447E-04	2.499747E-04	
275	2.551519E-04	2.522145E-04	
276	2.531070E-04	2.543950E-04	
277	2.509636E-04	2.565514E-04	
278	2.486199E-04	2.587604E-04	
279	2.460322E-04	2.610298E-04	
280	2.430949E-04	2.634143E-04	
281	2.644085E-04	2.461401E-04	
282	2.625359E-04	2.487730E-04	
283	2.607804E-04	2.510761E-04	
284	2.590756E-04	2.531696E-04	
285	2.573923E-04	2.551040E-04	
286	2.556525E-04	2.569693E-04	
287	2.538183E-04	2.587936E-04	
288	2.518030E-04	2.606405E-04	
289	2.495676E-04	2.625159E-04	
290	2.470170E-04	2.644649E-04	
291	2.646978E-04	2.500318E-04	
292	2.632644E-04	2.522662E-04	
293	2.618961E-04	2.542090E-04	
294	2.605466E-04	2.559606E-04	
295	2.591964E-04	2.575626E-04	
296	2.577850E-04	2.590887E-04	
297	2.562824E-04	2.605609E-04	
298	2.546171E-04	2.620291E-04	
299	2.527548E-04	2.634964E-04	
300	2.506122E-04	2.649963E-04	
301	2.644567E-04	2.535679E-04	
302	2.634792E-04	2.553773E-04	
303	2.625165E-04	2.569345E-04	
304	2.615418E-04	2.583208E-04	
305	2.605441E-04	2.595697E-04	
306	2.594805E-04	2.607385E-04	
307	2.583284E-04	2.618434E-04	
308	2.570316E-04	2.629203E-04	
309	2.555606E-04	2.639686E-04	
310	2.538454E-04	2.650084E-04	
311	2.636912E-04	2.567089E-04	
312	2.631804E-04	2.580730E-04	
313	2.626364E-04	2.592253E-04	
314	2.620506E-04	2.602287E-04	
315	2.614202E-04	2.611093E-04	
316	2.607194E-04	2.619079E-04	
317	2.599326E-04	2.626350E-04	
318	2.590192E-04	2.633116E-04	
319	2.579548E-04	2.639332E-04	
320	2.566833E-04	2.645050E-04	
321	2.624119E-04	2.594214E-04	
322	2.623734E-04	2.603253E-04	
323	2.622554E-04	2.610591E-04	
324	2.620675E-04	2.616675E-04	
325	2.618141E-04	2.621696E-04	
326	2.614865E-04	2.625899E-04	
327	2.610758E-04	2.629327E-04	
328	2.605570E-04	2.632041E-04	
329	2.599106E-04	2.633950E-04	
330	2.590957E-04	2.634950E-04	
331	1.536946E-04	1.073105E-04	
332	1.542243E-04	1.093163E-04	
333	1.547829E-04	1.115522E-04	
334	1.553451E-04	1.140253E-04	
335	1.558828E-04	1.167231E-04	
336	1.563701E-04	1.196382E-04	
337	1.567678E-04	1.227115E-04	
338	1.570267E-04	1.259072E-04	
339	1.570597E-04	1.291633E-04	
340	1.567141E-04	1.323341E-04	
341	1.557585E-04	1.351572E-04	
342	1.539163E-04	1.371105E-04	
343	1.509566E-04	1.374687E-04	
344	1.475217E-04	1.361485E-04	
345	1.433723E-04	1.330992E-04	
346	1.385579E-04	1.282708E-04	
347	1.322750E-04	1.201543E-04	
348	1.258472E-04	1.106435E-04	
349	1.194815E-04	1.001883E-04	
350	1.133560E-04	8.926179E-05	
351	1.075429E-04	7.814682E-05	
352	1.021271E-04	6.714089E-05	
353	9.714389E-05	5.640164E-05	
354	9.262901E-05	4.601709E-05	
355	8.870116E-05	3.619708E-05	
356	8.545545E-05	2.705229E-05	
357	8.297951E-05	1.885601E-05	
358	8.105258E-05	1.177931E-05	
359	1.516939E-04	1.078414E-04	
360	1.522254E-04	1.098488E-04	
361	1.527912E-04	1.120915E-04	
362	1.533766E-04	1.145696E-04	
363	1.539620E-04	1.172667E-04	
364	1.545268E-04	1.201737E-04	
365	1.550353E-04	1.232307E-04	
366	1.554458E-04	1.264014E-04	
367	1.556874E-04	1.296223E-04	
368	1.556372E-04	1.327432E-04	
369	1.551036E-04	1.354917E-04	
370	1.538363E-04	1.373353E-04	
371	1.515626E-04	1.375485E-04	
372	1.488546E-04	1.360668E-04	
373	1.454525E-04	1.328354E-04	
374	1.414275E-04	1.278082E-04	
375	1.359658E-04	1.194816E-04	
376	1.303247E-04	1.097695E-04	
377	1.246636E-04	9.912702E-05	
378	1.191532E-04	8.803128E-05	
379	1.138686E-04	7.676606E-05	
380	1.088967E-04	6.562966E-05	
381	1.042700E-04	5.478183E-05	
382	1.000017E-04	4.431458E-05	
383	9.615988E-05	3.443698E-05	
384	9.278021E-05	2.523491E-05	
385	9.000556E-05	1.694289E-05	
386	8.801080E-05	9.872966E-06	
387	1.495095E-04	1.083916E-04	
388	1.500499E-04	1.104040E-04	
389	1.506336E-04	1.126572E-04	
390	1.512507E-04	1.151403E-04	
391	1.518901E-04	1.178332E-04	
392	1.525401E-04	1.207251E-04	
393	1.531730E-04	1.237554E-04	
394	1.537593E-04	1.268864E-04	
395	1.542462E-04	1.300553E-04	
396	1.545352E-04	1.331105E-04	
397	1.544669E-04	1.357724E-04	
398	1.538136E-04	1.374960E-04	
399	1.523060E-04	1.375406E-04	
400	1.503458E-04	1.358786E-04	
401	1.477400E-04	1.324515E-04	
402	1.445323E-04	1.272187E-04	
403	1.399970E-04	1.186637E-04	
404	1.351978E-04	1.087329E-04	
405	1.302892E-04	9.789249E-05	
406	1.254318E-04	8.662166E-05	
407	1.207028E-04	7.520651E-05	
408	1.161870E-04	6.395039E-05	
409	1.119096E-04	5.302086E-05	
410	1.078624E-04	4.251925E-05	
411	1.040681E-04	3.265230E-05	
412	1.004886E-04	2.345131E-05	
413	9.716917E-05	1.499295E-05	
414	9.453013E-05	7.552014E-06	
415	1.470912E-04	1.089432E-04	
416	1.476500E-04	1.109804E-04	
417	1.482592E-04	1.132536E-04	
418	1.489167E-04	1.157435E-04	
419	1.496199E-04	1.184274E-04	
420	1.503671E-04	1.212939E-04	
421	1.511406E-04	1.242826E-04	
422	1.519260E-04	1.273542E-04	
423	1.526917E-04	1.304514E-04	
424	1.533635E-04	1.334253E-04	
425	1.538111E-04	1.359908E-04	
426	1.538284E-04	1.375816E-04	
427	1.531636E-04	1.374327E-04	
428	1.519991E-04	1.355693E-04	
429	1.502435E-04	1.319279E-04	
430	1.479062E-04	1.264743E-04	
431	1.443912E-04	1.176705E-04	
432	1.405059E-04	1.075054E-04	
433	1.364075E-04	9.645551E-05	
434	1.322503E-04	8.500372E-05	
435	1.281158E-04	7.343906E-05	
436	1.240885E-04	6.207148E-05	
437	1.201960E-04	5.107860E-05	
438	1.164268E-04	4.057384E-05	
439	1.127837E-04	3.077114E-05	
440	1.091674E-04	2.168550E-05	
441	1.054081E-04	1.328079E-05	
442	1.010712E-04	5.112046E-06	
443	1.443545E-04	1.094931E-04	
444	1.449439E-04	1.115878E-04	
445	1.455892E-04	1.138941E-04	
446	1.462998E-04	1.163908E-04	
447	1.470821E-04	1.190572E-04	
448	1.479440E-04	1.218837E-04	
449	1.488767E-04	1.248115E-04	
450	1.498822E-04	1.277981E-04	
451	1.509550E-04	1.308006E-04	
452	1.520496E-04	1.336778E-04	
453	1.530712E-04	1.361383E-04	
454	1.538335E-04	1.375817E-04	
455	1.541001E-04	1.372104E-04	
456	1.538016E-04	1.351196E-04	
457	1.529679E-04	1.312398E-04	
458	1.515727E-04	1.255415E-04	
459	1.491765E-04	1.164665E-04	
460	1.462911E-04	1.060504E-04	
461	1.430760E-04	9.477800E-05	
462	1.396819E-04	8.313617E-05	
463	1.361999E-04	7.141532E-05	
464	1.327245E-04	5.992790E-05	
465	1.293077E-04	4.884951E-05	
466	1.259808E-04	3.828315E-05	
467	1.228133E-04	2.841541E-05	
468	1.198306E-04	1.921409E-05	
469	1.170793E-04	1.061021E-05	
470	1.145801E-04	2.383992E-06	
471	1.416618E-04	1.099816E-04	
472	1.422890E-04	1.121589E-04	
473	1.429775E-04	1.145000E-04	
474	1.437504E-04	1.169952E-04	
475	1.446216E-04	1.196341E-04	
476	1.456033E-04	1.224112E-04	
477	1.466901E-04	1.252698E-04	
478	1.478968E-04	1.281586E-04	
479	1.492451E-04	1.310604E-04	
480	1.507231E-04	1.338423E-04	
481	1.522844E-04	1.362067E-04	
482	1.537666E-04	1.375104E-04	
483	1.549161E-04	1.369168E-04	
484	1.554364E-04	1.346050E-04	
485	1.554687E-04	1.304963E-04	
486	1.549557E-04	1.245650E-04	
487	1.536015E-04	1.152350E-04	
488	1.516537E-04	1.045883E-04	
489	1.492680E-04	9.311220E-05	
490	1.465919E-04	8.129690E-05	
491	1.437262E-04	6.943309E-05	
492	1.407759E-04	5.783099E-05	
493	1.378134E-04	4.666028E-05	
494	1.348942E-04	3.601113E-05	
495	1.321061E-04	2.605424E-05	
496	1.294877E-04	1.675442E-05	
497	1.270768E-04	8.101843E-06	
498	1.248775E-04	9.735642E-08	
499	1.387771E-04	1.105150E-04	
500	1.394408E-04	1.127732E-04	
501	1.401854E-04	1.151327E-04	
502	1.410433E-04	1.176074E-04	
503	1.420273E-04	1.202039E-04	
504	1.431498E-04	1.229203E-04	
505	1.444006E-04	1.257035E-04	
506	1.457971E-04	1.284781E-04	
507	1.473943E-04	1.312726E-04	
508	1.492215E-04	1.339561E-04	
509	1.513155E-04	1.362205E-04	
510	1.535787E-04	1.373783E-04	
511	1.556340E-04	1.365454E-04	
512	1.569991E-04	1.339986E-04	
513	1.579195E-04	1.296525E-04	
514	1.583081E-04	1.234809E-04	
515	1.579961E-04	1.138958E-04	
516	1.569991E-04	1.030180E-04	
517	1.554597E-04	9.133791E-05	
518	1.535179E-04	7.935001E-05	
519	1.512821E-04	6.734378E-05	
520	1.488649E-04	5.562668E-05	
521	1.463523E-04	4.436221E-05	
522	1.438113E-04	3.363297E-05	
523	1.413287E-04	2.360439E-05	
524	1.389409E-04	1.425170E-05	
525	1.366863E-04	5.609316E-06	
526	1.345934E-04	-2.256480E-06	
527	1.357750E-04	1.112293E-04	
528	1.363346E-04	1.134724E-04	
529	1.371468E-04	1.158017E-04	
530	1.381311E-04	1.182228E-04	
531	1.392694E-04	1.207620E-04	
532	1.405556E-04	1.234069E-04	
533	1.420001E-04	1.261218E-04	
534	1.435639E-04	1.287694E-04	
535	1.453567E-04	1.314609E-04	
536	1.474679E-04	1.340502E-04	
537	1.500262E-04	1.361891E-04	
538	1.532375E-04	1.371882E-04	
539	1.562051E-04	1.360976E-04	
540	1.584653E-04	1.332958E-04	
541	1.603028E-04	1.286999E-04	
542	1.616471E-04	1.222821E-04	
543	1.623572E-04	1.124450E-04	
544	1.623372E-04	1.013295E-04	
545	1.616732E-04	8.944093E-05	
546	1.604935E-04	7.727831E-05	
547	1.589097E-04	6.512962E-05	
548	1.570396E-04	5.329909E-05	
549	1.549790E-04	4.194559E-05	
550	1.528045E-04	3.114743E-05	
551	1.506037E-04	2.106918E-05	
552	1.484106E-04	1.169069E-05	
553	1.462630E-04	3.056406E-06	
554	1.442140E-04	-4.770960E-06	
555	5.115221E-05	0.000000E+00	
556	8.058789E-05	0.000000E+00	
557	2.667652E-04	2.667934E-04	
558	4.893209E-05	4.893207E-05	
559	8.375802E-05	4.086335E-05	
560	1.111790E-04	1.169205E-04	
561	1.279313E-04	1.133710E-04	
562	8.837871E-05	7.546724E-05	
563	6.870029E-05	4.731539E-05	
564	5.429172E-05	4.563685E-06	
565	8.234872E-05	1.390188E-06	
566	1.028448E-04	2.693581E-06	
567	8.489930E-05	-3.433215E-06	
568	7.865536E-05	1.990186E-05	
569	4.785745E-05	0.000000E+00	
570	4.593960E-05	0.000000E+00	
571	4.455755E-05	0.000000E+00	
572	4.416004E-05	0.000000E+00	
573	4.481681E-05	0.000000E+00	
574	4.666682E-05	0.000000E+00	
575	4.973059E-05	0.000000E+00	
576	5.333424E-05	0.000000E+00	
577	5.712331E-05	0.000000E+00	
578	6.088218E-05	0.000000E+00	
579	6.448942E-05	0.000000E+00	
580	6.802349E-05	0.000000E+00	
581	7.153279E-05	0.000000E+00	
582	7.513684E-05	0.000000E+00	
583	7.877372E-05	0.000000E+00	
584	8.117801E-05	0.000000E+00	
585	8.436629E-05	0.000000E+00	
586	8.717480E-05	0.000000E+00	
587	8.515581E-05	0.000000E+00	
588	5.205637E-05	1.573512E-05	
589	5.253046E-05	3.029030E-05	
590	5.208956E-05	4.143311E-05	
591	7.790606E-05	1.275961E-05	
592	7.842586E-05	1.984738E-05	
593	1.005520E-04	2.987574E-05	
594	1.228361E-04	4.639844E-05	
595	1.382906E-04	6.329138E-05	
596	1.483395E-04	7.761353E-05	
597	1.547261E-04	8.942321E-05	
598	1.591651E-04	9.904307E-05	
599	1.628853E-04	1.064891E-04	
600	1.670785E-04	1.126459E-04	
601	1.734255E-04	1.175737E-04	
602	1.843148E-04	1.234697E-04	
603	2.060215E-04	1.344238E-04	
604	2.331739E-04	1.577283E-04	
605	2.553151E-04	1.862249E-04	
606	2.686755E-04	2.127089E-04	
607	2.752081E-04	2.354204E-04	
608	2.750878E-04	2.548834E-04	
609	4.814176E-05	4.814176E-05	
610	5.012765E-05	5.012768E-05	
611	5.441564E-05	5.441573E-05	
612	6.083795E-05	6.083815E-05	
613	6.808984E-05	6.809014E-05	
614	7.460028E-05	7.460050E-05	
615	8.190386E-05	8.190351E-05	
616	8.974645E-05	8.974506E-05	
617	9.726068E-05	9.725821E-05	
618	1.034707E-04	1.034671E-04	
619	1.082698E-04	1.082653E-04	
620	1.115533E-04	1.115478E-04	
621	1.135290E-04	1.135222E-04	
622	1.149266E-04	1.149185E-04	
623	1.156300E-04	1.156202E-04	
624	2.709457E-04	2.710353E-04	
625	2.703499E-04	2.704086E-04	
626	9.680231E-05	8.619598E-05	
627	1.065859E-04	1.081015E-04	
628	1.165466E-04	1.242648E-04	
629	1.207660E-04	1.302512E-04	
630	1.252502E-04	1.351852E-04	
631	1.288393E-04	1.391372E-04	
632	1.326290E-04	1.420303E-04	
633	1.355436E-04	1.441150E-04	
634	1.384519E-04	1.451897E-04	
635	1.405068E-04	1.455946E-04	
636	1.424239E-04	1.450244E-04	
637	1.434380E-04	1.438871E-04	
638	1.439445E-04	1.422476E-04	
639	1.442549E-04	1.400951E-04	
640	1.441212E-04	1.375168E-04	
641	1.429710E-04	1.346008E-04	
642	1.413005E-04	1.309399E-04	
643	1.390344E-04	1.271659E-04	
644	1.363533E-04	1.228213E-04	
645	1.327713E-04	1.181424E-04	
646	1.233920E-04	1.083291E-04	
647	1.177256E-04	1.023705E-04	
648	6.153926E-05	1.769798E-05	
649	5.663325E-05	1.002334E-05	
650	5.411029E-05	-5.604828E-07	
651	5.522422E-05	-2.376052E-06	
652	5.705957E-05	-2.868723E-06	
653	5.948241E-05	-2.666644E-06	
654	6.254995E-05	-2.299176E-06	
655	6.593208E-05	-1.954627E-06	
656	6.945881E-05	-1.727712E-06	
657	7.308009E-05	-1.477145E-06	
658	7.687905E-05	-8.675812E-07	
659	9.178762E-05	-3.014760E-06	
660	8.243819E-05	-1.593041E-06	
661	1.338138E-04	1.414460E-04	
662	1.235557E-04	1.249433E-04	
663	1.521080E-04	1.399477E-04	
664	1.423042E-04	1.424616E-04	
665	1.496455E-04	1.202624E-04	
666	4.978828E-05	2.932793E-05	
667	1.129158E-04	1.155620E-04	
668	1.459997E-04	1.448215E-04	
669	1.339988E-04	1.351998E-04	
670	1.728763E-04	1.467391E-04	
671	1.459033E-04	1.381392E-04	
672	1.185048E-04	1.254149E-04	
673	4.635337E-05	1.022821E-05	
674	1.598084E-04	1.245289E-04	
675	1.014251E-04	1.034494E-04	
676	1.268716E-04	1.269040E-04	
677	1.497341E-04	1.452350E-04	
678	1.459370E-04	9.807929E-05	
679	1.336890E-04	1.339362E-04	
680	1.428318E-04	1.449810E-04	
681	5.124601E-05	3.463103E-05	
682	2.112312E-04	2.012649E-04	
683	1.376829E-04	1.298912E-04	
684	1.132256E-04	1.147896E-04	
685	6.026406E-05	4.992711E-05	
686	1.408750E-04	1.422066E-04	
687	4.957828E-05	1.552727E-06	
688	5.036372E-05	2.255869E-05	
689	2.623066E-04	2.640061E-04	
690	1.342351E-04	1.166204E-04	
691	1.311657E-04	7.979050E-05	
692	1.422552E-04	1.440425E-04	
693	1.343565E-04	1.332181E-04	
694	4.692937E-05	1.682867E-05	
695	1.192253E-04	1.173605E-04	
696	5.425927E-05	-1.208602E-06	
697	1.181689E-04	1.199713E-04	
698	1.572290E-04	1.430917E-04	
699	1.661475E-04	1.303683E-04	
700	1.517730E-04	1.311301E-04	
701	4.546594E-05	1.333703E-05	
702	2.367721E-04	2.338931E-04	
703	1.574517E-04	1.108562E-04	
704	1.425832E-04	1.410230E-04	
705	1.266286E-04	1.319066E-04	
706	5.420964E-05	4.460721E-05	
707	7.580908E-05	6.505720E-05	
708	9.134084E-05	8.862965E-05	
709	4.898297E-05	1.907253E-05	
710	1.464232E-04	1.446933E-04	
711	1.077099E-04	1.094467E-04	
712	1.367572E-04	1.374193E-04	
713	1.427473E-04	1.457368E-04	
714	1.838326E-04	1.576409E-04	
715	1.397118E-04	1.393006E-04	
716	1.386570E-04	1.380636E-04	
717	5.962258E-05	-1.575262E-06	
718	1.484896E-04	1.417434E-04	
719	1.199113E-04	1.221398E-04	
720	1.553199E-04	1.452619E-04	
721	1.288607E-04	1.304143E-04	
722	1.252260E-04	1.269677E-04	
723	1.152530E-04	1.179077E-04	
724	4.896212E-05	6.052068E-06	
725	1.583450E-04	1.356246E-04	
726	1.260645E-04	1.237876E-04	
727	1.525362E-04	1.053585E-04	
728	1.374084E-04	1.032600E-04	
729	5.646358E-05	3.638467E-05	
730	4.634397E-05	3.564602E-06	
731	6.487941E-05	-1.488046E-06	
732	1.497127E-04	1.437531E-04	
733	1.423473E-04	1.436080E-04	
734	1.291283E-04	1.303759E-04	
735	1.141562E-04	1.153669E-04	
736	1.314774E-04	1.285123E-04	
737	1.396196E-04	1.406803E-04	
738	7.829280E-05	2.332145E-05	
739	8.132388E-05	1.224375E-05	
740	4.468384E-05	6.410440E-06	
741	1.540975E-04	1.225000E-04	
742	5.153089E-05	3.415306E-05	
743	4.716963E-05	1.989091E-05	
744	8.564176E-05	-1.517621E-06	
745	1.480614E-04	1.327746E-04	
746	1.313739E-04	1.251401E-04	
747	5.105859E-05	1.427348E-05	
748	1.140973E-04	1.202178E-04	
749	8.415646E-05	7.483750E-05	
750	1.089150E-04	1.102325E-04	
751	1.153416E-04	5.816577E-05	
752	1.022376E-04	1.038638E-04	
753	1.442640E-04	1.445014E-04	
754	1.355962E-04	1.360606E-04	
755	6.870408E-05	-9.776000E-07	
756	1.024006E-04	1.017491E-04	
757	9.476402E-05	9.533693E-05	
758	2.312839E-04	1.962509E-04	
759	5.135892E-05	-1.184450E-07	
760	1.217369E-04	1.219368E-04	
761	1.638536E-04	1.196202E-04	
762	1.144545E-04	1.169501E-04	
763	2.630799E-04	2.374327E-04	
764	5.301030E-05	-8.910064E-07	
765	5.176160E-05	3.231502E-05	
766	1.390578E-04	1.426621E-04	
767	1.459647E-04	1.418135E-04	
768	1.421529E-04	1.433148E-04	
769	4.949693E-05	2.849935E-05	
770	1.425419E-04	1.451066E-04	
771	5.140477E-05	4.316120E-05	
772	1.165619E-04	1.279679E-04	
773	6.652973E-05	6.243220E-05	
774	1.634370E-04	1.387424E-04	
775	1.420799E-04	8.146081E-05	
776	1.446555E-04	1.239259E-04	
777	1.506036E-04	9.183935E-05	
778	6.522100E-05	5.052352E-05	
779	1.736858E-04	1.312390E-04	
780	1.362325E-04	1.370123E-04	
781	2.719750E-04	2.609390E-04	
782	1.468635E-04	1.457365E-04	
783	5.928307E-05	5.416411E-05	
784	1.085412E-04	1.114228E-04	
785	1.382716E-04	1.390652E-04	
786	1.180999E-04	1.196005E-04	
787	1.447661E-04	1.101625E-04	
788	5.417632E-05	4.070342E-05	
789	4.701135E-05	1.081646E-05	
790	1.422770E-04	1.417061E-04	
791	2.479894E-04	2.480226E-04	
792	1.564698E-04	1.298438E-04	
793	7.243270E-05	-8.759942E-07	
794	1.528528E-04	1.441986E-04	
795	4.529968E-05	1.080890E-05	
796	1.607888E-04	1.144251E-04	
797	1.300642E-04	1.311649E-04	
798	1.447626E-04	1.435325E-04	
799	8.329227E-05	-1.265122E-06	
800	1.437914E-04	1.455760E-04	
801	1.401352E-04	1.400032E-04	
802	1.101162E-04	1.110487E-04	
803	1.497381E-04	1.378180E-04	
804	1.934986E-04	1.717303E-04	
805	8.588376E-05	3.542878E-06	
806	1.409239E-04	1.349154E-04	
807	5.464363E-05	2.106917E-05	
808	1.666934E-04	1.452433E-04	
809	1.416284E-04	1.456179E-04	
810	1.221149E-04	1.167801E-04	
811	6.266982E-05	-9.330699E-07	
812	4.845351E-05	9.134829E-07	
813	1.562747E-04	1.004638E-04	
814	1.382250E-04	1.361879E-04	
815	2.666140E-04	2.687537E-04	
816	6.159916E-05	-1.939863E-06	
817	5.687366E-05	-1.688559E-06	
818	1.247261E-04	1.161046E-04	
819	5.696941E-05	-1.122727E-06	
820	4.708250E-05	2.061606E-05	
821	4.905986E-05	2.413570E-05	
822	5.162873E-05	1.388580E-06	
823	1.192484E-04	1.317790E-04	
824	1.260851E-04	1.375911E-04	
825	9.325802E-05	3.124156E-05	
826	4.904307E-05	1.097050E-05	
827	7.638129E-05	-6.485682E-07	
828	1.420840E-04	1.457926E-04	
829	1.209111E-04	1.238975E-04	
830	1.299599E-04	1.315127E-04	
831	1.621094E-04	1.302076E-04	
832	5.289825E-05	4.628006E-05	
833	1.414187E-04	1.393058E-04	
834	1.083242E-04	1.106752E-04	
835	4.831448E-05	1.451603E-05	
836	1.300464E-04	9.279809E-05	
837	1.323454E-04	1.248436E-04	
838	1.713316E-04	1.416872E-04	
839	7.889948E-05	6.293742E-05	
840	5.095780E-05	4.319932E-05	
841	1.433979E-04	1.452508E-04	
842	1.418356E-04	1.416277E-04	
843	1.479405E-04	1.443619E-04	
844	4.760677E-05	5.498773E-06	
845	1.292013E-04	1.210689E-04	
846	1.333027E-04	1.344510E-04	
847	1.358463E-04	1.358058E-04	
848	4.451498E-05	6.361730E-06	
849	1.389648E-04	9.373453E-05	
850	1.222840E-04	1.236899E-04	
851	1.368003E-04	1.317997E-04	
852	1.392634E-04	1.446165E-04	
853	1.281732E-04	1.290256E-04	
854	1.679225E-04	1.214193E-04	
855	1.207748E-04	7.967161E-05	
856	5.216196E-05	3.821172E-05	
857	1.556368E-04	1.400053E-04	
858	1.527862E-04	1.457326E-04	
859	1.290003E-04	1.308737E-04	
860	1.456224E-04	1.449016E-04	
861	1.524836E-04	1.137621E-04	
862	9.449145E-05	8.797649E-05	
863	2.538090E-04	2.130182E-04	
864	5.525907E-05	-2.067880E-06	
865	1.367054E-04	1.378086E-04	
866	1.148265E-04	1.238252E-04	
867	7.975601E-05	2.925108E-07	
868	2.705773E-04	2.484268E-04	
869	4.580531E-05	1.333335E-05	
870	8.463207E-05	-1.916881E-06	
871	1.174492E-04	1.203200E-04	
872	1.308204E-04	1.300727E-04	
873	5.943578E-05	3.165914E-05	
874	1.199271E-04	1.220266E-04	
875	1.239060E-04	1.258143E-04	
876	5.061993E-05	2.304126E-05	
877	1.306355E-04	1.042595E-04	
878	1.350134E-04	1.402486E-04	
879	1.501715E-04	1.269234E-04	
880	1.142984E-04	1.154102E-04	
881	1.623866E-04	1.438500E-04	
882	1.154682E-04	1.169176E-04	
883	1.122125E-04	1.128693E-04	
884	7.785576E-05	1.617091E-05	
885	5.426120E-05	-5.732621E-07	
886	1.465555E-04	1.436084E-04	
887	1.109995E-04	1.085908E-04	
888	1.484588E-04	1.448780E-04	
889	1.529509E-04	1.357444E-04	
890	1.594969E-04	1.063171E-04	
891	1.314782E-04	6.511562E-05	
892	1.108800E-04	1.127140E-04	
893	1.429941E-04	1.039399E-04	
894	1.347004E-04	1.351806E-04	
895	1.395106E-04	1.400774E-04	
896	1.146193E-04	1.167266E-04	
897	4.569274E-05	7.555716E-06	
898	1.876067E-04	1.381291E-04	
899	1.046205E-04	1.068803E-04	
900	1.241611E-04	1.260424E-04	
901	7.833275E-05	1.945594E-05	
902	1.794909E-04	1.485637E-04	
903	8.189575E-05	7.380162E-06	
904	1.465549E-04	1.438354E-04	
905	1.421146E-04	1.440277E-04	
906	1.586093E-04	1.180271E-04	
907	5.943322E-05	-7.483180E-07	
908	1.444539E-04	1.439013E-04	
909	1.381323E-04	1.375326E-04	
910	7.447141E-05	6.803051E-05	
911	1.401000E-04	1.401820E-04	
912	5.567486E-05	5.047375E-05	
913	5.180011E-05	3.560928E-05	
914	1.428439E-04	1.455508E-04	
915	1.367432E-04	1.243650E-04	
916	2.253375E-04	2.184700E-04	
917	1.229946E-04	1.276827E-04	
918	5.156274E-05	3.779669E-06	
919	8.098280E-05	2.878941E-05	
920	5.667576E-05	4.183327E-05	
921	1.061956E-04	1.069659E-04	
922	4.524875E-05	2.517580E-06	
923	1.154793E-04	1.170184E-04	
924	5.016918E-05	2.696700E-05	
925	1.475620E-04	1.399703E-04	
926	1.174653E-04	1.199061E-04	
927	1.500113E-04	1.418212E-04	
928	8.706676E-05	8.554798E-05	
929	6.594492E-05	-6.342925E-07	
930	1.456264E-04	1.270261E-04	
931	5.204711E-05	-2.869272E-07	
932	2.705059E-04	2.683486E-04	
933	9.606170E-05	9.557128E-05	
934	5.910117E-05	-2.310092E-06	
935	8.632450E-05	2.464023E-06	
936	9.183999E-05	3.198865E-06	
937	1.073173E-04	1.536997E-04	
938	1.093234E-04	1.542294E-04	
939	1.115597E-04	1.547882E-04	
940	1.140332E-04	1.553504E-04	
941	1.167314E-04	1.558882E-04	
942	1.196471E-04	1.563756E-04	
943	1.227209E-04	1.567733E-04	
944	1.259173E-04	1.570323E-04	
945	1.291740E-04	1.570652E-04	
946	1.323454E-04	1.567194E-04	
947	1.351689E-04	1.557635E-04	
948	1.371225E-04	1.539209E-04	
949	1.374806E-04	1.509607E-04	
950	1.361603E-04	1.475253E-04	
951	1.331106E-04	1.433753E-04	
952	1.282816E-04	1.385604E-04	
953	1.201642E-04	1.322769E-04	
954	1.106525E-04	1.258485E-04	
955	1.001963E-04	1.194823E-04	
956	8.926884E-05	1.133562E-04	
957	7.815291E-05	1.075426E-04	
958	6.714606E-05	1.021264E-04	
959	5.640593E-05	9.714279E-05	
960	4.602054E-05	9.262756E-05	
961	3.619974E-05	8.869940E-05	
962	2.705424E-05	8.545345E-05	
963	1.885732E-05	8.297733E-05	
964	1.178009E-05	8.105025E-05	
965	1.078484E-04	1.516987E-04	
966	1.098560E-04	1.522303E-04	
967	1.120991E-04	1.527961E-04	
968	1.145775E-04	1.533816E-04	
969	1.172751E-04	1.539672E-04	
970	1.201827E-04	1.545321E-04	
971	1.232402E-04	1.550406E-04	
972	1.264115E-04	1.554511E-04	
973	1.296331E-04	1.556927E-04	
974	1.327545E-04	1.556423E-04	
975	1.355035E-04	1.551085E-04	
976	1.373473E-04	1.538409E-04	
977	1.375605E-04	1.515667E-04	
978	1.360785E-04	1.488583E-04	
979	1.328468E-04	1.454558E-04	
980	1.278189E-04	1.414303E-04	
981	1.194915E-04	1.359680E-04	
982	1.097785E-04	1.303264E-04	
983	9.913495E-05	1.246648E-04	
984	8.803822E-05	1.191539E-04	
985	7.677203E-05	1.138689E-04	
986	6.563471E-05	1.088965E-04	
987	5.478599E-05	1.042695E-04	
988	4.431789E-05	1.000008E-04	
989	3.443951E-05	9.615871E-05	
990	2.523671E-05	9.277878E-05	
991	1.694406E-05	9.000392E-05	
992	9.873593E-06	8.800900E-05	
993	1.083987E-04	1.495139E-04	
994	1.104114E-04	1.500545E-04	
995	1.126649E-04	1.506382E-04	
996	1.151484E-04	1.512554E-04	
997	1.178417E-04	1.518949E-04	
998	1.207341E-04	1.525450E-04	
999	1.237650E-04	1.531780E-04	
1000	1.268966E-04	1.537644E-04	
1001	1.300662E-04	1.542512E-04	
1002	1.331219E-04	1.545402E-04	
1003	1.357843E-04	1.544717E-04	
1004	1.375081E-04	1.538183E-04	
1005	1.375526E-04	1.523103E-04	
1006	1.358903E-04	1.503498E-04	
1007	1.324628E-04	1.477436E-04	
1008	1.272294E-04	1.445355E-04	
1009	1.186734E-04	1.399997E-04	
1010	1.087417E-04	1.352000E-04	
1011	9.790030E-05	1.302909E-04	
1012	8.662848E-05	1.254331E-04	
1013	7.521235E-05	1.207036E-04	
1014	6.395529E-05	1.161875E-04	
1015	5.302487E-05	1.119097E-04	
1016	4.252242E-05	1.078621E-04	
1017	3.265468E-05	1.040676E-04	
1018	2.345297E-05	1.004877E-04	
1019	1.499396E-05	9.716809E-05	
1020	7.552473E-06	9.452884E-05	
1021	1.089504E-04	1.470953E-04	
1022	1.109878E-04	1.476542E-04	
1023	1.132613E-04	1.482634E-04	
1024	1.157517E-04	1.489211E-04	
1025	1.184360E-04	1.496244E-04	
1026	1.213030E-04	1.503717E-04	
1027	1.242923E-04	1.511453E-04	
1028	1.273645E-04	1.519307E-04	
1029	1.304623E-04	1.526965E-04	
1030	1.334368E-04	1.533683E-04	
1031	1.360027E-04	1.538159E-04	
1032	1.375936E-04	1.538330E-04	
1033	1.374447E-04	1.531680E-04	
1034	1.355810E-04	1.520032E-04	
1035	1.319392E-04	1.502474E-04	
1036	1.264849E-04	1.479097E-04	
1037	1.176802E-04	1.443943E-04	
1038	1.075141E-04	1.405085E-04	
1039	9.646320E-05	1.364098E-04	
1040	8.501040E-05	1.322521E-04	
1041	7.344475E-05	1.281172E-04	
1042	6.207623E-05	1.240896E-04	
1043	5.108245E-05	1.201967E-04	
1044	4.057686E-05	1.164273E-04	
1045	3.077337E-05	1.127839E-04	
1046	2.168703E-05	1.091673E-04	
1047	1.328166E-05	1.054077E-04	
1048	5.112300E-06	1.010704E-04	
1049	1.095003E-04	1.443582E-04	
1050	1.115952E-04	1.449477E-04	
1051	1.139020E-04	1.455931E-04	
1052	1.163991E-04	1.463038E-04	
1053	1.190659E-04	1.470862E-04	
1054	1.218929E-04	1.479482E-04	
1055	1.248213E-04	1.488810E-04	
1056	1.278085E-04	1.498866E-04	
1057	1.308116E-04	1.509595E-04	
1058	1.336894E-04	1.520543E-04	
1059	1.361503E-04	1.530759E-04	
1060	1.375938E-04	1.538381E-04	
1061	1.372224E-04	1.541046E-04	
1062	1.351312E-04	1.538059E-04	
1063	1.312509E-04	1.529721E-04	
1064	1.255520E-04	1.515766E-04	
1065	1.164760E-04	1.491800E-04	
1066	1.060590E-04	1.462943E-04	
1067	9.478555E-05	1.430788E-04	
1068	8.314270E-05	1.396844E-04	
1069	7.142085E-05	1.362021E-04	
1070	5.993247E-05	1.327264E-04	
1071	4.885318E-05	1.293093E-04	
1072	3.828598E-05	1.259820E-04	
1073	2.841745E-05	1.228143E-04	
1074	1.921541E-05	1.198313E-04	
1075	1.061085E-05	1.170798E-04	
1076	2.383981E-06	1.145804E-04	
1077	1.099889E-04	1.416652E-04	
1078	1.121664E-04	1.422924E-04	
1079	1.145078E-04	1.429811E-04	
1080	1.170035E-04	1.437541E-04	
1081	1.196429E-04	1.446253E-04	
1082	1.224205E-04	1.456072E-04	
1083	1.252797E-04	1.466941E-04	
1084	1.281691E-04	1.479009E-04	
1085	1.310715E-04	1.492494E-04	
1086	1.338540E-04	1.507276E-04	
1087	1.362188E-04	1.522890E-04	
1088	1.375225E-04	1.537713E-04	
1089	1.369287E-04	1.549207E-04	
1090	1.346166E-04	1.554409E-04	
1091	1.305074E-04	1.554732E-04	
1092	1.245754E-04	1.549600E-04	
1093	1.152445E-04	1.536055E-04	
1094	1.045967E-04	1.516574E-04	
1095	9.311961E-05	1.492714E-04	
1096	8.130328E-05	1.465950E-04	
1097	6.943845E-05	1.437290E-04	
1098	5.783540E-05	1.407785E-04	
1099	4.666378E-05	1.378156E-04	
1100	3.601378E-05	1.348962E-04	
1101	2.605610E-05	1.321078E-04	
1102	1.675554E-05	1.294892E-04	
1103	8.102273E-06	1.270781E-04	
1104	9.713966E-08	1.248786E-04	
1105	1.105223E-04	1.387801E-04	
1106	1.127807E-04	1.394439E-04	
1107	1.151406E-04	1.401886E-04	
1108	1.176157E-04	1.410466E-04	
1109	1.202127E-04	1.420308E-04	
1110	1.229297E-04	1.431533E-04	
1111	1.257135E-04	1.444044E-04	
1112	1.284887E-04	1.458010E-04	
1113	1.312837E-04	1.473984E-04	
1114	1.339678E-04	1.492258E-04	
1115	1.362327E-04	1.513200E-04	
1116	1.373904E-04	1.535833E-04	
1117	1.365573E-04	1.556387E-04	
1118	1.340101E-04	1.570038E-04	
1119	1.296635E-04	1.579242E-04	
1120	1.234912E-04	1.583127E-04	
1121	1.139051E-04	1.580005E-04	
1122	1.030263E-04	1.570033E-04	
1123	9.134517E-05	1.554637E-04	
1124	7.935622E-05	1.535216E-04	
1125	6.734898E-05	1.512855E-04	
1126	5.563091E-05	1.488681E-04	
1127	4.436552E-05	1.463553E-04	
1128	3.363542E-05	1.438140E-04	
1129	2.360605E-05	1.413312E-04	
1130	1.425262E-05	1.389432E-04	
1131	5.609537E-06	1.366884E-04	
1132	-2.256895E-06	1.345953E-04	
1133	1.112366E-04	1.357778E-04	
1134	1.134799E-04	1.363374E-04	
1135	1.158097E-04	1.371497E-04	
1136	1.182312E-04	1.381341E-04	
1137	1.207710E-04	1.392725E-04	
1138	1.234163E-04	1.405588E-04	
1139	1.261318E-04	1.420035E-04	
1140	1.287801E-04	1.435674E-04	
1141	1.314722E-04	1.453605E-04	
1142	1.340620E-04	1.474719E-04	
1143	1.362014E-04	1.500307E-04	
1144	1.372003E-04	1.532421E-04	
1145	1.361095E-04	1.562100E-04	
1146	1.333073E-04	1.584702E-04	
1147	1.287108E-04	1.603078E-04	
1148	1.222923E-04	1.616521E-04	
1149	1.124543E-04	1.623621E-04	
1150	1.013376E-04	1.623419E-04	
1151	8.944803E-05	1.616778E-04	
1152	7.728435E-05	1.604978E-04	
1153	6.513463E-05	1.589138E-04	
1154	5.330314E-05	1.570434E-04	
1155	4.194872E-05	1.549827E-04	
1156	3.114969E-05	1.528080E-04	
1157	2.107064E-05	1.506070E-04	
1158	1.169140E-05	1.484137E-04	
1159	3.056421E-06	1.462659E-04	
1160	-4.771578E-06	1.442167E-04	
1161	0.000000E+00	5.115212E-05	
1162	0.000000E+00	8.058517E-05	
1163	4.086372E-05	8.375316E-05	
1164	1.169266E-04	1.111736E-04	
1165	1.133776E-04	1.279353E-04	
1166	7.546837E-05	8.838007E-05	
1167	4.731569E-05	6.870090E-05	
1168	4.563678E-06	5.429160E-05	
1169	1.390406E-06	8.234682E-05	
1170	2.693882E-06	1.028441E-04	
1171	-3.433306E-06	8.489716E-05	
1172	1.990206E-05	7.865166E-05	
1173	0.000000E+00	4.785735E-05	
1174	0.000000E+00	4.593948E-05	
1175	0.000000E+00	4.455739E-05	
1176	0.000000E+00	4.415981E-05	
1177	0.000000E+00	4.481652E-05	
1178	0.000000E+00	4.666647E-05	
1179	0.000000E+00	4.973016E-05	
1180	0.000000E+00	5.333372E-05	
1181	0.000000E+00	5.712268E-05	
1182	0.000000E+00	6.088143E-05	
1183	0.000000E+00	6.448852E-05	
1184	0.000000E+00	6.802244E-05	
1185	0.000000E+00	7.153155E-05	
1186	0.000000E+00	7.513540E-05	
1187	0.000000E+00	7.877205E-05	
1188	0.000000E+00	8.117602E-05	
1189	0.000000E+00	8.436403E-05	
1190	0.000000E+00	8.717234E-05	
1191	0.000000E+00	8.515318E-05	
1192	1.573514E-05	5.205629E-05	
1193	3.029034E-05	5.253042E-05	
1194	4.143314E-05	5.208954E-05	
1195	1.276019E-05	7.790290E-05	
1196	1.984797E-05	7.842153E-05	
1197	2.987564E-05	1.005476E-04	
1198	4.639796E-05	1.228329E-04	
1199	6.329060E-05	1.382890E-04	
1200	7.761256E-05	1.483397E-04	
1201	8.942185E-05	1.547283E-04	
1202	9.904090E-05	1.591696E-04	
1203	1.064851E-04	1.628928E-04	
1204	1.126398E-04	1.670909E-04	
1205	1.175629E-04	1.734464E-04	
1206	1.234542E-04	1.843529E-04	
1207	1.344074E-04	2.061044E-04	
1208	1.577466E-04	2.333361E-04	
1209	1.862831E-04	2.554813E-04	
1210	2.127622E-04	2.688057E-04	
1211	2.354496E-04	2.753026E-04	
1212	2.548857E-04	2.751485E-04	
1213	8.619860E-05	9.679695E-05	
1214	1.081062E-04	1.065803E-04	
1215	1.242723E-04	1.165414E-04	
1216	1.302602E-04	1.207612E-04	
1217	1.351956E-04	1.252460E-04	
1218	1.391490E-04	1.288358E-04	
1219	1.420432E-04	1.326264E-04	
1220	1.441288E-04	1.355419E-04	
1221	1.452041E-04	1.384513E-04	
1222	1.456094E-04	1.405071E-04	
1223	1.450392E-04	1.424252E-04	
1224	1.439017E-04	1.434402E-04	
1225	1.422618E-04	1.439473E-04	
1226	1.401085E-04	1.442584E-04	
1227	1.375292E-04	1.441251E-04	
1228	1.346125E-04	1.429751E-04	
1229	1.309507E-04	1.413047E-04	
1230	1.271757E-04	1.390388E-04	
1231	1.228302E-04	1.363577E-04	
1232	1.181502E-04	1.327756E-04	
1233	1.083345E-04	1.233958E-04	
1234	1.023746E-04	1.177290E-04	
1235	1.769799E-05	6.153950E-05	
1236	1.002334E-05	5.663331E-05	
1237	-5.604533E-07	5.411000E-05	
1238	-2.375992E-06	5.522380E-05	
1239	-2.868644E-06	5.705903E-05	
1240	-2.666554E-06	5.948175E-05	
1241	-2.299081E-06	6.254914E-05	
1242	-1.954531E-06	6.593111E-05	
1243	-1.727614E-06	6.945767E-05	
1244	-1.477048E-06	7.307875E-05	
1245	-8.674714E-07	7.687745E-05	
1246	-3.014779E-06	9.178612E-05	
1247	-1.593079E-06	8.243567E-05	
1248	1.414631E-04	1.338147E-04	
1249	1.249546E-04	1.235556E-04	
1250	1.399618E-04	1.521108E-04	
1251	1.424773E-04	1.423073E-04	
1252	1.202690E-04	1.496456E-04	
1253	2.932802E-05	4.978827E-05	
1254	1.155699E-04	1.129160E-04	
1255	1.448369E-04	1.460020E-04	
1256	1.352130E-04	1.340012E-04	
1257	1.467618E-04	1.728951E-04	
1258	1.381513E-04	1.459038E-04	
1259	1.254277E-04	1.185008E-04	
1260	1.022824E-05	4.635316E-05	
1261	1.245345E-04	1.598127E-04	
1262	1.034543E-04	1.014247E-04	
1263	1.269145E-04	1.268738E-04	
1264	1.452528E-04	1.497390E-04	
1265	9.808162E-05	1.459361E-04	
1266	1.339505E-04	1.336906E-04	
1267	1.449964E-04	1.428340E-04	
1268	3.463107E-05	5.124602E-05	
1269	2.013628E-04	2.113340E-04	
1270	1.299002E-04	1.376811E-04	
1271	1.147976E-04	1.132230E-04	
1272	4.992724E-05	6.026438E-05	
1273	1.422213E-04	1.408777E-04	
1274	1.552732E-06	4.957792E-05	
1275	2.255878E-05	5.036370E-05	
1276	2.639684E-04	2.624450E-04	
1277	1.166265E-04	1.342324E-04	
1278	7.979181E-05	1.311628E-04	
1279	1.440565E-04	1.422557E-04	
1280	1.332301E-04	1.343593E-04	
1281	1.682871E-05	4.692928E-05	
1282	1.173683E-04	1.192273E-04	
1283	-1.208577E-06	5.425877E-05	
1284	1.199816E-04	1.181663E-04	
1285	1.431093E-04	1.572358E-04	
1286	1.303739E-04	1.661578E-04	
1287	1.311400E-04	1.517743E-04	
1288	1.333708E-05	4.546579E-05	
1289	2.339064E-04	2.369545E-04	
1290	1.108582E-04	1.574544E-04	
1291	1.410394E-04	1.425867E-04	
1292	1.319209E-04	1.266276E-04	
1293	4.460725E-05	5.420975E-05	
1294	6.505739E-05	7.580985E-05	
1295	8.863193E-05	9.134107E-05	
1296	1.907255E-05	4.898291E-05	
1297	1.447096E-04	1.464264E-04	
1298	1.094527E-04	1.077076E-04	
1299	1.374337E-04	1.367597E-04	
1300	1.457519E-04	1.427487E-04	
1301	1.576710E-04	1.838652E-04	
1302	1.393127E-04	1.397110E-04	
1303	1.380769E-04	1.386599E-04	
1304	-1.575218E-06	5.962189E-05	
1305	1.417575E-04	1.484915E-04	
1306	1.221497E-04	1.199118E-04	
1307	1.452810E-04	1.553278E-04	
1308	1.304265E-04	1.288624E-04	
1309	1.269802E-04	1.252253E-04	
1310	1.179177E-04	1.152473E-04	
1311	6.052073E-06	4.896188E-05	
1312	1.356369E-04	1.583499E-04	
1313	1.237970E-04	1.260671E-04	
1314	1.053610E-04	1.525368E-04	
1315	1.032638E-04	1.374062E-04	
1316	3.638486E-05	5.646378E-05	
1317	3.564609E-06	4.634366E-05	
1318	-1.487982E-06	6.487850E-05	
1319	1.437689E-04	1.497159E-04	
1320	1.436228E-04	1.423498E-04	
1321	1.303884E-04	1.291298E-04	
1322	1.153753E-04	1.141519E-04	
1323	1.285228E-04	1.314804E-04	
1324	1.406951E-04	1.396224E-04	
1325	2.332190E-05	7.828850E-05	
1326	1.224393E-05	8.132079E-05	
1327	6.410461E-06	4.468360E-05	
1328	1.225067E-04	1.540989E-04	
1329	3.415308E-05	5.153087E-05	
1330	1.989099E-05	4.716953E-05	
1331	-1.517704E-06	8.563940E-05	
1332	1.327850E-04	1.480619E-04	
1333	1.251478E-04	1.313710E-04	
1334	1.427351E-05	5.105852E-05	
1335	1.202294E-04	1.140896E-04	
1336	7.483821E-05	8.415725E-05	
1337	1.102388E-04	1.089158E-04	
1338	5.816630E-05	1.153377E-04	
1339	1.038684E-04	1.022358E-04	
1340	1.445173E-04	1.442668E-04	
1341	1.360713E-04	1.355943E-04	
1342	-9.775499E-07	6.870299E-05	
1343	1.017536E-04	1.024014E-04	
1344	9.533994E-05	9.476312E-05	
1345	1.963226E-04	2.314544E-04	
1346	-1.184373E-07	5.135846E-05	
1347	1.219460E-04	1.217387E-04	
1348	1.196202E-04	1.638614E-04	
1349	1.169586E-04	1.144540E-04	
1350	2.374504E-04	2.632184E-04	
1351	-8.909843E-07	5.300990E-05	
1352	3.231516E-05	5.176166E-05	
1353	1.426753E-04	1.390571E-04	
1354	1.418272E-04	1.459658E-04	
1355	1.433302E-04	1.421557E-04	
1356	2.849942E-05	4.949692E-05	
1357	1.451218E-04	1.425439E-04	
1358	4.316121E-05	5.140480E-05	
1359	1.279816E-04	1.165568E-04	
1360	6.243215E-05	6.653016E-05	
1361	1.387571E-04	1.634461E-04	
1362	8.146147E-05	1.420785E-04	
1363	1.239335E-04	1.446547E-04	
1364	9.183989E-05	1.506039E-04	
1365	5.052384E-05	6.522150E-05	
1366	1.312392E-04	1.737058E-04	
1367	1.370277E-04	1.362343E-04	
1368	2.609113E-04	2.720669E-04	
1369	1.457549E-04	1.468684E-04	
1370	5.416411E-05	5.928332E-05	
1371	1.114296E-04	1.085411E-04	
1372	1.390791E-04	1.382743E-04	
1373	1.196103E-04	1.180984E-04	
1374	1.101671E-04	1.447650E-04	
1375	4.070354E-05	5.417646E-05	
1376	1.081648E-05	4.701125E-05	
1377	1.417203E-04	1.422799E-04	
1378	2.480176E-04	2.481554E-04	
1379	1.298530E-04	1.564728E-04	
1380	-8.759431E-07	7.243142E-05	
1381	1.442158E-04	1.528577E-04	
1382	1.080893E-05	4.529954E-05	
1383	1.144259E-04	1.607938E-04	
1384	1.311769E-04	1.300664E-04	
1385	1.435489E-04	1.447661E-04	
1386	-1.265119E-06	8.329012E-05	
1387	1.455914E-04	1.437934E-04	
1388	1.400186E-04	1.401381E-04	
1389	1.110550E-04	1.101126E-04	
1390	1.378305E-04	1.497395E-04	
1391	1.717760E-04	1.935404E-04	
1392	3.542803E-06	8.588112E-05	
1393	1.349260E-04	1.409229E-04	
1394	2.106924E-05	5.464372E-05	
1395	1.452638E-04	1.667075E-04	
1396	1.456327E-04	1.416291E-04	
1397	1.167861E-04	1.221107E-04	
1398	-9.330380E-07	6.266900E-05	
1399	9.134860E-07	4.845313E-05	
1400	1.004638E-04	1.562770E-04	
1401	1.362005E-04	1.382282E-04	
1402	2.686927E-04	2.667310E-04	
1403	-1.939796E-06	6.159839E-05	
1404	-1.688520E-06	5.687308E-05	
1405	1.161120E-04	1.247293E-04	
1406	-1.122703E-06	5.696881E-05	
1407	2.061612E-05	4.708242E-05	
1408	2.413574E-05	4.905982E-05	
1409	1.388587E-06	5.162843E-05	
1410	1.317936E-04	1.192447E-04	
1411	1.376070E-04	1.260837E-04	
1412	3.124168E-05	9.325353E-05	
1413	1.097051E-05	4.904298E-05	
1414	-6.485154E-07	7.637977E-05	
1415	1.458076E-04	1.420853E-04	
1416	1.239094E-04	1.209087E-04	
1417	1.315221E-04	1.299568E-04	
1418	1.302154E-04	1.621160E-04	
1419	4.628006E-05	5.289832E-05	
1420	1.393192E-04	1.414218E-04	
1421	1.106818E-04	1.083230E-04	
1422	1.451608E-05	4.831435E-05	
1423	9.280081E-05	1.300432E-04	
1424	1.248530E-04	1.323490E-04	
1425	1.417031E-04	1.713477E-04	
1426	6.293791E-05	7.890045E-05	
1427	4.319934E-05	5.095779E-05	
1428	1.452657E-04	1.433992E-04	
1429	1.416407E-04	1.418355E-04	
1430	1.443776E-04	1.479432E-04	
1431	5.498784E-06	4.760650E-05	
1432	1.210774E-04	1.292047E-04	
1433	1.344644E-04	1.333048E-04	
1434	1.358186E-04	1.358491E-04	
1435	6.361751E-06	4.451478E-05	
1436	9.373695E-05	1.389627E-04	
1437	1.237012E-04	1.222830E-04	
1438	1.318110E-04	1.368038E-04	
1439	1.446305E-04	1.392630E-04	
1440	1.290384E-04	1.281737E-04	
1441	1.214163E-04	1.679354E-04	
1442	7.967323E-05	1.207709E-04	
1443	3.821177E-05	5.216201E-05	
1444	1.400203E-04	1.556415E-04	
1445	1.457513E-04	1.527923E-04	
1446	1.308874E-04	1.290004E-04	
1447	1.449174E-04	1.456251E-04	
1448	1.137666E-04	1.524843E-04	
1449	8.797898E-05	9.449253E-05	
1450	2.130684E-04	2.539664E-04	
1451	-2.067833E-06	5.525859E-05	
1452	1.378228E-04	1.367080E-04	
1453	1.238379E-04	1.148201E-04	
1454	2.925898E-07	7.975429E-05	
1455	2.484284E-04	2.706866E-04	
1456	1.333340E-05	4.580514E-05	
1457	-1.916874E-06	8.463009E-05	
1458	1.203308E-04	1.174452E-04	
1459	1.300838E-04	1.308230E-04	
1460	3.165929E-05	5.943605E-05	
1461	1.220367E-04	1.199271E-04	
1462	1.258249E-04	1.239073E-04	
1463	2.304129E-05	5.061988E-05	
1464	1.042635E-04	1.306324E-04	
1465	1.402608E-04	1.350115E-04	
1466	1.269319E-04	1.501719E-04	
1467	1.154187E-04	1.142923E-04	
1468	1.438692E-04	1.623970E-04	
1469	1.169266E-04	1.154653E-04	
1470	1.128762E-04	1.122081E-04	
1471	1.617143E-05	7.785222E-05	
1472	-5.732497E-07	5.426066E-05	
1473	1.436231E-04	1.465573E-04	
1474	1.085966E-04	1.110010E-04	
1475	1.448947E-04	1.484625E-04	
1476	1.357565E-04	1.529531E-04	
1477	1.063164E-04	1.595011E-04	
1478	6.511577E-05	1.314755E-04	
1479	1.127212E-04	1.108778E-04	
1480	1.039436E-04	1.429926E-04	
1481	1.351947E-04	1.347025E-04	
1482	1.400924E-04	1.395135E-04	
1483	1.167363E-04	1.146120E-04	
1484	7.555735E-06	4.569261E-05	
1485	1.381291E-04	1.876494E-04	
1486	1.068859E-04	1.046196E-04	
1487	1.260535E-04	1.241620E-04	
1488	1.945621E-05	7.832911E-05	
1489	1.485874E-04	1.795171E-04	
1490	7.380303E-06	8.189294E-05	
1491	1.438526E-04	1.465592E-04	
1492	1.440428E-04	1.421170E-04	
1493	1.180308E-04	1.586127E-04	
1494	-7.482985E-07	5.943252E-05	
1495	1.439174E-04	1.444570E-04	
1496	1.375479E-04	1.381348E-04	
1497	6.803048E-05	7.447198E-05	
1498	1.401960E-04	1.401028E-04	
1499	5.047375E-05	5.567500E-05	
1500	3.560937E-05	5.180016E-05	
1501	1.455660E-04	1.428457E-04	
1502	1.243727E-04	1.367412E-04	
1503	2.185050E-04	2.255380E-04	
1504	1.276959E-04	1.229925E-04	
1505	3.779665E-06	5.156253E-05	
1506	2.878979E-05	8.097827E-05	
1507	4.183346E-05	5.667598E-05	
1508	1.069707E-04	1.061923E-04	
1509	2.517588E-06	4.524845E-05	
1510	1.170265E-04	1.154802E-04	
1511	2.696703E-05	5.016915E-05	
1512	1.399834E-04	1.475632E-04	
1513	1.199151E-04	1.174659E-04	
1514	1.418359E-04	1.500138E-04	
1515	8.554932E-05	8.706639E-05	
1516	-6.342651E-07	6.594396E-05	
1517	1.270345E-04	1.456259E-04	
1518	-2.869120E-07	5.204668E-05	
1519	2.682914E-04	2.706000E-04	
1520	9.557470E-05	9.606178E-05	
1521	-2.310025E-06	5.910051E-05	
1522	2.463997E-06	8.632190E-05	
1523	3.199183E-06	9.183857E-05	
