triangle
//Number_of_Node
1193
//Number_of_Element
2032
//Number_of_Region
3
//Factor
1000.0
30,29,1,
1,2,30,
31,30,2,
2,3,31,
32,31,3,
3,4,32,
33,32,4,
4,5,33,
34,33,5,
5,6,34,
35,34,6,
6,7,35,
36,35,7,
7,8,36,
37,36,8,
8,9,37,
38,37,9,
9,10,38,
39,38,10,
10,11,39,
40,39,11,
11,12,40,
41,40,12,
12,13,41,
42,41,13,
13,14,42,
43,42,14,
14,15,43,
44,43,15,
15,16,44,
45,44,16,
16,17,45,
46,45,17,
17,18,46,
47,46,18,
18,19,47,
48,47,19,
19,20,48,
49,48,20,
20,21,49,
50,49,21,
21,22,50,
51,50,22,
22,23,51,
52,51,23,
23,24,52,
53,52,24,
24,25,53,
54,53,25,
25,26,54,
55,54,26,
26,27,55,
56,55,27,
27,28,56,
58,57,29,
29,30,58,
59,58,30,
30,31,59,
60,59,31,
31,32,60,
61,60,32,
32,33,61,
62,61,33,
33,34,62,
63,62,34,
34,35,63,
64,63,35,
35,36,64,
65,64,36,
36,37,65,
66,65,37,
37,38,66,
67,66,38,
38,39,67,
68,67,39,
39,40,68,
69,68,40,
40,41,69,
70,69,41,
41,42,70,
71,70,42,
42,43,71,
72,71,43,
43,44,72,
73,72,44,
44,45,73,
74,73,45,
45,46,74,
75,74,46,
46,47,75,
76,75,47,
47,48,76,
77,76,48,
48,49,77,
78,77,49,
49,50,78,
79,78,50,
50,51,79,
80,79,51,
51,52,80,
81,80,52,
52,53,81,
82,81,53,
53,54,82,
83,82,54,
54,55,83,
84,83,55,
55,56,84,
86,85,57,
57,58,86,
87,86,58,
58,59,87,
88,87,59,
59,60,88,
89,88,60,
60,61,89,
90,89,61,
61,62,90,
91,90,62,
62,63,91,
92,91,63,
63,64,92,
93,92,64,
64,65,93,
94,93,65,
65,66,94,
95,94,66,
66,67,95,
96,95,67,
67,68,96,
97,96,68,
68,69,97,
98,97,69,
69,70,98,
99,98,70,
70,71,99,
100,99,71,
71,72,100,
101,100,72,
72,73,101,
102,101,73,
73,74,102,
103,102,74,
74,75,103,
104,103,75,
75,76,104,
105,104,76,
76,77,105,
106,105,77,
77,78,106,
107,106,78,
78,79,107,
108,107,79,
79,80,108,
109,108,80,
80,81,109,
110,109,81,
81,82,110,
111,110,82,
82,83,111,
112,111,83,
83,84,112,
114,113,85,
85,86,114,
115,114,86,
86,87,115,
116,115,87,
87,88,116,
117,116,88,
88,89,117,
118,117,89,
89,90,118,
119,118,90,
90,91,119,
120,119,91,
91,92,120,
121,120,92,
92,93,121,
122,121,93,
93,94,122,
123,122,94,
94,95,123,
124,123,95,
95,96,124,
125,124,96,
96,97,125,
126,125,97,
97,98,126,
127,126,98,
98,99,127,
128,127,99,
99,100,128,
129,128,100,
100,101,129,
130,129,101,
101,102,130,
131,130,102,
102,103,131,
132,131,103,
103,104,132,
133,132,104,
104,105,133,
134,133,105,
105,106,134,
135,134,106,
106,107,135,
136,135,107,
107,108,136,
137,136,108,
108,109,137,
138,137,109,
109,110,138,
139,138,110,
110,111,139,
140,139,111,
111,112,140,
142,141,113,
113,114,142,
143,142,114,
114,115,143,
144,143,115,
115,116,144,
145,144,116,
116,117,145,
146,145,117,
117,118,146,
147,146,118,
118,119,147,
148,147,119,
119,120,148,
149,148,120,
120,121,149,
150,149,121,
121,122,150,
151,150,122,
122,123,151,
152,151,123,
123,124,152,
153,152,124,
124,125,153,
154,153,125,
125,126,154,
155,154,126,
126,127,155,
156,155,127,
127,128,156,
157,156,128,
128,129,157,
158,157,129,
129,130,158,
159,158,130,
130,131,159,
160,159,131,
131,132,160,
161,160,132,
132,133,161,
162,161,133,
133,134,162,
163,162,134,
134,135,163,
164,163,135,
135,136,164,
165,164,136,
136,137,165,
166,165,137,
137,138,166,
167,166,138,
138,139,167,
168,167,139,
139,140,168,
170,169,141,
141,142,170,
171,170,142,
142,143,171,
172,171,143,
143,144,172,
173,172,144,
144,145,173,
174,173,145,
145,146,174,
175,174,146,
146,147,175,
176,175,147,
147,148,176,
177,176,148,
148,149,177,
178,177,149,
149,150,178,
179,178,150,
150,151,179,
180,179,151,
151,152,180,
181,180,152,
152,153,181,
182,181,153,
153,154,182,
183,182,154,
154,155,183,
184,183,155,
155,156,184,
185,184,156,
156,157,185,
186,185,157,
157,158,186,
187,186,158,
158,159,187,
188,187,159,
159,160,188,
189,188,160,
160,161,189,
190,189,161,
161,162,190,
191,190,162,
162,163,191,
192,191,163,
163,164,192,
193,192,164,
164,165,193,
194,193,165,
165,166,194,
195,194,166,
166,167,195,
196,195,167,
167,168,196,
198,197,169,
169,170,198,
199,198,170,
170,171,199,
200,199,171,
171,172,200,
201,200,172,
172,173,201,
202,201,173,
173,174,202,
203,202,174,
174,175,203,
204,203,175,
175,176,204,
205,204,176,
176,177,205,
206,205,177,
177,178,206,
207,206,178,
178,179,207,
208,207,179,
179,180,208,
209,208,180,
180,181,209,
210,209,181,
181,182,210,
211,210,182,
182,183,211,
212,211,183,
183,184,212,
213,212,184,
184,185,213,
214,213,185,
185,186,214,
215,214,186,
186,187,215,
216,215,187,
187,188,216,
217,216,188,
188,189,217,
218,217,189,
189,190,218,
219,218,190,
190,191,219,
220,219,191,
191,192,220,
221,220,192,
192,193,221,
222,221,193,
193,194,222,
223,222,194,
194,195,223,
224,223,195,
195,196,224,
607,635,636,
636,608,607,
608,636,637,
637,609,608,
609,637,638,
638,610,609,
610,638,639,
639,611,610,
611,639,640,
640,612,611,
612,640,641,
641,613,612,
613,641,642,
642,614,613,
614,642,643,
643,615,614,
615,643,644,
644,616,615,
616,644,645,
645,617,616,
617,645,646,
646,618,617,
618,646,647,
647,619,618,
619,647,648,
648,620,619,
620,648,649,
649,621,620,
621,649,650,
650,622,621,
622,650,651,
651,623,622,
623,651,652,
652,624,623,
624,652,653,
653,625,624,
625,653,654,
654,626,625,
626,654,655,
655,627,626,
627,655,656,
656,628,627,
628,656,657,
657,629,628,
629,657,658,
658,630,629,
630,658,659,
659,631,630,
631,659,660,
660,632,631,
632,660,661,
661,633,632,
633,661,662,
662,634,633,
635,663,664,
664,636,635,
636,664,665,
665,637,636,
637,665,666,
666,638,637,
638,666,667,
667,639,638,
639,667,668,
668,640,639,
640,668,669,
669,641,640,
641,669,670,
670,642,641,
642,670,671,
671,643,642,
643,671,672,
672,644,643,
644,672,673,
673,645,644,
645,673,674,
674,646,645,
646,674,675,
675,647,646,
647,675,676,
676,648,647,
648,676,677,
677,649,648,
649,677,678,
678,650,649,
650,678,679,
679,651,650,
651,679,680,
680,652,651,
652,680,681,
681,653,652,
653,681,682,
682,654,653,
654,682,683,
683,655,654,
655,683,684,
684,656,655,
656,684,685,
685,657,656,
657,685,686,
686,658,657,
658,686,687,
687,659,658,
659,687,688,
688,660,659,
660,688,689,
689,661,660,
661,689,690,
690,662,661,
663,691,692,
692,664,663,
664,692,693,
693,665,664,
665,693,694,
694,666,665,
666,694,695,
695,667,666,
667,695,696,
696,668,667,
668,696,697,
697,669,668,
669,697,698,
698,670,669,
670,698,699,
699,671,670,
671,699,700,
700,672,671,
672,700,701,
701,673,672,
673,701,702,
702,674,673,
674,702,703,
703,675,674,
675,703,704,
704,676,675,
676,704,705,
705,677,676,
677,705,706,
706,678,677,
678,706,707,
707,679,678,
679,707,708,
708,680,679,
680,708,709,
709,681,680,
681,709,710,
710,682,681,
682,710,711,
711,683,682,
683,711,712,
712,684,683,
684,712,713,
713,685,684,
685,713,714,
714,686,685,
686,714,715,
715,687,686,
687,715,716,
716,688,687,
688,716,717,
717,689,688,
689,717,718,
718,690,689,
691,719,720,
720,692,691,
692,720,721,
721,693,692,
693,721,722,
722,694,693,
694,722,723,
723,695,694,
695,723,724,
724,696,695,
696,724,725,
725,697,696,
697,725,726,
726,698,697,
698,726,727,
727,699,698,
699,727,728,
728,700,699,
700,728,729,
729,701,700,
701,729,730,
730,702,701,
702,730,731,
731,703,702,
703,731,732,
732,704,703,
704,732,733,
733,705,704,
705,733,734,
734,706,705,
706,734,735,
735,707,706,
707,735,736,
736,708,707,
708,736,737,
737,709,708,
709,737,738,
738,710,709,
710,738,739,
739,711,710,
711,739,740,
740,712,711,
712,740,741,
741,713,712,
713,741,742,
742,714,713,
714,742,743,
743,715,714,
715,743,744,
744,716,715,
716,744,745,
745,717,716,
717,745,746,
746,718,717,
719,747,748,
748,720,719,
720,748,749,
749,721,720,
721,749,750,
750,722,721,
722,750,751,
751,723,722,
723,751,752,
752,724,723,
724,752,753,
753,725,724,
725,753,754,
754,726,725,
726,754,755,
755,727,726,
727,755,756,
756,728,727,
728,756,757,
757,729,728,
729,757,758,
758,730,729,
730,758,759,
759,731,730,
731,759,760,
760,732,731,
732,760,761,
761,733,732,
733,761,762,
762,734,733,
734,762,763,
763,735,734,
735,763,764,
764,736,735,
736,764,765,
765,737,736,
737,765,766,
766,738,737,
738,766,767,
767,739,738,
739,767,768,
768,740,739,
740,768,769,
769,741,740,
741,769,770,
770,742,741,
742,770,771,
771,743,742,
743,771,772,
772,744,743,
744,772,773,
773,745,744,
745,773,774,
774,746,745,
747,775,776,
776,748,747,
748,776,777,
777,749,748,
749,777,778,
778,750,749,
750,778,779,
779,751,750,
751,779,780,
780,752,751,
752,780,781,
781,753,752,
753,781,782,
782,754,753,
754,782,783,
783,755,754,
755,783,784,
784,756,755,
756,784,785,
785,757,756,
757,785,786,
786,758,757,
758,786,787,
787,759,758,
759,787,788,
788,760,759,
760,788,789,
789,761,760,
761,789,790,
790,762,761,
762,790,791,
791,763,762,
763,791,792,
792,764,763,
764,792,793,
793,765,764,
765,793,794,
794,766,765,
766,794,795,
795,767,766,
767,795,796,
796,768,767,
768,796,797,
797,769,768,
769,797,798,
798,770,769,
770,798,799,
799,771,770,
771,799,800,
800,772,771,
772,800,801,
801,773,772,
773,801,802,
802,774,773,
775,803,804,
804,776,775,
776,804,805,
805,777,776,
777,805,806,
806,778,777,
778,806,807,
807,779,778,
779,807,808,
808,780,779,
780,808,809,
809,781,780,
781,809,810,
810,782,781,
782,810,811,
811,783,782,
783,811,812,
812,784,783,
784,812,813,
813,785,784,
785,813,814,
814,786,785,
786,814,815,
815,787,786,
787,815,816,
816,788,787,
788,816,817,
817,789,788,
789,817,818,
818,790,789,
790,818,819,
819,791,790,
791,819,820,
820,792,791,
792,820,821,
821,793,792,
793,821,822,
822,794,793,
794,822,823,
823,795,794,
795,823,824,
824,796,795,
796,824,825,
825,797,796,
797,825,826,
826,798,797,
798,826,827,
827,799,798,
799,827,828,
828,800,799,
800,828,829,
829,801,800,
801,829,830,
830,802,801,
368,395,444,
278,295,451,
480,230,547,
400,343,410,
278,227,295,
423,334,438,
391,339,516,
355,453,458,
453,376,458,
391,404,570,
339,391,467,
511,362,556,
397,335,457,
346,396,406,
313,312,521,
334,407,438,
399,358,477,
413,336,490,
365,396,430,
395,368,527,
301,300,424,
406,313,521,
362,437,556,
341,415,473,
399,477,543,
371,413,490,
325,401,425,
536,393,541,
330,237,414,
296,229,525,
325,324,401,
396,365,515,
375,450,494,
502,351,526,
337,432,504,
413,358,435,
343,394,505,
269,431,466,
342,536,541,
404,332,570,
301,424,548,
405,367,541,
232,419,509,
308,307,403,
398,360,480,
317,426,532,
343,400,514,
484,310,503,
403,307,440,
229,421,525,
520,332,523,
450,374,452,
398,480,547,
441,351,502,
345,422,427,
348,397,457,
242,243,410,
396,346,430,
395,527,559,
513,388,597,
317,316,426,
527,333,559,
450,331,494,
385,341,512,
336,413,435,
390,551,478,
350,423,438,
305,479,498,
397,348,447,
388,513,556,
269,270,431,
358,399,435,
233,232,509,
260,259,412,
377,419,580,
393,405,541,
402,333,464,
504,432,562,
335,397,531,
390,528,551,
420,231,488,
407,356,438,
341,385,476,
365,488,515,
299,298,416,
473,333,597,
404,391,516,
394,343,514,
332,404,523,
331,450,452,
418,393,536,
415,370,473,
333,402,597,
344,395,462,
419,232,532,
430,346,545,
456,432,544,
368,444,551,
420,365,454,
405,291,553,
329,235,540,
238,330,475,
356,407,455,
443,282,453,
354,432,456,
234,319,417,
528,368,551,
242,410,518,
402,513,597,
414,237,469,
422,287,427,
335,446,457,
419,284,580,
428,352,474,
357,394,514,
419,377,509,
307,306,440,
250,251,425,
399,448,590,
326,325,425,
412,259,546,
400,357,514,
291,405,550,
311,484,521,
430,545,596,
443,355,448,
311,310,484,
394,417,505,
392,520,523,
305,304,479,
394,357,492,
532,426,603,
312,311,521,
333,473,559,
423,350,470,
358,413,505,
360,398,563,
357,400,482,
346,467,545,
321,320,434,
462,395,559,
392,529,587,
450,375,529,
330,414,475,
379,459,491,
308,403,460,
397,373,531,
412,546,594,
448,355,590,
283,282,443,
400,244,482,
274,275,428,
416,353,500,
401,324,486,
258,225,496,
276,277,433,
468,558,574,
422,345,569,
378,419,532,
285,284,419,
370,411,462,
431,369,501,
453,281,582,
235,254,469,
412,351,441,
447,267,483,
424,385,548,
395,344,501,
297,296,525,
344,431,501,
415,341,476,
378,427,598,
425,251,463,
313,406,507,
377,443,448,
365,420,488,
381,422,504,
413,343,505,
288,287,422,
386,484,503,
564,471,579,
388,473,597,
428,275,533,
355,443,453,
367,405,552,
245,246,429,
411,370,549,
244,400,592,
233,448,543,
495,229,589,
468,380,558,
546,379,594,
282,281,453,
335,411,549,
334,468,471,
506,297,525,
225,239,496,
411,344,462,
348,445,447,
271,449,524,
271,272,449,
465,241,518,
382,471,564,
476,353,600,
373,397,483,
266,267,447,
234,417,588,
479,383,498,
372,433,461,
326,425,463,
421,229,495,
410,243,592,
403,440,575,
397,447,483,
485,359,602,
263,264,421,
359,451,602,
452,347,528,
459,364,491,
433,359,461,
254,235,537,
408,495,589,
411,335,531,
385,424,476,
372,428,533,
434,320,492,
303,302,436,
504,422,569,
445,266,447,
320,234,588,
241,242,518,
403,356,460,
420,345,426,
354,552,553,
407,334,565,
410,343,539,
417,319,477,
361,421,561,
464,333,527,
378,532,603,
265,266,445,
449,369,524,
287,286,427,
251,252,463,
427,286,598,
291,290,553,
467,391,545,
231,420,557,
449,384,508,
416,298,480,
353,416,585,
440,350,575,
415,476,600,
365,430,593,
448,399,543,
419,378,598,
424,300,500,
422,381,591,
362,436,512,
465,371,490,
346,406,542,
353,424,500,
373,411,531,
408,262,495,
406,396,507,
345,420,454,
390,452,528,
371,410,539,
487,366,489,
364,465,490,
387,487,489,
228,260,510,
279,228,510,
341,437,512,
349,450,529,
431,344,466,
358,417,477,
356,403,575,
468,374,471,
467,346,542,
529,375,587,
299,416,500,
446,360,457,
327,326,463,
239,240,459,
280,279,441,
429,357,482,
400,410,592,
278,451,538,
427,378,603,
230,297,547,
433,277,538,
274,428,474,
421,361,525,
281,280,502,
552,405,553,
260,412,510,
558,347,574,
343,413,539,
499,392,587,
508,384,572,
392,499,520,
437,362,512,
336,435,458,
393,418,566,
345,427,603,
417,394,588,
277,278,538,
411,373,576,
418,293,566,
269,466,560,
410,371,518,
309,308,460,
357,434,492,
376,502,526,
389,432,596,
290,289,472,
432,337,596,
349,564,579,
381,504,562,
238,475,571,
448,233,509,
424,353,476,
386,455,517,
336,439,490,
252,253,497,
324,323,486,
316,231,557,
499,367,520,
383,479,511,
413,371,539,
405,393,550,
432,389,544,
444,340,551,
463,252,497,
484,386,517,
420,426,557,
436,362,522,
351,412,594,
267,268,483,
263,421,495,
245,429,482,
479,362,511,
425,401,599,
250,425,599,
363,484,517,
417,358,505,
246,247,555,
497,253,537,
439,364,490,
288,422,591,
273,274,474,
281,502,582,
335,549,600,
459,379,496,
513,338,556,
262,263,495,
406,521,542,
421,264,561,
338,511,556,
340,444,508,
239,459,496,
398,519,563,
285,419,598,
438,356,575,
244,245,482,
319,318,477,
298,230,480,
300,299,500,
521,363,542,
402,464,558,
493,375,494,
467,363,517,
439,351,491,
440,306,498,
426,345,603,
248,249,481,
436,302,548,
429,246,555,
545,389,596,
470,383,511,
323,322,604,
255,256,414,
446,335,600,
247,489,555,
458,376,583,
469,237,540,
442,342,493,
380,423,530,
352,428,586,
359,433,538,
444,369,508,
535,407,565,
344,411,576,
455,339,517,
426,316,557,
433,372,533,
254,255,469,
483,268,560,
445,348,519,
414,256,475,
464,347,558,
304,303,522,
481,249,599,
357,429,601,
280,441,502,
360,416,480,
243,244,592,
309,460,503,
382,535,565,
444,395,501,
423,470,530,
334,423,578,
472,354,553,
231,315,488,
276,433,533,
369,444,501,
445,361,561,
364,439,491,
322,487,604,
455,386,581,
412,441,510,
451,359,538,
401,481,599,
369,431,524,
377,448,509,
339,467,517,
429,366,601,
293,292,566,
443,377,580,
428,372,586,
351,439,526,
253,254,537,
356,455,581,
454,365,593,
479,304,522,
292,291,550,
366,429,555,
423,380,578,
292,550,566,
327,463,497,
369,449,508,
434,366,534,
434,357,601,
303,436,522,
385,436,548,
366,434,601,
338,470,511,
361,445,519,
262,408,554,
431,270,524,
268,269,560,
398,506,519,
350,438,575,
240,241,567,
384,449,568,
519,348,563,
456,332,520,
371,465,518,
306,305,498,
484,363,521,
370,415,549,
328,327,497,
321,434,534,
549,415,600,
255,414,469,
290,472,553,
310,309,503,
381,472,591,
322,321,534,
332,456,544,
360,446,585,
473,370,559,
435,399,590,
454,337,504,
380,513,558,
416,360,585,
387,481,486,
314,313,507,
481,401,486,
241,465,567,
474,384,568,
477,318,543,
373,483,560,
235,328,537,
492,320,588,
256,257,605,
328,497,537,
516,382,564,
439,336,583,
436,385,512,
486,323,604,
449,272,568,
342,442,536,
261,262,554,
368,464,527,
270,271,524,
376,526,583,
315,314,515,
363,467,542,
374,450,579,
488,315,515,
513,402,558,
458,435,590,
452,374,574,
450,349,579,
347,452,574,
437,341,595,
367,456,520,
457,360,563,
364,459,567,
273,474,568,
283,443,580,
404,516,564,
355,458,590,
247,248,577,
437,388,556,
337,454,593,
265,445,561,
275,276,533,
314,507,515,
464,368,528,
232,317,532,
550,393,566,
441,279,510,
465,364,567,
487,322,534,
347,464,528,
383,470,584,
370,462,559,
264,265,561,
388,437,595,
354,472,562,
376,453,582,
472,381,562,
451,295,602,
472,289,591,
456,367,552,
593,430,596,
286,285,598,
350,440,584,
289,288,591,
284,283,580,
257,226,573,
470,350,584,
318,233,543,
259,258,546,
334,471,565,
226,261,573,
475,409,571,
272,273,568,
302,301,548,
573,409,605,
354,456,552,
362,479,522,
455,407,535,
295,294,602,
432,354,562,
506,361,519,
523,349,529,
382,516,535,
237,329,540,
339,455,535,
471,382,565,
249,250,599,
475,256,605,
341,473,595,
468,334,578,
499,342,541,
258,496,546,
348,457,563,
373,466,576,
336,458,583,
366,487,534,
337,593,596,
513,380,530,
466,344,576,
459,240,567,
470,338,530,
466,373,560,
481,387,577,
489,247,577,
248,481,577,
380,468,578,
503,460,581,
507,396,515,
440,498,584,
473,388,595,
392,523,529,
460,356,581,
489,366,555,
394,492,588,
353,585,600,
338,513,530,
516,339,535,
340,478,551,
498,383,584,
496,379,546,
554,408,571,
506,398,547,
523,404,564,
379,491,594,
257,573,605,
502,376,582,
387,486,604,
235,469,540,
367,499,541,
345,454,569,
493,342,587,
340,508,572,
374,468,574,
375,493,587,
349,523,564,
471,374,579,
491,351,594,
585,446,600,
361,506,525,
409,554,571,
387,489,577,
297,506,547,
545,391,570,
294,485,602,
487,387,604,
554,409,573,
454,504,569,
389,545,570,
238,571,589,
544,389,570,
526,439,583,
342,499,587,
386,503,581,
332,544,570,
409,475,605,
261,554,573,
571,408,589,
229,238,589,
329,606,235,
329,236,606,
1031,982,955,
1038,295,882,
1134,834,1067,
997,930,987,
295,227,882,
1025,921,1010,
1103,926,978,
1045,1040,942,
1045,963,1040,
1157,991,978,
1054,978,926,
1143,949,1098,
1044,922,984,
993,983,933,
1108,899,900,
1025,994,921,
1064,945,986,
1077,923,1000,
1017,983,952,
1114,955,982,
1011,887,888,
1108,900,993,
1143,1024,949,
1060,1002,928,
1130,1064,986,
1077,1000,958,
1012,988,912,
1128,980,1123,
1001,841,917,
1112,833,883,
988,911,912,
1102,952,983,
1081,1037,962,
1113,938,1089,
1091,1019,924,
1022,945,1000,
1092,981,930,
1053,1018,873,
1128,1123,929,
1157,919,991,
1135,1011,888,
1128,954,992,
1096,1006,836,
990,894,895,
1067,947,985,
1119,1013,904,
1101,987,930,
1090,897,1071,
1027,894,990,
1112,1008,833,
1110,919,1107,
1039,961,1037,
1134,1067,985,
1089,938,1028,
1014,1009,932,
1044,984,935,
997,847,846,
1017,933,983,
1146,1114,982,
1184,975,1100,
1013,903,904,
1146,920,1114,
1081,918,1037,
1099,928,972,
1022,1000,923,
1065,1138,977,
1025,1010,937,
1085,1066,892,
1034,935,984,
1143,1100,975,
1018,874,873,
1022,986,945,
1096,836,837,
999,863,864,
1167,1006,964,
1128,992,980,
1051,920,989,
1149,1019,1091,
1118,984,922,
1138,1115,977,
1075,835,1007,
1025,943,994,
1063,972,928,
1102,1075,952,
1003,885,886,
1184,920,1060,
1103,978,991,
1101,930,981,
1110,991,919,
1039,1037,918,
1123,980,1005,
1060,957,1002,
1184,989,920,
1049,982,931,
1119,836,1006,
1132,933,1017,
1131,1019,1043,
1138,1031,955,
1041,952,1007,
1140,291,992,
1127,839,916,
1062,917,842,
1042,994,943,
1040,282,1030,
1043,1019,941,
1004,906,838,
1138,955,1115,
1105,997,846,
1184,1100,989,
1056,841,1001,
1014,287,1009,
1044,1033,922,
1167,284,1006,
1061,939,1015,
1101,981,944,
1096,964,1006,
1027,893,894,
1012,855,854,
1177,1035,986,
1012,912,913,
1133,863,999,
1101,944,987,
1137,992,291,
1108,1071,898,
1183,1132,1017,
1035,942,1030,
1071,897,898,
1092,1004,981,
1110,1107,979,
1066,891,892,
1079,944,981,
1190,1013,1119,
1108,898,899,
1146,1060,920,
1057,937,1010,
1092,1000,945,
1150,985,947,
1069,987,944,
1132,1054,933,
1021,907,908,
1146,982,1049,
1174,1116,979,
1116,962,1037,
1062,1001,917,
1078,1046,966,
1047,990,895,
1118,960,984,
1181,1133,999,
1177,942,1035,
1030,282,283,
1069,848,987,
1015,879,878,
1087,940,1003,
1073,911,988,
1083,831,862,
1020,881,880,
1161,1145,1055,
1156,932,1009,
1119,1006,965,
1006,284,285,
1049,998,957,
1088,956,1018,
1169,281,1040,
1056,858,839,
1028,938,999,
1070,871,1034,
1135,972,1011,
1088,931,982,
1112,883,884,
1088,1018,931,
1063,928,1002,
1185,1014,965,
1050,855,1012,
1094,993,900,
1035,1030,964,
1075,1007,952,
1091,1009,968,
1092,930,1000,
1009,287,288,
1090,1071,973,
1166,1058,1151,
1184,1060,975,
1120,879,1015,
1040,1030,942,
1139,992,954,
1016,850,849,
1136,957,998,
1179,987,848,
1130,1035,837,
1176,833,1082,
1145,967,1055,
1181,966,1133,
1040,281,282,
1136,998,922,
1058,1055,921,
1112,884,1093,
1083,843,831,
1049,931,998,
1034,1032,935,
1111,1036,875,
1036,876,875,
1105,845,1052,
1151,1058,969,
1187,940,1063,
1070,984,960,
1034,871,870,
1175,1004,838,
1085,970,1066,
1048,1020,959,
1050,1012,913,
1082,833,1008,
1179,847,997,
1162,1027,990,
1070,1034,984,
1189,946,1072,
1008,868,867,
1189,1038,946,
1115,934,1039,
1078,951,1046,
1048,946,1020,
1124,839,858,
1176,1082,995,
1118,922,998,
1063,1011,972,
1120,1015,959,
1079,907,1021,
1023,889,890,
1156,1009,1091,
1034,870,1032,
1175,838,907,
1105,846,845,
1047,943,990,
1013,932,1007,
1140,1139,941,
1152,921,994,
1126,930,997,
1064,906,1004,
1148,1008,948,
1114,920,1051,
1190,1119,965,
1032,870,869,
1111,956,1036,
1014,286,287,
1050,856,855,
1185,286,1014,
1140,290,291,
1132,978,1054,
1144,1007,835,
1095,971,1036,
1067,885,1003,
1172,1003,940,
1162,937,1027,
1187,1063,1002,
1180,1017,952,
1130,986,1035,
1185,965,1006,
1087,887,1011,
1178,968,1009,
1099,1023,949,
1077,958,1052,
1129,993,933,
1087,1011,940,
1118,998,960,
1082,866,995,
1094,983,993,
1041,1007,932,
1115,1039,977,
1126,997,958,
1076,953,1074,
1077,1052,951,
1076,1074,974,
1097,864,228,
1097,228,279,
1099,1024,928,
1116,1037,936,
1053,931,1018,
1064,1004,945,
1162,990,943,
1058,961,1055,
1129,933,1054,
1174,962,1116,
1087,1003,886,
1044,947,1033,
1050,913,914,
1046,844,843,
1028,279,280,
1069,944,1016,
1179,997,987,
1125,1038,882,
1190,965,1014,
1134,884,834,
1125,881,1020,
1061,1015,878,
1112,948,1008,
1089,280,281,
1140,992,1139,
1097,999,864,
1161,934,1145,
1126,1000,930,
1174,979,1086,
1159,971,1095,
1107,1086,979,
1099,949,1024,
1045,1022,923,
1153,1005,980,
1190,1014,932,
1175,981,1004,
1125,882,881,
1163,960,998,
1153,293,1005,
1147,1053,873,
1105,958,997,
1047,895,896,
1079,1021,944,
1113,1089,963,
1183,1019,976,
1059,289,290,
1183,924,1019,
1166,1151,936,
1149,1091,968,
1158,1062,842,
1096,837,1035,
1063,940,1011,
1104,1042,973,
1077,1026,923,
1084,857,856,
1073,910,911,
1144,835,903,
1107,954,1086,
1098,1066,970,
1126,958,1000,
1137,980,992,
1131,976,1019,
1138,927,1031,
1084,856,1050,
1104,973,1071,
1144,1013,1007,
1109,949,1023,
1181,999,938,
1070,872,871,
1082,1008,867,
1069,1016,849,
1098,949,1066,
1186,988,1012,
1186,1012,854,
1104,1071,950,
1092,945,1004,
1142,851,850,
1124,857,1084,
1077,951,1026,
1178,1009,288,
1061,878,877,
1169,1089,281,
1187,1136,922,
1083,966,1046,
1143,925,1100,
1082,867,866,
1129,1108,993,
1148,868,1008,
1143,1098,925,
1095,1031,927,
1083,1046,843,
1150,1106,985,
1185,1006,285,
1162,943,1025,
1069,849,848,
1064,905,906,
1067,834,885,
1087,886,887,
1129,950,1108,
1145,1051,989,
1081,962,1080,
1104,950,1054,
1078,938,1026,
1085,893,1027,
1190,932,1013,
1068,853,852,
1135,889,1023,
1142,850,1016,
1183,976,1132,
1098,970,1057,
1191,909,910,
1001,860,859,
1187,922,1033,
1142,1076,851,
1170,963,1045,
1127,841,1056,
1080,929,1029,
1117,1010,967,
1173,1015,939,
1125,1020,946,
1095,956,1031,
1152,994,1122,
1163,998,931,
1104,926,1042,
1144,903,1013,
1120,959,1020,
1056,859,858,
1147,872,1070,
1106,935,1032,
1062,860,1001,
1145,934,1051,
1109,890,891,
1186,853,1068,
1188,1016,944,
1089,1028,280,
1067,1003,947,
1179,848,847,
1090,1047,896,
1152,1122,969,
1088,982,1031,
1117,1057,1010,
1165,1010,921,
1140,941,1059,
1075,902,835,
1120,1020,880,
1088,1031,956,
1148,948,1032,
1078,1026,951,
1191,1074,909,
1168,973,1042,
1097,1028,999,
1125,946,1038,
1186,1068,988,
1111,1018,956,
1096,1035,964,
1104,1054,926,
1188,953,1016,
1153,292,293,
1167,964,1030,
1173,959,1015,
1113,1026,938,
1124,858,857,
1168,1042,943,
1180,952,1041,
1109,891,1066,
1137,291,292,
1142,1016,953,
1165,967,1010,
1153,1137,292,
1084,1050,914,
1095,1036,956,
1121,953,1021,
1188,944,1021,
1109,1023,890,
1135,1023,972,
1188,1021,953,
1098,1057,925,
1106,1032,948,
1141,995,866,
1111,874,1018,
1147,873,872,
1106,1093,985,
1162,1025,937,
1154,845,844,
1155,1036,971,
1150,935,1106,
1107,919,1043,
1105,1052,958,
1085,892,893,
1108,950,1071,
1136,1002,957,
1084,914,915,
1121,1021,908,
1187,1002,1136,
1056,1001,859,
1140,1059,290,
1090,896,897,
1178,1059,968,
1121,908,909,
1131,1043,919,
1172,1033,947,
1146,957,1060,
1177,986,1022,
1091,924,1041,
1145,1100,967,
1172,947,1003,
1073,1068,974,
1094,900,901,
1073,988,1068,
1154,1052,845,
1155,971,1061,
1130,905,1064,
1147,1070,960,
1124,915,839,
1175,907,1079,
1192,861,860,
1124,1084,915,
1151,969,1103,
1170,923,1026,
1099,972,1023,
1191,910,1073,
1155,876,1036,
1123,1029,929,
1141,866,865,
1114,1051,955,
1111,875,874,
1170,1113,963,
1102,901,902,
1129,1054,950,
1166,1037,961,
1102,902,1075,
1145,989,1100,
1177,1022,1045,
1161,961,1039,
1166,936,1037,
1161,1039,934,
1182,928,1024,
1107,1043,954,
1150,947,1044,
1154,1046,951,
1155,1061,877,
1167,1030,283,
1151,1103,991,
1177,1045,942,
1164,852,851,
1143,975,1024,
1180,1041,924,
1148,1032,869,
1120,880,879,
1102,1094,901,
1115,955,1051,
1119,904,836,
1153,980,1137,
1097,279,1028,
1154,951,1052,
1121,909,1074,
1115,1051,934,
1171,1057,970,
1146,1049,957,
1148,869,868,
1182,1024,975,
1149,1059,941,
1169,1040,963,
1149,968,1059,
1189,295,1038,
1178,289,1059,
1139,954,1043,
1183,1017,1180,
1185,285,286,
1171,1027,937,
1178,288,289,
1167,283,284,
1160,832,861,
1171,937,1057,
1130,837,905,
1133,862,863,
1152,1058,921,
1160,865,832,
1158,996,1062,
1155,877,876,
1135,888,889,
1192,996,1160,
1139,1043,941,
1109,1066,949,
1122,994,1042,
1189,294,295,
1149,941,1019,
1106,948,1093,
1116,936,1110,
1122,1103,969,
1127,916,841,
1122,1042,926,
1152,969,1058,
1186,854,853,
1192,860,1062,
1182,1060,928,
1165,921,1055,
1128,929,1086,
1133,1083,862,
1150,1044,935,
1163,1053,960,
1170,1045,923,
1121,1074,953,
1183,1180,924,
1117,967,1100,
1163,931,1053,
1154,844,1046,
1117,925,1057,
1147,960,1053,
1164,974,1068,
1164,851,1076,
1164,1068,852,
1165,1055,967,
1168,1047,1090,
1102,983,1094,
1171,1085,1027,
1182,975,1060,
1116,1110,979,
1168,943,1047,
1142,953,1076,
1175,1079,981,
1187,1172,940,
1117,1100,925,
1122,926,1103,
1138,1065,927,
1171,970,1085,
1133,966,1083,
1158,995,1141,
1134,985,1093,
1151,991,1110,
1181,1078,966,
1192,1160,861,
1169,963,1089,
1191,1073,974,
1127,1056,839,
1128,1086,954,
1156,1041,932,
1174,929,1080,
1159,1095,927,
1161,1055,961,
1174,1080,962,
1151,1110,936,
1166,961,1058,
1181,938,1078,
1187,1033,1172,
1112,1093,948,
1158,1141,996,
1164,1076,974,
1134,1093,884,
1157,978,1132,
1189,1072,294,
1191,974,1074,
1160,996,1141,
1156,1091,1041,
1157,1132,976,
1176,1158,842,
1157,976,1131,
1170,1026,1113,
1174,1086,929,
1168,1090,973,
1157,1131,919,
1192,1062,996,
1160,1141,865,
1176,995,1158,
1176,842,833,
839,1193,916,
1193,840,916,
51.63192 ,19.25566 ,
52.59783 ,18.99684 ,
53.66036 ,18.71215 ,
54.82913 ,18.39898 ,
56.11381 ,18.05473 ,
57.53373 ,17.67429 ,
59.08886 ,17.25756 ,
60.79855 ,16.79946 ,
62.68211 ,16.29477 ,
64.74919 ,15.74089 ,
67.02877 ,15.13008 ,
69.53053 ,14.45974 ,
72.28341 ,13.72211 ,
74.61130 ,13.09835 ,
76.94883 ,12.47201 ,
79.27670 ,11.84826 ,
82.02961 ,11.11062 ,
84.53133 ,10.44029 ,
86.81093 ,9.82947 ,
88.87802 ,9.27559 ,
90.76157 ,8.77090 ,
92.47126 ,8.31280 ,
94.02640 ,7.89608 ,
95.44631 ,7.51564 ,
96.73098 ,7.17140 ,
97.89976 ,6.85822 ,
98.96229 ,6.57353 ,
99.92821 ,6.31471 ,
51.89073 ,20.22158 ,
52.85666 ,19.96277 ,
53.91918 ,19.67806 ,
55.08795 ,19.36488 ,
56.37262 ,19.02067 ,
57.79254 ,18.64020 ,
59.34768 ,18.22350 ,
61.05738 ,17.76539 ,
62.94093 ,17.26069 ,
65.00800 ,16.70681 ,
67.28759 ,16.09601 ,
69.78934 ,15.42565 ,
72.54223 ,14.68803 ,
74.87011 ,14.06428 ,
77.20764 ,13.43794 ,
79.53553 ,12.81418 ,
82.28842 ,12.07655 ,
84.79016 ,11.40622 ,
87.06975 ,10.79539 ,
89.13683 ,10.24152 ,
91.02038 ,9.73684 ,
92.73008 ,9.27871 ,
94.28522 ,8.86202 ,
95.70513 ,8.48155 ,
96.98982 ,8.13731 ,
98.15858 ,7.82415 ,
99.22110 ,7.53945 ,
100.18703 ,7.28063 ,
52.17544 ,21.28410 ,
53.14136 ,21.02529 ,
54.20389 ,20.74058 ,
55.37266 ,20.42741 ,
56.65733 ,20.08318 ,
58.07724 ,19.70272 ,
59.63238 ,19.28603 ,
61.34206 ,18.82792 ,
63.22563 ,18.32321 ,
65.29271 ,17.76934 ,
67.57230 ,17.15852 ,
70.07403 ,16.48818 ,
72.82694 ,15.75055 ,
75.15481 ,15.12680 ,
77.49235 ,14.50045 ,
79.82023 ,13.87669 ,
82.57312 ,13.13907 ,
85.07487 ,12.46872 ,
87.35445 ,11.85790 ,
89.42154 ,11.30404 ,
91.30510 ,10.79932 ,
93.01478 ,10.34122 ,
94.56991 ,9.92453 ,
95.98984 ,9.54407 ,
97.27451 ,9.19983 ,
98.44329 ,8.88667 ,
99.50580 ,8.60198 ,
100.47173 ,8.34315 ,
52.48861 ,22.45287 ,
53.45454 ,22.19406 ,
54.51706 ,21.90935 ,
55.68583 ,21.59618 ,
56.97050 ,21.25195 ,
58.39042 ,20.87148 ,
59.94555 ,20.45480 ,
61.65525 ,19.99669 ,
63.53881 ,19.49198 ,
65.60588 ,18.93811 ,
67.88547 ,18.32731 ,
70.38721 ,17.65695 ,
73.14011 ,16.91932 ,
75.46798 ,16.29557 ,
77.80552 ,15.66922 ,
80.13340 ,15.04546 ,
82.88629 ,14.30784 ,
85.38803 ,13.63749 ,
87.66763 ,13.02668 ,
89.73471 ,12.47281 ,
91.61826 ,11.96810 ,
93.32795 ,11.50999 ,
94.88309 ,11.09330 ,
96.30301 ,10.71284 ,
97.58768 ,10.36860 ,
98.75646 ,10.05544 ,
99.81897 ,9.77074 ,
100.78490 ,9.51192 ,
52.83284 ,23.73755 ,
53.79877 ,23.47872 ,
54.86127 ,23.19404 ,
56.03005 ,22.88085 ,
57.31475 ,22.53663 ,
58.73464 ,22.15617 ,
60.28978 ,21.73947 ,
61.99947 ,21.28136 ,
63.88303 ,20.77666 ,
65.95010 ,20.22278 ,
68.22969 ,19.61198 ,
70.73144 ,18.94164 ,
73.48433 ,18.20399 ,
75.81221 ,17.58025 ,
78.14975 ,16.95391 ,
80.47763 ,16.33015 ,
83.23052 ,15.59252 ,
85.73226 ,14.92218 ,
88.01186 ,14.31136 ,
90.07893 ,13.75749 ,
91.96250 ,13.25280 ,
93.67217 ,12.79469 ,
95.22731 ,12.37799 ,
96.64723 ,11.99752 ,
97.93191 ,11.65329 ,
99.10068 ,11.34012 ,
100.16320 ,11.05542 ,
101.12912 ,10.79660 ,
53.15377 ,24.93530 ,
54.11971 ,24.67648 ,
55.18222 ,24.39178 ,
56.35099 ,24.07861 ,
57.63567 ,23.73438 ,
59.05559 ,23.35392 ,
60.61072 ,22.93721 ,
62.32041 ,22.47912 ,
64.20396 ,21.97441 ,
66.27104 ,21.42054 ,
68.55063 ,20.80974 ,
71.05238 ,20.13938 ,
73.80527 ,19.40175 ,
76.13315 ,18.77800 ,
78.47069 ,18.15165 ,
80.79858 ,17.52790 ,
83.55146 ,16.79027 ,
86.05321 ,16.11992 ,
88.33278 ,15.50910 ,
90.39987 ,14.95524 ,
92.28342 ,14.45054 ,
93.99312 ,13.99243 ,
95.54826 ,13.57573 ,
96.96818 ,13.19527 ,
98.25286 ,12.85104 ,
99.42163 ,12.53787 ,
100.48414 ,12.25317 ,
101.45006 ,11.99435 ,
53.47471 ,26.13305 ,
54.44063 ,25.87423 ,
55.50314 ,25.58953 ,
56.67191 ,25.27636 ,
57.95660 ,24.93213 ,
59.37650 ,24.55167 ,
60.93165 ,24.13496 ,
62.64134 ,23.67686 ,
64.52490 ,23.17216 ,
66.59198 ,22.61830 ,
68.87156 ,22.00748 ,
71.37331 ,21.33713 ,
74.12621 ,20.59948 ,
76.45409 ,19.97575 ,
78.79162 ,19.34940 ,
81.11949 ,18.72565 ,
83.87239 ,17.98801 ,
86.37414 ,17.31768 ,
88.65373 ,16.70686 ,
90.72081 ,16.15299 ,
92.60436 ,15.64829 ,
94.31405 ,15.19017 ,
95.86919 ,14.77348 ,
97.28909 ,14.39302 ,
98.57378 ,14.04879 ,
99.74255 ,13.73562 ,
100.80507 ,13.45091 ,
101.77100 ,13.19210 ,
53.79564 ,27.33080 ,
54.76157 ,27.07198 ,
55.82409 ,26.78728 ,
56.99286 ,26.47411 ,
58.27754 ,26.12988 ,
59.69744 ,25.74941 ,
61.25258 ,25.33272 ,
62.96228 ,24.87460 ,
64.84583 ,24.36990 ,
66.91292 ,23.81604 ,
69.19249 ,23.20522 ,
71.69425 ,22.53489 ,
74.44714 ,21.79725 ,
76.77502 ,21.17348 ,
79.11256 ,20.54715 ,
81.44044 ,19.92340 ,
84.19333 ,19.18577 ,
86.69508 ,18.51542 ,
88.97466 ,17.90462 ,
91.04174 ,17.35073 ,
92.92530 ,16.84604 ,
94.63499 ,16.38793 ,
96.19013 ,15.97123 ,
97.61004 ,15.59077 ,
98.89472 ,15.24654 ,
100.06349 ,14.93336 ,
101.12601 ,14.64866 ,
102.09193 ,14.38984 ,
20.00001 ,-0.00000 ,
119.99999 ,-0.00000 ,
84.85281 ,84.85281 ,
14.14214 ,14.14214 ,
114.79841 ,10.29496 ,
102.09193 ,14.38984 ,
53.79564 ,27.33080 ,
42.46335 ,31.40255 ,
41.16926 ,26.57292 ,
51.46627 ,18.63746 ,
99.76257 ,5.69651 ,
101.05665 ,10.52614 ,
105.23924 ,6.81723 ,
115.14456 ,8.25547 ,
25.00001 ,-0.00000 ,
30.00000 ,-0.00000 ,
35.00000 ,0.00000 ,
40.00000 ,-0.00000 ,
45.00001 ,-0.00000 ,
50.00000 ,-0.00000 ,
55.00000 ,-0.00000 ,
60.00000 ,-0.00000 ,
65.00000 ,-0.00000 ,
69.99999 ,-0.00000 ,
75.00000 ,-0.00000 ,
80.00000 ,-0.00000 ,
85.00001 ,-0.00000 ,
89.99999 ,-0.00000 ,
94.99999 ,-0.00000 ,
100.00000 ,-0.00000 ,
105.00000 ,-0.00000 ,
110.00001 ,-0.00000 ,
115.00000 ,-0.00000 ,
19.61571 ,3.90181 ,
18.47759 ,7.65367 ,
16.62939 ,11.11140 ,
119.89749 ,4.95900 ,
119.59014 ,9.90952 ,
119.07846 ,14.84312 ,
118.36336 ,19.75135 ,
117.44602 ,24.62584 ,
116.32802 ,29.45826 ,
115.01130 ,34.24034 ,
113.49807 ,38.96394 ,
111.79093 ,43.62096 ,
109.89280 ,48.20345 ,
107.80692 ,52.70359 ,
105.53685 ,57.11369 ,
103.08647 ,61.42621 ,
100.45998 ,65.63378 ,
97.66185 ,69.72922 ,
94.69686 ,73.70553 ,
91.57009 ,77.55591 ,
88.28687 ,81.27379 ,
17.67767 ,17.67767 ,
21.21320 ,21.21320 ,
24.74874 ,24.74874 ,
28.28427 ,28.28427 ,
31.81981 ,31.81981 ,
35.35534 ,35.35534 ,
38.89087 ,38.89087 ,
42.42641 ,42.42641 ,
45.96194 ,45.96194 ,
49.49747 ,49.49747 ,
53.03301 ,53.03301 ,
56.56854 ,56.56854 ,
60.10408 ,60.10408 ,
63.63961 ,63.63961 ,
67.17514 ,67.17514 ,
77.78175 ,77.78175 ,
81.31728 ,81.31728 ,
109.10762 ,12.51000 ,
104.63385 ,13.70874 ,
99.55002 ,15.07096 ,
97.00812 ,15.75205 ,
94.46622 ,16.43315 ,
91.92430 ,17.11425 ,
89.38238 ,17.79536 ,
86.84047 ,18.47645 ,
84.29856 ,19.15757 ,
81.75666 ,19.83867 ,
79.21474 ,20.51977 ,
76.67283 ,21.20086 ,
74.13092 ,21.88198 ,
71.58902 ,22.56307 ,
69.04711 ,23.24418 ,
66.50520 ,23.92527 ,
63.96329 ,24.60639 ,
61.42138 ,25.28749 ,
58.87946 ,25.96857 ,
56.33755 ,26.64969 ,
51.25373 ,28.01189 ,
48.71182 ,28.69300 ,
45.88950 ,23.58267 ,
48.67789 ,21.11007 ,
56.29590 ,17.34337 ,
61.12553 ,16.04927 ,
65.95516 ,14.75518 ,
70.78479 ,13.46109 ,
75.61442 ,12.16697 ,
80.44405 ,10.87289 ,
85.27368 ,9.57879 ,
90.10331 ,8.28470 ,
94.93294 ,6.99061 ,
103.14795 ,8.67168 ,
107.97758 ,7.37758 ,
83.77473 ,50.57554 ,
68.41411 ,45.81111 ,
93.10680 ,36.77882 ,
79.34651 ,36.35816 ,
102.21691 ,30.10767 ,
35.07374 ,14.31546 ,
58.44477 ,40.23131 ,
85.93834 ,31.60621 ,
70.98663 ,35.56637 ,
93.38565 ,52.79652 ,
93.52220 ,28.68574 ,
73.62533 ,56.20546 ,
45.02358 ,10.30686 ,
102.56684 ,41.38022 ,
51.42914 ,39.99846 ,
63.54457 ,33.96307 ,
86.80341 ,42.84878 ,
109.02007 ,27.10738 ,
76.26626 ,45.87681 ,
80.02030 ,28.59176 ,
25.72457 ,13.58572 ,
94.25369 ,61.30982 ,
97.62442 ,22.91706 ,
61.01499 ,50.01515 ,
34.87654 ,23.30411 ,
75.25553 ,29.24278 ,
53.57218 ,8.83637 ,
42.65137 ,17.17427 ,
83.42874 ,72.13476 ,
102.63807 ,21.51182 ,
111.94834 ,20.97709 ,
87.87442 ,25.35276 ,
66.91945 ,30.55513 ,
31.22124 ,7.39873 ,
57.14214 ,33.37699 ,
60.82029 ,7.94019 ,
67.33210 ,52.20898 ,
92.65213 ,44.96930 ,
101.84812 ,48.50442 ,
97.92780 ,33.34339 ,
38.28809 ,7.90308 ,
89.89504 ,65.66847 ,
107.28288 ,36.79723 ,
81.38891 ,43.88450 ,
77.19022 ,51.66158 ,
29.41183 ,19.27776 ,
36.84902 ,30.31871 ,
45.05879 ,36.93678 ,
24.99819 ,6.90518 ,
84.20795 ,35.97018 ,
55.63608 ,47.31814 ,
74.93111 ,38.55823 ,
83.21118 ,26.03491 ,
97.73129 ,57.14215 ,
92.37833 ,23.55204 ,
70.66927 ,29.05919 ,
68.71986 ,6.82219 ,
90.83418 ,32.62344 ,
63.52217 ,41.24832 ,
88.83777 ,48.24864 ,
68.54107 ,38.50910 ,
72.30398 ,49.43431 ,
67.55092 ,58.89263 ,
49.78360 ,13.02611 ,
97.39074 ,42.50062 ,
60.69665 ,32.09554 ,
107.90167 ,31.65272 ,
106.62286 ,22.84018 ,
40.39810 ,21.36905 ,
48.54724 ,5.77357 ,
76.77956 ,7.23003 ,
88.93662 ,36.56802 ,
76.48164 ,26.17900 ,
70.21545 ,41.23598 ,
63.08101 ,55.03231 ,
63.33951 ,30.39144 ,
76.02859 ,34.65743 ,
117.95476 ,9.48118 ,
116.47152 ,4.78039 ,
43.02800 ,5.19982 ,
102.01942 ,34.38184 ,
21.08980 ,11.37608 ,
40.22242 ,12.70759 ,
106.99726 ,3.68576 ,
96.66813 ,29.91073 ,
99.57016 ,20.22728 ,
46.32154 ,17.48343 ,
71.03555 ,63.31472 ,
40.76818 ,33.96603 ,
54.17176 ,36.66938 ,
114.80842 ,17.28090 ,
51.48312 ,44.92549 ,
81.68209 ,33.71339 ,
94.43906 ,21.36855 ,
81.69837 ,4.97086 ,
50.19129 ,35.72488 ,
47.01525 ,41.16237 ,
95.35268 ,64.72144 ,
57.20463 ,4.74072 ,
60.56196 ,35.04866 ,
105.72960 ,45.33534 ,
60.66820 ,43.74176 ,
90.02315 ,72.17594 ,
57.93707 ,11.95554 ,
38.22276 ,17.45664 ,
89.49633 ,22.51248 ,
90.55668 ,29.40997 ,
78.60502 ,32.79171 ,
30.75482 ,12.33160 ,
79.13264 ,25.63515 ,
22.18000 ,16.51529 ,
75.81042 ,58.53985 ,
32.53761 ,28.23412 ,
97.09147 ,47.30494 ,
113.03214 ,25.32346 ,
100.44995 ,26.85189 ,
111.98415 ,30.19258 ,
39.04167 ,25.14960 ,
102.79179 ,53.30896 ,
79.69803 ,47.56054 ,
84.77918 ,77.62607 ,
86.42065 ,47.92962 ,
30.38038 ,23.97471 ,
55.88414 ,40.29208 ,
72.42967 ,31.19410 ,
65.14554 ,48.57959 ,
105.12737 ,26.45084 ,
33.80967 ,18.73610 ,
27.86549 ,4.27917 ,
73.67347 ,25.49671 ,
87.22937 ,68.33413 ,
99.45925 ,38.60574 ,
87.03126 ,4.52864 ,
90.38824 ,41.69929 ,
34.98526 ,5.44712 ,
106.99750 ,41.16481 ,
67.48708 ,35.50799 ,
82.05860 ,38.47818 ,
103.06903 ,3.48058 ,
82.89112 ,28.70138 ,
78.06303 ,39.48523 ,
57.18099 ,51.47211 ,
94.03556 ,32.53760 ,
96.68380 ,58.87971 ,
110.73340 ,4.50899 ,
95.27217 ,24.64867 ,
44.71510 ,20.55916 ,
91.29347 ,50.70434 ,
84.59531 ,23.99624 ,
102.34673 ,17.44985 ,
72.70319 ,4.05492 ,
52.83818 ,3.90786 ,
110.93684 ,35.16849 ,
68.60413 ,28.21304 ,
80.91793 ,74.64557 ,
72.28650 ,9.01203 ,
64.64908 ,8.08271 ,
55.85472 ,30.00919 ,
64.80649 ,5.18042 ,
34.65131 ,10.05142 ,
27.75280 ,9.66593 ,
54.20092 ,13.60376 ,
77.92119 ,56.42908 ,
81.14205 ,53.20822 ,
118.03870 ,13.11760 ,
23.25471 ,3.60333 ,
92.27604 ,3.88580 ,
81.38872 ,23.35144 ,
71.31007 ,52.86539 ,
96.69179 ,19.16436 ,
100.73373 ,44.80450 ,
25.08544 ,19.21196 ,
71.00344 ,26.00423 ,
56.27495 ,44.07709 ,
44.79893 ,14.16429 ,
108.72843 ,20.29872 ,
60.54088 ,28.57687 ,
98.70169 ,51.67247 ,
39.62614 ,29.57459 ,
18.25682 ,14.09975 ,
85.43946 ,27.04994 ,
90.55854 ,25.12986 ,
87.54719 ,34.29424 ,
48.76150 ,9.55539 ,
58.36738 ,29.14130 ,
72.03188 ,38.46405 ,
69.36527 ,31.16431 ,
38.55209 ,3.78753 ,
109.28188 ,23.65129 ,
69.19969 ,49.02272 ,
65.05285 ,27.81660 ,
86.68710 ,21.72072 ,
72.42688 ,46.48088 ,
105.80662 ,49.30629 ,
111.13129 ,17.85599 ,
28.61540 ,16.01611 ,
94.10189 ,41.66212 ,
89.17969 ,45.03732 ,
75.42204 ,49.00843 ,
84.22444 ,33.13577 ,
104.95950 ,32.03870 ,
45.69983 ,33.80417 ,
93.73123 ,69.54787 ,
62.05315 ,12.14743 ,
73.85467 ,36.16460 ,
73.56124 ,60.78903 ,
96.44986 ,3.37066 ,
88.15488 ,75.67935 ,
41.51160 ,9.39690 ,
102.71945 ,6.08204 ,
69.04357 ,55.51421 ,
65.07954 ,32.10811 ,
42.90334 ,23.02369 ,
64.61385 ,43.57897 ,
64.81316 ,38.47816 ,
21.96931 ,7.32564 ,
106.09622 ,20.40805 ,
91.47231 ,20.27535 ,
99.61356 ,31.15327 ,
63.78773 ,59.15672 ,
93.08752 ,48.22169 ,
63.89461 ,51.88287 ,
59.47868 ,54.33325 ,
119.21110 ,6.69453 ,
61.16853 ,3.66781 ,
88.46865 ,30.95278 ,
52.85227 ,34.47495 ,
86.25124 ,38.08955 ,
95.80439 ,35.98362 ,
110.05603 ,39.14910 ,
115.36453 ,21.71056 ,
58.59275 ,47.88693 ,
106.84863 ,25.47141 ,
74.43949 ,41.24879 ,
76.83114 ,37.16490 ,
66.86393 ,62.19845 ,
31.59507 ,3.37616 ,
101.94263 ,57.92386 ,
53.56110 ,42.41801 ,
66.50966 ,41.16636 ,
116.74189 ,7.48034 ,
95.52580 ,54.93667 ,
116.95520 ,2.84980 ,
84.11538 ,42.92724 ,
77.78083 ,28.18442 ,
104.84607 ,38.91399 ,
68.13122 ,3.17760 ,
81.82379 ,36.12997 ,
78.56026 ,44.42240 ,
35.52300 ,31.82237 ,
72.70980 ,28.58578 ,
27.37263 ,21.95879 ,
31.89364 ,15.84186 ,
81.23519 ,26.64433 ,
99.91178 ,22.60078 ,
92.02844 ,63.53506 ,
74.51881 ,53.00885 ,
51.83125 ,15.57607 ,
116.89134 ,10.32547 ,
37.24141 ,20.91326 ,
52.97443 ,49.55605 ,
46.33273 ,3.04379 ,
58.40777 ,37.81285 ,
24.30694 ,9.77171 ,
92.23715 ,30.81418 ,
61.15905 ,39.80484 ,
90.98390 ,34.97449 ,
42.31855 ,38.99873 ,
77.31159 ,3.05518 ,
99.27727 ,27.54683 ,
57.38354 ,8.36820 ,
81.40424 ,77.30268 ,
47.85393 ,37.87168 ,
68.74397 ,10.59206 ,
112.62434 ,2.00200 ,
100.40962 ,8.11133 ,
19.25566 ,51.63192 ,
18.99684 ,52.59783 ,
18.71215 ,53.66036 ,
18.39898 ,54.82913 ,
18.05473 ,56.11381 ,
17.67429 ,57.53373 ,
17.25756 ,59.08886 ,
16.79946 ,60.79855 ,
16.29477 ,62.68211 ,
15.74089 ,64.74919 ,
15.13008 ,67.02877 ,
14.45974 ,69.53053 ,
13.72211 ,72.28341 ,
13.09835 ,74.61130 ,
12.47201 ,76.94883 ,
11.84826 ,79.27670 ,
11.11062 ,82.02961 ,
10.44029 ,84.53133 ,
9.82947 ,86.81093 ,
9.27559 ,88.87802 ,
8.77090 ,90.76157 ,
8.31280 ,92.47126 ,
7.89608 ,94.02640 ,
7.51564 ,95.44631 ,
7.17140 ,96.73098 ,
6.85822 ,97.89976 ,
6.57353 ,98.96229 ,
6.31471 ,99.92821 ,
20.22158 ,51.89073 ,
19.96277 ,52.85666 ,
19.67806 ,53.91918 ,
19.36488 ,55.08795 ,
19.02067 ,56.37262 ,
18.64020 ,57.79254 ,
18.22350 ,59.34768 ,
17.76539 ,61.05738 ,
17.26069 ,62.94093 ,
16.70681 ,65.00800 ,
16.09601 ,67.28759 ,
15.42565 ,69.78934 ,
14.68803 ,72.54223 ,
14.06428 ,74.87011 ,
13.43794 ,77.20764 ,
12.81418 ,79.53553 ,
12.07655 ,82.28842 ,
11.40622 ,84.79016 ,
10.79539 ,87.06975 ,
10.24152 ,89.13683 ,
9.73684 ,91.02038 ,
9.27871 ,92.73008 ,
8.86202 ,94.28522 ,
8.48155 ,95.70513 ,
8.13731 ,96.98982 ,
7.82415 ,98.15858 ,
7.53945 ,99.22110 ,
7.28063 ,100.18703 ,
21.28410 ,52.17544 ,
21.02529 ,53.14136 ,
20.74058 ,54.20389 ,
20.42741 ,55.37266 ,
20.08318 ,56.65733 ,
19.70272 ,58.07724 ,
19.28603 ,59.63238 ,
18.82792 ,61.34206 ,
18.32321 ,63.22563 ,
17.76934 ,65.29271 ,
17.15852 ,67.57230 ,
16.48818 ,70.07403 ,
15.75055 ,72.82694 ,
15.12680 ,75.15481 ,
14.50045 ,77.49235 ,
13.87669 ,79.82023 ,
13.13907 ,82.57312 ,
12.46872 ,85.07487 ,
11.85790 ,87.35445 ,
11.30404 ,89.42154 ,
10.79932 ,91.30510 ,
10.34122 ,93.01478 ,
9.92453 ,94.56991 ,
9.54407 ,95.98984 ,
9.19983 ,97.27451 ,
8.88667 ,98.44329 ,
8.60198 ,99.50580 ,
8.34315 ,100.47173 ,
22.45287 ,52.48861 ,
22.19406 ,53.45454 ,
21.90935 ,54.51706 ,
21.59618 ,55.68583 ,
21.25195 ,56.97050 ,
20.87148 ,58.39042 ,
20.45480 ,59.94555 ,
19.99669 ,61.65525 ,
19.49198 ,63.53881 ,
18.93811 ,65.60588 ,
18.32731 ,67.88547 ,
17.65695 ,70.38721 ,
16.91932 ,73.14011 ,
16.29557 ,75.46798 ,
15.66922 ,77.80552 ,
15.04546 ,80.13340 ,
14.30784 ,82.88629 ,
13.63749 ,85.38803 ,
13.02668 ,87.66763 ,
12.47281 ,89.73471 ,
11.96810 ,91.61826 ,
11.50999 ,93.32795 ,
11.09330 ,94.88309 ,
10.71284 ,96.30301 ,
10.36860 ,97.58768 ,
10.05544 ,98.75646 ,
9.77074 ,99.81897 ,
9.51192 ,100.78490 ,
23.73755 ,52.83284 ,
23.47872 ,53.79877 ,
23.19404 ,54.86127 ,
22.88085 ,56.03005 ,
22.53663 ,57.31475 ,
22.15617 ,58.73464 ,
21.73947 ,60.28978 ,
21.28136 ,61.99947 ,
20.77666 ,63.88303 ,
20.22278 ,65.95010 ,
19.61198 ,68.22969 ,
18.94164 ,70.73144 ,
18.20399 ,73.48433 ,
17.58025 ,75.81221 ,
16.95391 ,78.14975 ,
16.33015 ,80.47763 ,
15.59252 ,83.23052 ,
14.92218 ,85.73226 ,
14.31136 ,88.01186 ,
13.75749 ,90.07893 ,
13.25280 ,91.96250 ,
12.79469 ,93.67217 ,
12.37799 ,95.22731 ,
11.99752 ,96.64723 ,
11.65329 ,97.93191 ,
11.34012 ,99.10068 ,
11.05542 ,100.16320 ,
10.79660 ,101.12912 ,
24.93530 ,53.15377 ,
24.67648 ,54.11971 ,
24.39178 ,55.18222 ,
24.07861 ,56.35099 ,
23.73438 ,57.63567 ,
23.35392 ,59.05559 ,
22.93721 ,60.61072 ,
22.47912 ,62.32041 ,
21.97441 ,64.20396 ,
21.42054 ,66.27104 ,
20.80974 ,68.55063 ,
20.13938 ,71.05238 ,
19.40175 ,73.80527 ,
18.77800 ,76.13315 ,
18.15165 ,78.47069 ,
17.52790 ,80.79858 ,
16.79027 ,83.55146 ,
16.11992 ,86.05321 ,
15.50910 ,88.33278 ,
14.95524 ,90.39987 ,
14.45054 ,92.28342 ,
13.99243 ,93.99312 ,
13.57573 ,95.54826 ,
13.19527 ,96.96818 ,
12.85104 ,98.25286 ,
12.53787 ,99.42163 ,
12.25317 ,100.48414 ,
11.99435 ,101.45006 ,
26.13305 ,53.47471 ,
25.87423 ,54.44063 ,
25.58953 ,55.50314 ,
25.27636 ,56.67191 ,
24.93213 ,57.95660 ,
24.55167 ,59.37650 ,
24.13496 ,60.93165 ,
23.67686 ,62.64134 ,
23.17216 ,64.52490 ,
22.61830 ,66.59198 ,
22.00748 ,68.87156 ,
21.33713 ,71.37331 ,
20.59948 ,74.12621 ,
19.97575 ,76.45409 ,
19.34940 ,78.79162 ,
18.72565 ,81.11949 ,
17.98801 ,83.87239 ,
17.31768 ,86.37414 ,
16.70686 ,88.65373 ,
16.15299 ,90.72081 ,
15.64829 ,92.60436 ,
15.19017 ,94.31405 ,
14.77348 ,95.86919 ,
14.39302 ,97.28909 ,
14.04879 ,98.57378 ,
13.73562 ,99.74255 ,
13.45091 ,100.80507 ,
13.19210 ,101.77100 ,
27.33080 ,53.79564 ,
27.07198 ,54.76157 ,
26.78728 ,55.82409 ,
26.47411 ,56.99286 ,
26.12988 ,58.27754 ,
25.74941 ,59.69744 ,
25.33272 ,61.25258 ,
24.87460 ,62.96228 ,
24.36990 ,64.84583 ,
23.81604 ,66.91292 ,
23.20522 ,69.19249 ,
22.53489 ,71.69425 ,
21.79725 ,74.44714 ,
21.17348 ,76.77502 ,
20.54715 ,79.11256 ,
19.92340 ,81.44044 ,
19.18577 ,84.19333 ,
18.51542 ,86.69508 ,
17.90462 ,88.97466 ,
17.35073 ,91.04174 ,
16.84604 ,92.92530 ,
16.38793 ,94.63499 ,
15.97123 ,96.19013 ,
15.59077 ,97.61004 ,
15.24654 ,98.89472 ,
14.93336 ,100.06349 ,
14.64866 ,101.12601 ,
14.38984 ,102.09193 ,
0.00000 ,20.00001 ,
0.00000 ,119.99999 ,
10.29496 ,114.79841 ,
14.38984 ,102.09193 ,
27.33080 ,53.79564 ,
31.40255 ,42.46335 ,
26.57292 ,41.16926 ,
18.63746 ,51.46627 ,
5.69651 ,99.76257 ,
10.52614 ,101.05665 ,
6.81723 ,105.23924 ,
8.25547 ,115.14456 ,
0.00000 ,25.00001 ,
0.00000 ,30.00000 ,
0.00000 ,35.00000 ,
0.00000 ,40.00000 ,
0.00000 ,45.00001 ,
0.00000 ,50.00000 ,
0.00000 ,55.00000 ,
0.00000 ,60.00000 ,
0.00000 ,65.00000 ,
0.00000 ,69.99999 ,
0.00000 ,75.00000 ,
0.00000 ,80.00000 ,
0.00000 ,85.00001 ,
0.00000 ,89.99999 ,
0.00000 ,94.99999 ,
0.00000 ,100.00000 ,
0.00000 ,105.00000 ,
0.00000 ,110.00001 ,
0.00000 ,115.00000 ,
3.90181 ,19.61571 ,
7.65367 ,18.47759 ,
11.11140 ,16.62939 ,
4.95900 ,119.89749 ,
9.90952 ,119.59014 ,
14.84312 ,119.07846 ,
19.75135 ,118.36336 ,
24.62584 ,117.44602 ,
29.45826 ,116.32802 ,
34.24034 ,115.01130 ,
38.96394 ,113.49807 ,
43.62096 ,111.79093 ,
48.20345 ,109.89280 ,
52.70359 ,107.80692 ,
57.11369 ,105.53685 ,
61.42621 ,103.08647 ,
65.63378 ,100.45998 ,
69.72922 ,97.66185 ,
73.70553 ,94.69686 ,
77.55591 ,91.57009 ,
81.27379 ,88.28687 ,
12.51000 ,109.10762 ,
13.70874 ,104.63385 ,
15.07096 ,99.55002 ,
15.75205 ,97.00812 ,
16.43315 ,94.46622 ,
17.11425 ,91.92430 ,
17.79536 ,89.38238 ,
18.47645 ,86.84047 ,
19.15757 ,84.29856 ,
19.83867 ,81.75666 ,
20.51977 ,79.21474 ,
21.20086 ,76.67283 ,
21.88198 ,74.13092 ,
22.56307 ,71.58902 ,
23.24418 ,69.04711 ,
23.92527 ,66.50520 ,
24.60639 ,63.96329 ,
25.28749 ,61.42138 ,
25.96857 ,58.87946 ,
26.64969 ,56.33755 ,
28.01189 ,51.25373 ,
28.69300 ,48.71182 ,
23.58267 ,45.88950 ,
21.11007 ,48.67789 ,
17.34337 ,56.29590 ,
16.04927 ,61.12553 ,
14.75518 ,65.95516 ,
13.46109 ,70.78479 ,
12.16697 ,75.61442 ,
10.87289 ,80.44405 ,
9.57879 ,85.27368 ,
8.28470 ,90.10331 ,
6.99061 ,94.93294 ,
8.67168 ,103.14795 ,
7.37758 ,107.97758 ,
50.57554 ,83.77473 ,
45.81111 ,68.41411 ,
36.77882 ,93.10680 ,
36.35816 ,79.34651 ,
30.10767 ,102.21691 ,
14.31546 ,35.07374 ,
40.23131 ,58.44477 ,
31.60621 ,85.93834 ,
35.56637 ,70.98663 ,
52.79652 ,93.38565 ,
28.68574 ,93.52220 ,
56.20546 ,73.62533 ,
10.30686 ,45.02358 ,
41.38022 ,102.56684 ,
39.99846 ,51.42914 ,
33.96307 ,63.54457 ,
42.84878 ,86.80341 ,
27.10738 ,109.02007 ,
45.87681 ,76.26626 ,
28.59176 ,80.02030 ,
13.58572 ,25.72457 ,
61.30982 ,94.25369 ,
22.91706 ,97.62442 ,
50.01515 ,61.01499 ,
23.30411 ,34.87654 ,
29.24278 ,75.25553 ,
8.83637 ,53.57218 ,
17.17427 ,42.65137 ,
72.13476 ,83.42874 ,
21.51182 ,102.63807 ,
20.97709 ,111.94834 ,
25.35276 ,87.87442 ,
30.55513 ,66.91945 ,
7.39873 ,31.22124 ,
33.37699 ,57.14214 ,
7.94019 ,60.82029 ,
52.20898 ,67.33210 ,
44.96930 ,92.65213 ,
48.50442 ,101.84812 ,
33.34339 ,97.92780 ,
7.90308 ,38.28809 ,
65.66847 ,89.89504 ,
36.79723 ,107.28288 ,
43.88450 ,81.38891 ,
51.66158 ,77.19022 ,
19.27776 ,29.41183 ,
30.31871 ,36.84902 ,
36.93678 ,45.05879 ,
6.90518 ,24.99819 ,
35.97018 ,84.20795 ,
47.31814 ,55.63608 ,
38.55823 ,74.93111 ,
26.03491 ,83.21118 ,
57.14215 ,97.73129 ,
23.55204 ,92.37833 ,
29.05919 ,70.66927 ,
6.82219 ,68.71986 ,
32.62344 ,90.83418 ,
41.24832 ,63.52217 ,
48.24864 ,88.83777 ,
38.50910 ,68.54107 ,
49.43431 ,72.30398 ,
58.89263 ,67.55092 ,
13.02611 ,49.78360 ,
42.50062 ,97.39074 ,
32.09554 ,60.69665 ,
31.65272 ,107.90167 ,
22.84018 ,106.62286 ,
21.36905 ,40.39810 ,
5.77357 ,48.54724 ,
7.23003 ,76.77956 ,
36.56802 ,88.93662 ,
26.17900 ,76.48164 ,
41.23598 ,70.21545 ,
55.03231 ,63.08101 ,
30.39144 ,63.33951 ,
34.65743 ,76.02859 ,
9.48118 ,117.95476 ,
4.78039 ,116.47152 ,
5.19982 ,43.02800 ,
34.38184 ,102.01942 ,
11.37608 ,21.08980 ,
12.70759 ,40.22242 ,
3.68576 ,106.99726 ,
29.91073 ,96.66813 ,
20.22728 ,99.57016 ,
17.48343 ,46.32154 ,
63.31472 ,71.03555 ,
33.96603 ,40.76818 ,
36.66938 ,54.17176 ,
17.28090 ,114.80842 ,
44.92549 ,51.48312 ,
33.71339 ,81.68209 ,
21.36855 ,94.43906 ,
4.97086 ,81.69837 ,
35.72488 ,50.19129 ,
41.16237 ,47.01525 ,
64.72144 ,95.35268 ,
4.74072 ,57.20463 ,
35.04866 ,60.56196 ,
45.33534 ,105.72960 ,
43.74176 ,60.66820 ,
72.17594 ,90.02315 ,
11.95554 ,57.93707 ,
17.45664 ,38.22276 ,
22.51248 ,89.49633 ,
29.40997 ,90.55668 ,
32.79171 ,78.60502 ,
12.33160 ,30.75482 ,
25.63515 ,79.13264 ,
16.51529 ,22.18000 ,
58.53985 ,75.81042 ,
28.23412 ,32.53761 ,
47.30494 ,97.09147 ,
25.32346 ,113.03214 ,
26.85189 ,100.44995 ,
30.19258 ,111.98415 ,
25.14960 ,39.04167 ,
53.30896 ,102.79179 ,
47.56054 ,79.69803 ,
77.62607 ,84.77918 ,
47.92962 ,86.42065 ,
23.97471 ,30.38038 ,
40.29208 ,55.88414 ,
31.19410 ,72.42967 ,
48.57959 ,65.14554 ,
26.45084 ,105.12737 ,
18.73610 ,33.80967 ,
4.27917 ,27.86549 ,
25.49671 ,73.67347 ,
68.33413 ,87.22937 ,
38.60574 ,99.45925 ,
4.52864 ,87.03126 ,
41.69929 ,90.38824 ,
5.44712 ,34.98526 ,
41.16481 ,106.99750 ,
35.50799 ,67.48708 ,
38.47818 ,82.05860 ,
3.48058 ,103.06903 ,
28.70138 ,82.89112 ,
39.48523 ,78.06303 ,
51.47211 ,57.18099 ,
32.53760 ,94.03556 ,
58.87971 ,96.68380 ,
4.50899 ,110.73340 ,
24.64867 ,95.27217 ,
20.55916 ,44.71510 ,
50.70434 ,91.29347 ,
23.99624 ,84.59531 ,
17.44985 ,102.34673 ,
4.05492 ,72.70319 ,
3.90786 ,52.83818 ,
35.16849 ,110.93684 ,
28.21304 ,68.60413 ,
74.64557 ,80.91793 ,
9.01203 ,72.28650 ,
8.08271 ,64.64908 ,
30.00919 ,55.85472 ,
5.18042 ,64.80649 ,
10.05142 ,34.65131 ,
9.66593 ,27.75280 ,
13.60376 ,54.20092 ,
56.42908 ,77.92119 ,
53.20822 ,81.14205 ,
13.11760 ,118.03870 ,
3.60333 ,23.25471 ,
3.88580 ,92.27604 ,
23.35144 ,81.38872 ,
52.86539 ,71.31007 ,
19.16436 ,96.69179 ,
44.80450 ,100.73373 ,
19.21196 ,25.08544 ,
26.00423 ,71.00344 ,
44.07709 ,56.27495 ,
14.16429 ,44.79893 ,
20.29872 ,108.72843 ,
28.57687 ,60.54088 ,
51.67247 ,98.70169 ,
29.57459 ,39.62614 ,
14.09975 ,18.25682 ,
27.04994 ,85.43946 ,
25.12986 ,90.55854 ,
34.29424 ,87.54719 ,
9.55539 ,48.76150 ,
29.14130 ,58.36738 ,
38.46405 ,72.03188 ,
31.16431 ,69.36527 ,
3.78753 ,38.55209 ,
23.65129 ,109.28188 ,
49.02272 ,69.19969 ,
27.81660 ,65.05285 ,
21.72072 ,86.68710 ,
46.48088 ,72.42688 ,
49.30629 ,105.80662 ,
17.85599 ,111.13129 ,
16.01611 ,28.61540 ,
41.66212 ,94.10189 ,
45.03732 ,89.17969 ,
49.00843 ,75.42204 ,
33.13577 ,84.22444 ,
32.03870 ,104.95950 ,
33.80417 ,45.69983 ,
69.54787 ,93.73123 ,
12.14743 ,62.05315 ,
36.16460 ,73.85467 ,
60.78903 ,73.56124 ,
3.37066 ,96.44986 ,
75.67935 ,88.15488 ,
9.39690 ,41.51160 ,
6.08204 ,102.71945 ,
55.51421 ,69.04357 ,
32.10811 ,65.07954 ,
23.02369 ,42.90334 ,
43.57897 ,64.61385 ,
38.47816 ,64.81316 ,
7.32564 ,21.96931 ,
20.40805 ,106.09622 ,
20.27535 ,91.47231 ,
31.15327 ,99.61356 ,
59.15672 ,63.78773 ,
48.22169 ,93.08752 ,
51.88287 ,63.89461 ,
54.33325 ,59.47868 ,
6.69453 ,119.21110 ,
3.66781 ,61.16853 ,
30.95278 ,88.46865 ,
34.47495 ,52.85227 ,
38.08955 ,86.25124 ,
35.98362 ,95.80439 ,
39.14910 ,110.05603 ,
21.71056 ,115.36453 ,
47.88693 ,58.59275 ,
25.47141 ,106.84863 ,
41.24879 ,74.43949 ,
37.16490 ,76.83114 ,
62.19845 ,66.86393 ,
3.37616 ,31.59507 ,
57.92386 ,101.94263 ,
42.41801 ,53.56110 ,
41.16636 ,66.50966 ,
7.48034 ,116.74189 ,
54.93667 ,95.52580 ,
2.84980 ,116.95520 ,
42.92724 ,84.11538 ,
28.18442 ,77.78083 ,
38.91399 ,104.84607 ,
3.17760 ,68.13122 ,
36.12997 ,81.82379 ,
44.42240 ,78.56026 ,
31.82237 ,35.52300 ,
28.58578 ,72.70980 ,
21.95879 ,27.37263 ,
15.84186 ,31.89364 ,
26.64433 ,81.23519 ,
22.60078 ,99.91178 ,
63.53506 ,92.02844 ,
53.00885 ,74.51881 ,
15.57607 ,51.83125 ,
10.32547 ,116.89134 ,
20.91326 ,37.24141 ,
49.55605 ,52.97443 ,
3.04379 ,46.33273 ,
37.81285 ,58.40777 ,
9.77171 ,24.30694 ,
30.81418 ,92.23715 ,
39.80484 ,61.15905 ,
34.97449 ,90.98390 ,
38.99873 ,42.31855 ,
3.05518 ,77.31159 ,
27.54683 ,99.27727 ,
8.36820 ,57.38354 ,
77.30268 ,81.40424 ,
37.87168 ,47.85393 ,
10.59206 ,68.74397 ,
2.00200 ,112.62434 ,
8.11133 ,100.40962 ,
1,378,PM1
379,756,PM2
757,2032,iron
