nodal
3
177738
2425	-6.459537E-04	-9.999986E-01	7.756971E-04	
2426	1.236511E-03	-9.999989E-01	7.507176E-04	
2427	2.615031E-04	-9.999988E-01	7.045713E-04	
2428	2.482076E-03	-9.999959E-01	6.541931E-04	
2429	1.543553E-03	-9.999982E-01	6.819792E-04	
2430	4.085086E-03	-9.999906E-01	7.260391E-04	
2431	3.142388E-03	-9.999943E-01	6.726625E-04	
2432	5.891315E-03	-9.999820E-01	8.006119E-04	
2433	5.304591E-03	-9.999845E-01	9.417272E-04	
2434	1.628026E-03	-9.999972E-01	1.619781E-03	
2435	-1.224372E-02	-9.999203E-01	2.787029E-03	
9829	1.051389E-04	-9.999994E-01	6.649908E-04	
9833	1.617245E-03	-9.999979E-01	7.592092E-04	
9837	1.267469E-03	-9.999986E-01	7.093067E-04	
9841	2.388516E-03	-9.999968E-01	6.828317E-04	
9845	2.574282E-03	-9.999957E-01	6.003033E-04	
9849	2.939674E-03	-9.999947E-01	7.369119E-04	
9853	4.078861E-03	-9.999906E-01	7.672826E-04	
9857	2.900023E-03	-9.999951E-01	9.017952E-04	
9861	6.020611E-03	-9.999808E-01	1.172535E-03	
9865	-1.224426E-02	-9.999209E-01	2.787078E-03	
18583	-6.791994E-04	-9.999989E-01	-9.352975E-05	
18584	1.104882E-03	-9.999991E-01	-1.075172E-04	
18585	1.701567E-04	-9.999990E-01	-1.161662E-04	
18586	2.191814E-03	-9.999972E-01	-1.064600E-04	
18587	1.514117E-03	-9.999983E-01	9.010381E-05	
18588	4.163190E-03	-9.999906E-01	8.592559E-05	
18589	3.185606E-03	-9.999945E-01	1.071036E-04	
18590	5.901499E-03	-9.999822E-01	1.331400E-04	
18591	5.292978E-03	-9.999859E-01	1.906017E-04	
18592	1.762898E-03	-9.999982E-01	3.343484E-04	
18593	-1.177063E-02	-9.999300E-01	3.684306E-04	
25987	9.158052E-05	-1.000000E+00	-1.075065E-04	
25991	2.045175E-03	-9.999978E-01	-1.155536E-04	
25995	1.253933E-03	-9.999988E-01	-1.437178E-04	
25999	2.447839E-03	-9.999962E-01	2.965334E-05	
26003	2.559905E-03	-9.999964E-01	8.437967E-05	
26007	2.870644E-03	-9.999957E-01	9.401635E-05	
26011	4.091562E-03	-9.999911E-01	1.216553E-04	
26015	2.951625E-03	-9.999950E-01	1.521770E-04	
26019	6.166108E-03	-9.999800E-01	2.241595E-04	
26023	-1.177082E-02	-9.999297E-01	3.683993E-04	
34741	-7.204459E-04	-9.999992E-01	1.353789E-04	
34742	1.259203E-03	-9.999986E-01	1.282763E-04	
34743	3.353635E-04	-9.999990E-01	1.102614E-04	
34744	2.501233E-03	-9.999959E-01	6.515978E-05	
34745	1.504129E-03	-9.999988E-01	2.865204E-06	
34746	4.152625E-03	-9.999905E-01	2.184264E-05	
34747	3.180294E-03	-9.999946E-01	4.263925E-05	
34748	5.888542E-03	-9.999821E-01	7.238982E-05	
34749	5.295679E-03	-9.999858E-01	1.274630E-04	
34750	1.805506E-03	-9.999981E-01	1.875163E-04	
34751	-1.176841E-02	-9.999297E-01	2.494012E-04	
42145	1.177977E-04	-9.999991E-01	1.286485E-04	
42149	1.580765E-03	-9.999985E-01	1.452003E-04	
42153	1.270068E-03	-9.999987E-01	7.939254E-05	
42157	2.478706E-03	-9.999964E-01	2.141703E-05	
42161	2.573319E-03	-9.999958E-01	1.592170E-05	
42165	2.889000E-03	-9.999958E-01	2.906669E-05	
42169	4.114054E-03	-9.999911E-01	6.301751E-05	
42173	2.984987E-03	-9.999946E-01	9.519056E-05	
42177	6.195067E-03	-9.999800E-01	1.530560E-04	
42181	-1.176894E-02	-9.999306E-01	2.496917E-04	
50899	-7.196885E-04	-9.999997E-01	-1.171601E-05	
50900	1.267066E-03	-9.999983E-01	-1.523296E-05	
50901	3.177185E-04	-9.999995E-01	-1.273603E-05	
50902	2.494113E-03	-9.999966E-01	-1.358375E-05	
50903	1.511595E-03	-9.999988E-01	-1.145035E-05	
50904	4.156485E-03	-9.999913E-01	7.259722E-06	
50905	3.190294E-03	-9.999945E-01	3.866800E-05	
50906	5.889707E-03	-9.999817E-01	8.321032E-05	
50907	5.305986E-03	-9.999857E-01	1.561699E-04	
50908	1.823224E-03	-9.999976E-01	2.243733E-04	
50909	-1.172919E-02	-9.999305E-01	2.856809E-04	
58303	1.115344E-04	-9.999998E-01	-1.661603E-05	
58307	1.582529E-03	-9.999981E-01	-1.444183E-05	
58311	1.270950E-03	-9.999986E-01	-1.520609E-05	
58315	2.463315E-03	-9.999961E-01	-1.412182E-05	
58319	2.578452E-03	-9.999964E-01	-2.217832E-06	
58323	2.895297E-03	-9.999958E-01	1.868238E-05	
58327	4.126763E-03	-9.999908E-01	6.406126E-05	
58331	3.011522E-03	-9.999953E-01	1.147816E-04	
58335	6.211883E-03	-9.999803E-01	1.853779E-04	
58339	-1.172928E-02	-9.999304E-01	2.858646E-04	
67057	-7.299381E-04	-9.999988E-01	-1.913657E-05	
67058	1.263950E-03	-9.999992E-01	-2.260446E-05	
67059	3.111755E-04	-9.999990E-01	-1.958294E-05	
67060	2.493713E-03	-9.999962E-01	-1.812146E-05	
67061	1.513254E-03	-9.999987E-01	-1.405090E-05	
67062	4.160621E-03	-9.999911E-01	1.136728E-05	
67063	3.201317E-03	-9.999948E-01	5.259837E-05	
67064	5.896049E-03	-9.999824E-01	1.189942E-04	
67065	5.321712E-03	-9.999852E-01	2.223189E-04	
67066	1.847443E-03	-9.999981E-01	3.200634E-04	
67067	-1.168667E-02	-9.999308E-01	4.051674E-04	
74461	1.152190E-04	-9.999991E-01	-2.458149E-05	
74465	1.588206E-03	-9.999986E-01	-1.750888E-05	
74469	1.274260E-03	-9.999989E-01	-2.217956E-05	
74473	2.465355E-03	-9.999966E-01	-1.625161E-05	
74477	2.586129E-03	-9.999958E-01	-3.611201E-06	
74481	2.906165E-03	-9.999950E-01	2.829602E-05	
74485	4.145655E-03	-9.999905E-01	8.739265E-05	
74489	3.045718E-03	-9.999948E-01	1.670390E-04	
74493	6.233342E-03	-9.999802E-01	2.649342E-04	
74497	-1.168584E-02	-9.999316E-01	4.058394E-04	
83215	-7.435871E-04	-9.999996E-01	-1.962515E-05	
83216	1.259998E-03	-9.999989E-01	-2.795787E-05	
83217	2.976544E-04	-9.999998E-01	-1.717074E-05	
83218	2.493323E-03	-9.999963E-01	-1.612156E-05	
83219	1.508868E-03	-9.999980E-01	-6.293194E-06	
83220	4.163159E-03	-9.999907E-01	2.419045E-05	
83221	3.208507E-03	-9.999948E-01	7.981157E-05	
83222	5.907351E-03	-9.999823E-01	1.760259E-04	
83223	5.340097E-03	-9.999850E-01	3.234716E-04	
83224	1.877490E-03	-9.999981E-01	4.740595E-04	
83225	-1.162911E-02	-9.999313E-01	5.795207E-04	
90619	1.218909E-04	-9.999999E-01	-3.042990E-05	
90623	1.600345E-03	-9.999987E-01	-1.597395E-05	
90627	1.281422E-03	-9.999982E-01	-2.609135E-05	
90631	2.470868E-03	-9.999968E-01	-7.705633E-06	
90635	2.599869E-03	-9.999966E-01	4.654238E-06	
90639	2.925333E-03	-9.999956E-01	4.939465E-05	
90643	4.176326E-03	-9.999905E-01	1.224589E-04	
90647	3.093956E-03	-9.999946E-01	2.470470E-04	
90651	6.270066E-03	-9.999800E-01	3.900964E-04	
90655	-1.162946E-02	-9.999317E-01	5.788427E-04	
99373	-7.632080E-04	-9.999991E-01	-5.836504E-06	
99374	1.256093E-03	-9.999984E-01	-1.287109E-05	
99375	2.725772E-04	-9.999990E-01	7.530062E-06	
99376	2.495927E-03	-9.999967E-01	5.269712E-06	
99377	1.496861E-03	-9.999987E-01	2.061997E-05	
99378	4.171819E-03	-9.999905E-01	6.387097E-05	
99379	3.212196E-03	-9.999941E-01	1.268985E-04	
99380	5.936734E-03	-9.999815E-01	2.725667E-04	
99381	5.372475E-03	-9.999850E-01	4.785909E-04	
99382	1.926598E-03	-9.999976E-01	7.389666E-04	
99383	-1.154734E-02	-9.999329E-01	9.164168E-04	
106777	1.297826E-04	-9.999994E-01	-1.807392E-05	
106781	1.623379E-03	-9.999984E-01	1.303881E-05	
106785	1.291708E-03	-9.999990E-01	-1.277238E-05	
106789	2.481889E-03	-9.999968E-01	2.574325E-05	
106793	2.619423E-03	-9.999961E-01	2.562602E-05	
106797	2.949374E-03	-9.999954E-01	1.020803E-04	
106801	4.220593E-03	-9.999906E-01	1.798260E-04	
106805	3.152846E-03	-9.999946E-01	3.743876E-04	
106809	6.331278E-03	-9.999790E-01	5.975341E-04	
106813	-1.154716E-02	-9.999327E-01	9.168805E-04	
115531	-8.530725E-04	-9.999987E-01	-5.150973E-05	
115532	1.200439E-03	-9.999990E-01	-1.226485E-04	
115533	1.672572E-04	-9.999998E-01	-5.478432E-05	
115534	2.466214E-03	-9.999960E-01	-7.606608E-05	
115535	1.422661E-03	-9.999980E-01	-5.105981E-05	
115536	4.127621E-03	-9.999911E-01	-2.838711E-05	
115537	3.145039E-03	-9.999942E-01	7.737569E-05	
115538	5.942916E-03	-9.999815E-01	2.750542E-04	
115539	5.388165E-03	-9.999852E-01	5.685011E-04	
115540	1.950897E-03	-9.999974E-01	9.942180E-04	
115541	-1.146779E-02	-9.999332E-01	1.058199E-03	
122935	1.821312E-04	-9.999997E-01	-1.124050E-04	
122939	1.725664E-03	-9.999979E-01	-5.344421E-05	
122943	1.353652E-03	-9.999985E-01	-1.211243E-04	
122947	2.545172E-03	-9.999964E-01	-3.053500E-05	
122951	2.694169E-03	-9.999955E-01	-5.378117E-05	
122955	3.047517E-03	-9.999945E-01	4.060410E-05	
122959	4.335005E-03	-9.999900E-01	1.220383E-04	
122963	3.267170E-03	-9.999937E-01	4.102322E-04	
122967	6.482432E-03	-9.999780E-01	7.808293E-04	
122971	-1.146772E-02	-9.999331E-01	1.059141E-03	
131689	-7.414661E-04	-9.999987E-01	-1.854978E-04	
131690	1.420152E-03	-9.999987E-01	-1.322130E-04	
131691	2.757981E-04	-9.999999E-01	-1.081068E-04	
131692	2.685995E-03	-9.999957E-01	-1.461191E-04	
131693	1.510302E-03	-9.999987E-01	-2.859566E-05	
131694	4.515403E-03	-9.999889E-01	1.457303E-04	
131695	3.397402E-03	-9.999933E-01	3.277685E-05	
131696	6.423203E-03	-9.999785E-01	6.054094E-04	
131697	5.790065E-03	-9.999821E-01	7.573152E-04	
131698	2.237028E-03	-9.999951E-01	1.936305E-03	
131699	-1.097432E-02	-9.999336E-01	3.437912E-03	
139093	1.261302E-05	-9.999996E-01	-2.428626E-04	
139097	1.583738E-03	-9.999978E-01	-4.371577E-05	
139101	1.174844E-03	-9.999988E-01	-1.826714E-04	
139105	2.426911E-03	-9.999968E-01	1.161532E-05	
139109	2.505432E-03	-9.999959E-01	-2.275298E-04	
139113	2.725428E-03	-9.999957E-01	2.078496E-04	
139117	4.160479E-03	-9.999910E-01	1.433530E-04	
139121	2.936898E-03	-9.999948E-01	7.665965E-04	
139125	6.539540E-03	-9.999773E-01	1.462829E-03	
139129	-1.097376E-02	-9.999334E-01	3.438315E-03	
147847	-1.027178E-03	-9.998701E-01	-1.604061E-02	
147848	9.116525E-04	-9.998733E-01	-1.586963E-02	
147849	1.494634E-04	-9.998637E-01	-1.650868E-02	
147850	2.048215E-03	-9.998643E-01	-1.631269E-02	
147851	1.290200E-03	-9.998571E-01	-1.684244E-02	
147852	3.708807E-03	-9.998423E-01	-1.734581E-02	
147853	3.071366E-03	-9.998462E-01	-1.724632E-02	
147854	5.349746E-03	-9.998088E-01	-1.876236E-02	
147855	5.051832E-03	-9.998195E-01	-1.829231E-02	
147856	-1.330036E-03	-9.996359E-01	-2.694870E-02	
147857	-1.380596E-02	-9.990681E-01	-4.087498E-02	
155251	4.655129E-04	-9.998775E-01	-1.564081E-02	
155255	1.753679E-03	-9.998598E-01	-1.665105E-02	
155259	1.603901E-03	-9.998724E-01	-1.583740E-02	
155263	2.767547E-03	-9.998496E-01	-1.709451E-02	
155267	2.958197E-03	-9.998642E-01	-1.621180E-02	
155271	3.326599E-03	-9.998342E-01	-1.789141E-02	
155275	4.685254E-03	-9.998432E-01	-1.706401E-02	
155279	4.096457E-03	-9.998118E-01	-1.894211E-02	
155283	6.916438E-03	-9.997762E-01	-1.997009E-02	
155287	-1.380585E-02	-9.990681E-01	-4.087488E-02	
164005	-1.027527E-03	-9.998708E-01	-1.604058E-02	
164006	9.119274E-04	-9.998728E-01	-1.587007E-02	
164007	1.488736E-04	-9.998630E-01	-1.650863E-02	
164008	2.047838E-03	-9.998647E-01	-1.631310E-02	
164009	1.290394E-03	-9.998568E-01	-1.684286E-02	
164010	3.709503E-03	-9.998424E-01	-1.734599E-02	
164011	3.072169E-03	-9.998456E-01	-1.724693E-02	
164012	5.349684E-03	-9.998090E-01	-1.876263E-02	
164013	5.051172E-03	-9.998194E-01	-1.829258E-02	
164014	-1.329881E-03	-9.996355E-01	-2.694864E-02	
164015	-1.380569E-02	-9.990688E-01	-4.087453E-02	
171409	4.656835E-04	-9.998769E-01	-1.564105E-02	
171413	1.753374E-03	-9.998589E-01	-1.665114E-02	
171417	1.604190E-03	-9.998733E-01	-1.583729E-02	
171421	2.766896E-03	-9.998494E-01	-1.709479E-02	
171425	2.957836E-03	-9.998632E-01	-1.621261E-02	
171429	3.326048E-03	-9.998338E-01	-1.789190E-02	
171433	4.685009E-03	-9.998426E-01	-1.706430E-02	
171437	4.095666E-03	-9.998117E-01	-1.894166E-02	
171441	6.916274E-03	-9.997763E-01	-1.996984E-02	
171445	-1.380560E-02	-9.990682E-01	-4.087427E-02	
