nodal
2
2832
52	-7.443550E-08	-1.044945E-07	
53	-5.158024E-08	-7.004420E-08	
54	-4.264326E-08	-6.133841E-08	
55	-3.770772E-08	-5.662981E-08	
56	-3.433450E-08	-5.391858E-08	
57	-3.175818E-08	-5.216750E-08	
58	-2.963457E-08	-5.099180E-08	
59	-2.778876E-08	-5.018710E-08	
60	-2.611888E-08	-4.963876E-08	
61	-2.456070E-08	-4.927520E-08	
62	-2.307109E-08	-4.904869E-08	
63	-2.161994E-08	-4.892540E-08	
64	-2.018570E-08	-4.888019E-08	
65	-1.875283E-08	-4.889358E-08	
66	-1.731019E-08	-4.895003E-08	
67	-1.585006E-08	-4.903675E-08	
68	-1.436738E-08	-4.914310E-08	
69	-1.285925E-08	-4.926007E-08	
70	-1.132459E-08	-4.937999E-08	
71	-9.763770E-09	-4.949640E-08	
72	-8.178402E-09	-4.960382E-08	
73	-6.571109E-09	-4.969773E-08	
74	-4.945328E-09	-4.977450E-08	
75	-3.305134E-09	-4.983131E-08	
76	-1.655072E-09	-4.986619E-08	
77	3.232812E-16	-4.987795E-08	
78	1.655073E-09	-4.986619E-08	
79	3.305134E-09	-4.983131E-08	
80	4.945329E-09	-4.977450E-08	
81	6.571110E-09	-4.969773E-08	
82	8.178403E-09	-4.960382E-08	
83	9.763771E-09	-4.949640E-08	
84	1.132459E-08	-4.937999E-08	
85	1.285926E-08	-4.926007E-08	
86	1.436738E-08	-4.914310E-08	
87	1.585006E-08	-4.903675E-08	
88	1.731019E-08	-4.895003E-08	
89	1.875283E-08	-4.889358E-08	
90	2.018570E-08	-4.888019E-08	
91	2.161994E-08	-4.892540E-08	
92	2.307109E-08	-4.904869E-08	
93	2.456070E-08	-4.927520E-08	
94	2.611888E-08	-4.963876E-08	
95	2.778876E-08	-5.018710E-08	
96	2.963457E-08	-5.099180E-08	
97	3.175818E-08	-5.216750E-08	
98	3.433450E-08	-5.391858E-08	
99	3.770772E-08	-5.662981E-08	
100	4.264326E-08	-6.133841E-08	
101	5.158024E-08	-7.004421E-08	
102	7.443550E-08	-1.044945E-07	
103	-1.248645E-07	-1.814031E-07	
104	-1.050676E-07	-1.445746E-07	
105	-8.880729E-08	-1.252906E-07	
106	-7.827592E-08	-1.155157E-07	
107	-7.080673E-08	-1.096018E-07	
108	-6.507900E-08	-1.058029E-07	
109	-6.040022E-08	-1.032515E-07	
110	-5.638327E-08	-1.015102E-07	
111	-5.279540E-08	-1.003264E-07	
112	-4.948764E-08	-9.954326E-08	
113	-4.635983E-08	-9.905629E-08	
114	-4.334220E-08	-9.879177E-08	
115	-4.038494E-08	-9.869508E-08	
116	-3.745213E-08	-9.872413E-08	
117	-3.451792E-08	-9.884533E-08	
118	-3.156406E-08	-9.903126E-08	
119	-2.857822E-08	-9.925902E-08	
120	-2.555278E-08	-9.950935E-08	
121	-2.248394E-08	-9.976589E-08	
122	-1.937105E-08	-1.000148E-07	
123	-1.621601E-08	-1.002444E-07	
124	-1.302282E-08	-1.004451E-07	
125	-9.797181E-09	-1.006091E-07	
126	-6.546087E-09	-1.007304E-07	
127	-3.277495E-09	-1.008049E-07	
128	6.783504E-16	-1.008300E-07	
129	3.277497E-09	-1.008049E-07	
130	6.546088E-09	-1.007304E-07	
131	9.797183E-09	-1.006091E-07	
132	1.302282E-08	-1.004451E-07	
133	1.621601E-08	-1.002444E-07	
134	1.937105E-08	-1.000148E-07	
135	2.248395E-08	-9.976589E-08	
136	2.555278E-08	-9.950935E-08	
137	2.857822E-08	-9.925902E-08	
138	3.156406E-08	-9.903126E-08	
139	3.451792E-08	-9.884533E-08	
140	3.745213E-08	-9.872413E-08	
141	4.038494E-08	-9.869508E-08	
142	4.334220E-08	-9.879177E-08	
143	4.635984E-08	-9.905629E-08	
144	4.948764E-08	-9.954326E-08	
145	5.279540E-08	-1.003264E-07	
146	5.638327E-08	-1.015102E-07	
147	6.040023E-08	-1.032515E-07	
148	6.507900E-08	-1.058029E-07	
149	7.080674E-08	-1.096018E-07	
150	7.827592E-08	-1.155157E-07	
151	8.880729E-08	-1.252906E-07	
152	1.050676E-07	-1.445746E-07	
153	1.248645E-07	-1.814032E-07	
154	-1.686317E-07	-2.478080E-07	
155	-1.496576E-07	-2.131651E-07	
156	-1.324236E-07	-1.901644E-07	
157	-1.184143E-07	-1.758425E-07	
158	-1.075339E-07	-1.668105E-07	
159	-9.882159E-08	-1.608317E-07	
160	-9.157163E-08	-1.567733E-07	
161	-8.530745E-08	-1.539878E-07	
162	-7.971157E-08	-1.520890E-07	
163	-7.456797E-08	-1.508307E-07	
164	-6.972589E-08	-1.500470E-07	
165	-6.507776E-08	-1.496197E-07	
166	-6.054560E-08	-1.494615E-07	
167	-5.607247E-08	-1.495046E-07	
168	-5.161691E-08	-1.496953E-07	
169	-4.714918E-08	-1.499896E-07	
170	-4.264872E-08	-1.503508E-07	
171	-3.810224E-08	-1.507482E-07	
172	-3.350236E-08	-1.511556E-07	
173	-2.884648E-08	-1.515509E-07	
174	-2.413595E-08	-1.519157E-07	
175	-1.937531E-08	-1.522345E-07	
176	-1.457165E-08	-1.524951E-07	
177	-9.734032E-09	-1.526879E-07	
178	-4.872991E-09	-1.528063E-07	
179	1.061028E-15	-1.528462E-07	
180	4.872993E-09	-1.528063E-07	
181	9.734034E-09	-1.526879E-07	
182	1.457165E-08	-1.524951E-07	
183	1.937531E-08	-1.522345E-07	
184	2.413595E-08	-1.519157E-07	
185	2.884648E-08	-1.515509E-07	
186	3.350236E-08	-1.511556E-07	
187	3.810224E-08	-1.507482E-07	
188	4.264872E-08	-1.503508E-07	
189	4.714918E-08	-1.499896E-07	
190	5.161691E-08	-1.496953E-07	
191	5.607247E-08	-1.495046E-07	
192	6.054560E-08	-1.494615E-07	
193	6.507776E-08	-1.496198E-07	
194	6.972589E-08	-1.500470E-07	
195	7.456798E-08	-1.508307E-07	
196	7.971158E-08	-1.520890E-07	
197	8.530745E-08	-1.539878E-07	
198	9.157164E-08	-1.567733E-07	
199	9.882159E-08	-1.608317E-07	
200	1.075339E-07	-1.668105E-07	
201	1.184143E-07	-1.758425E-07	
202	1.324236E-07	-1.901644E-07	
203	1.496576E-07	-2.131651E-07	
204	1.686317E-07	-2.478080E-07	
205	-2.066704E-07	-3.090212E-07	
206	-1.887453E-07	-2.770112E-07	
207	-1.714329E-07	-2.531250E-07	
208	-1.560546E-07	-2.363505E-07	
209	-1.429601E-07	-2.248241E-07	
210	-1.318958E-07	-2.168792E-07	
211	-1.223913E-07	-2.113518E-07	
212	-1.140322E-07	-2.075053E-07	
213	-1.064955E-07	-2.048613E-07	
214	-9.953991E-08	-2.031000E-07	
215	-9.298597E-08	-2.019988E-07	
216	-8.670024E-08	-2.013965E-07	
217	-8.058304E-08	-2.011717E-07	
218	-7.456000E-08	-2.012302E-07	
219	-6.857596E-08	-2.014965E-07	
220	-6.259070E-08	-2.019088E-07	
221	-5.657586E-08	-2.024155E-07	
222	-5.051256E-08	-2.029733E-07	
223	-4.438968E-08	-2.035454E-07	
224	-3.820244E-08	-2.041007E-07	
225	-3.195123E-08	-2.046131E-07	
226	-2.564067E-08	-2.050610E-07	
227	-1.927877E-08	-2.054271E-07	
228	-1.287612E-08	-2.056980E-07	
229	-6.445267E-09	-2.058643E-07	
230	1.475276E-15	-2.059204E-07	
231	6.445270E-09	-2.058643E-07	
232	1.287612E-08	-2.056980E-07	
233	1.927877E-08	-2.054271E-07	
234	2.564068E-08	-2.050610E-07	
235	3.195123E-08	-2.046131E-07	
236	3.820244E-08	-2.041007E-07	
237	4.438968E-08	-2.035454E-07	
238	5.051256E-08	-2.029733E-07	
239	5.657586E-08	-2.024155E-07	
240	6.259071E-08	-2.019088E-07	
241	6.857596E-08	-2.014965E-07	
242	7.456001E-08	-2.012302E-07	
243	8.058305E-08	-2.011717E-07	
244	8.670024E-08	-2.013965E-07	
245	9.298598E-08	-2.019988E-07	
246	9.953992E-08	-2.031000E-07	
247	1.064955E-07	-2.048613E-07	
248	1.140322E-07	-2.075053E-07	
249	1.223913E-07	-2.113518E-07	
250	1.318959E-07	-2.168792E-07	
251	1.429601E-07	-2.248241E-07	
252	1.560546E-07	-2.363505E-07	
253	1.714329E-07	-2.531250E-07	
254	1.887453E-07	-2.770112E-07	
255	2.066704E-07	-3.090212E-07	
256	-2.406981E-07	-3.669028E-07	
257	-2.235175E-07	-3.373757E-07	
258	-2.065088E-07	-3.138326E-07	
259	-1.905968E-07	-2.959959E-07	
260	-1.762638E-07	-2.829034E-07	
261	-1.635500E-07	-2.734411E-07	
262	-1.522527E-07	-2.666598E-07	
263	-1.420900E-07	-2.618489E-07	
264	-1.327946E-07	-2.585017E-07	
265	-1.241405E-07	-2.562555E-07	
266	-1.159461E-07	-2.548461E-07	
267	-1.080683E-07	-2.540759E-07	
268	-1.003962E-07	-2.537928E-07	
269	-9.284428E-08	-2.538770E-07	
270	-8.534789E-08	-2.542313E-07	
271	-7.785891E-08	-2.547756E-07	
272	-7.034283E-08	-2.554430E-07	
273	-6.277619E-08	-2.561769E-07	
274	-5.514473E-08	-2.569291E-07	
275	-4.744176E-08	-2.576589E-07	
276	-3.966681E-08	-2.583322E-07	
277	-3.182455E-08	-2.589207E-07	
278	-2.392371E-08	-2.594016E-07	
279	-1.597624E-08	-2.597575E-07	
280	-7.996403E-09	-2.599759E-07	
281	1.927315E-15	-2.600495E-07	
282	7.996407E-09	-2.599759E-07	
283	1.597625E-08	-2.597575E-07	
284	2.392372E-08	-2.594016E-07	
285	3.182455E-08	-2.589207E-07	
286	3.966681E-08	-2.583322E-07	
287	4.744176E-08	-2.576589E-07	
288	5.514474E-08	-2.569291E-07	
289	6.277619E-08	-2.561769E-07	
290	7.034283E-08	-2.554430E-07	
291	7.785892E-08	-2.547756E-07	
292	8.534789E-08	-2.542313E-07	
293	9.284429E-08	-2.538770E-07	
294	1.003962E-07	-2.537928E-07	
295	1.080683E-07	-2.540759E-07	
296	1.159461E-07	-2.548461E-07	
297	1.241405E-07	-2.562555E-07	
298	1.327946E-07	-2.585017E-07	
299	1.420900E-07	-2.618489E-07	
300	1.522527E-07	-2.666598E-07	
301	1.635500E-07	-2.734411E-07	
302	1.762638E-07	-2.829034E-07	
303	1.905968E-07	-2.959959E-07	
304	2.065088E-07	-3.138327E-07	
305	2.235175E-07	-3.373757E-07	
306	2.406981E-07	-3.669028E-07	
307	-2.715037E-07	-4.224393E-07	
308	-2.549112E-07	-3.951492E-07	
309	-2.382603E-07	-3.724702E-07	
310	-2.222153E-07	-3.544200E-07	
311	-2.072107E-07	-3.405193E-07	
312	-1.934106E-07	-3.300652E-07	
313	-1.807714E-07	-3.223485E-07	
314	-1.691397E-07	-3.167619E-07	
315	-1.583252E-07	-3.128234E-07	
316	-1.481428E-07	-3.101613E-07	
317	-1.384288E-07	-3.084893E-07	
318	-1.290459E-07	-3.075844E-07	
319	-1.198824E-07	-3.072702E-07	
320	-1.108496E-07	-3.074041E-07	
321	-1.018782E-07	-3.078689E-07	
322	-9.291586E-08	-3.085670E-07	
323	-8.392436E-08	-3.094161E-07	
324	-7.487739E-08	-3.103460E-07	
325	-6.575868E-08	-3.112970E-07	
326	-5.656040E-08	-3.122186E-07	
327	-4.728176E-08	-3.130681E-07	
328	-3.792772E-08	-3.138101E-07	
329	-2.850797E-08	-3.144162E-07	
330	-1.903580E-08	-3.148646E-07	
331	-9.527221E-09	-3.151398E-07	
332	2.415365E-15	-3.152326E-07	
333	9.527226E-09	-3.151399E-07	
334	1.903580E-08	-3.148646E-07	
335	2.850797E-08	-3.144162E-07	
336	3.792773E-08	-3.138101E-07	
337	4.728176E-08	-3.130681E-07	
338	5.656041E-08	-3.122186E-07	
339	6.575869E-08	-3.112970E-07	
340	7.487739E-08	-3.103460E-07	
341	8.392437E-08	-3.094161E-07	
342	9.291587E-08	-3.085670E-07	
343	1.018782E-07	-3.078689E-07	
344	1.108496E-07	-3.074041E-07	
345	1.198825E-07	-3.072702E-07	
346	1.290459E-07	-3.075844E-07	
347	1.384288E-07	-3.084893E-07	
348	1.481428E-07	-3.101613E-07	
349	1.583252E-07	-3.128234E-07	
350	1.691397E-07	-3.167619E-07	
351	1.807714E-07	-3.223486E-07	
352	1.934106E-07	-3.300652E-07	
353	2.072107E-07	-3.405193E-07	
354	2.222153E-07	-3.544200E-07	
355	2.382603E-07	-3.724702E-07	
356	2.549112E-07	-3.951492E-07	
357	2.715037E-07	-4.224393E-07	
358	-2.996516E-07	-4.762073E-07	
359	-2.835267E-07	-4.509203E-07	
360	-2.672255E-07	-4.293248E-07	
361	-2.512230E-07	-4.115586E-07	
362	-2.358766E-07	-3.974028E-07	
363	-2.213776E-07	-3.864250E-07	
364	-2.077660E-07	-3.781185E-07	
365	-1.949776E-07	-3.719951E-07	
366	-1.828934E-07	-3.676282E-07	
367	-1.713760E-07	-3.646627E-07	
368	-1.602907E-07	-3.628088E-07	
369	-1.495164E-07	-3.618302E-07	
370	-1.389495E-07	-3.615331E-07	
371	-1.285043E-07	-3.617571E-07	
372	-1.181126E-07	-3.623678E-07	
373	-1.077214E-07	-3.632514E-07	
374	-9.729160E-08	-3.643108E-07	
375	-8.679611E-08	-3.654629E-07	
376	-7.621820E-08	-3.666366E-07	
377	-6.555001E-08	-3.677710E-07	
378	-5.479119E-08	-3.688148E-07	
379	-4.394765E-08	-3.697256E-07	
380	-3.303039E-08	-3.704691E-07	
381	-2.205440E-08	-3.710188E-07	
382	-1.103764E-08	-3.713561E-07	
383	2.936852E-15	-3.714698E-07	
384	1.103764E-08	-3.713561E-07	
385	2.205441E-08	-3.710189E-07	
386	3.303040E-08	-3.704691E-07	
387	4.394766E-08	-3.697256E-07	
388	5.479120E-08	-3.688148E-07	
389	6.555002E-08	-3.677710E-07	
390	7.621821E-08	-3.666366E-07	
391	8.679612E-08	-3.654629E-07	
392	9.729161E-08	-3.643108E-07	
393	1.077214E-07	-3.632514E-07	
394	1.181126E-07	-3.623678E-07	
395	1.285043E-07	-3.617571E-07	
396	1.389495E-07	-3.615331E-07	
397	1.495164E-07	-3.618302E-07	
398	1.602907E-07	-3.628088E-07	
399	1.713760E-07	-3.646627E-07	
400	1.828934E-07	-3.676282E-07	
401	1.949776E-07	-3.719951E-07	
402	2.077660E-07	-3.781185E-07	
403	2.213776E-07	-3.864250E-07	
404	2.358766E-07	-3.974028E-07	
405	2.512230E-07	-4.115586E-07	
406	2.672256E-07	-4.293248E-07	
407	2.835267E-07	-4.509203E-07	
408	2.996516E-07	-4.762074E-07	
409	-3.255438E-07	-5.285785E-07	
410	-3.098042E-07	-5.050869E-07	
411	-2.938243E-07	-4.846554E-07	
412	-2.779446E-07	-4.674663E-07	
413	-2.624450E-07	-4.534410E-07	
414	-2.475048E-07	-4.423190E-07	
415	-2.331984E-07	-4.337443E-07	
416	-2.195157E-07	-4.273360E-07	
417	-2.063910E-07	-4.227312E-07	
418	-1.937302E-07	-4.196058E-07	
419	-1.814303E-07	-4.176792E-07	
420	-1.693911E-07	-4.167123E-07	
421	-1.575227E-07	-4.165014E-07	
422	-1.457477E-07	-4.168730E-07	
423	-1.340027E-07	-4.176788E-07	
424	-1.222379E-07	-4.187907E-07	
425	-1.104161E-07	-4.200984E-07	
426	-9.851132E-08	-4.215064E-07	
427	-8.650819E-08	-4.229322E-07	
428	-7.440007E-08	-4.243053E-07	
429	-6.218808E-08	-4.255657E-07	
430	-4.987982E-08	-4.266636E-07	
431	-3.748824E-08	-4.275588E-07	
432	-2.503052E-08	-4.282202E-07	
433	-1.252698E-08	-4.286258E-07	
434	3.489733E-15	-4.287624E-07	
435	1.252698E-08	-4.286258E-07	
436	2.503053E-08	-4.282202E-07	
437	3.748825E-08	-4.275588E-07	
438	4.987983E-08	-4.266636E-07	
439	6.218809E-08	-4.255657E-07	
440	7.440008E-08	-4.243053E-07	
441	8.650820E-08	-4.229322E-07	
442	9.851133E-08	-4.215064E-07	
443	1.104161E-07	-4.200984E-07	
444	1.222380E-07	-4.187907E-07	
445	1.340027E-07	-4.176788E-07	
446	1.457477E-07	-4.168730E-07	
447	1.575227E-07	-4.165014E-07	
448	1.693911E-07	-4.167123E-07	
449	1.814303E-07	-4.176792E-07	
450	1.937302E-07	-4.196058E-07	
451	2.063910E-07	-4.227312E-07	
452	2.195157E-07	-4.273360E-07	
453	2.331984E-07	-4.337444E-07	
454	2.475048E-07	-4.423190E-07	
455	2.624450E-07	-4.534410E-07	
456	2.779446E-07	-4.674663E-07	
457	2.938243E-07	-4.846555E-07	
458	3.098042E-07	-5.050869E-07	
459	3.255438E-07	-5.285785E-07	
460	-3.494906E-07	-5.797997E-07	
461	-3.340785E-07	-5.579230E-07	
462	-3.183912E-07	-5.386699E-07	
463	-3.026703E-07	-5.222316E-07	
464	-2.871280E-07	-5.086045E-07	
465	-2.719163E-07	-4.976340E-07	
466	-2.571170E-07	-4.890704E-07	
467	-2.427479E-07	-4.826183E-07	
468	-2.287791E-07	-4.779743E-07	
469	-2.151505E-07	-4.748494E-07	
470	-2.017873E-07	-4.729797E-07	
471	-1.886114E-07	-4.721297E-07	
472	-1.755487E-07	-4.720920E-07	
473	-1.625333E-07	-4.726847E-07	
474	-1.495097E-07	-4.737483E-07	
475	-1.364339E-07	-4.751431E-07	
476	-1.232726E-07	-4.767468E-07	
477	-1.100035E-07	-4.784524E-07	
478	-9.661392E-08	-4.801669E-07	
479	-8.309973E-08	-4.818101E-07	
480	-6.946464E-08	-4.833136E-07	
481	-5.571884E-08	-4.846203E-07	
482	-4.187798E-08	-4.856842E-07	
483	-2.796204E-08	-4.864694E-07	
484	-1.399425E-08	-4.869506E-07	
485	4.075248E-15	-4.871127E-07	
486	1.399426E-08	-4.869506E-07	
487	2.796205E-08	-4.864694E-07	
488	4.187799E-08	-4.856842E-07	
489	5.571885E-08	-4.846203E-07	
490	6.946465E-08	-4.833136E-07	
491	8.309974E-08	-4.818101E-07	
492	9.661392E-08	-4.801669E-07	
493	1.100036E-07	-4.784524E-07	
494	1.232726E-07	-4.767468E-07	
495	1.364339E-07	-4.751431E-07	
496	1.495097E-07	-4.737483E-07	
497	1.625333E-07	-4.726847E-07	
498	1.755487E-07	-4.720920E-07	
499	1.886114E-07	-4.721297E-07	
500	2.017873E-07	-4.729797E-07	
501	2.151505E-07	-4.748494E-07	
502	2.287791E-07	-4.779743E-07	
503	2.427480E-07	-4.826183E-07	
504	2.571170E-07	-4.890704E-07	
505	2.719164E-07	-4.976341E-07	
506	2.871280E-07	-5.086045E-07	
507	3.026704E-07	-5.222316E-07	
508	3.183913E-07	-5.386699E-07	
509	3.340785E-07	-5.579230E-07	
510	3.494907E-07	-5.797997E-07	
511	-3.717397E-07	-6.300361E-07	
512	-3.566154E-07	-6.096185E-07	
513	-3.411970E-07	-5.915264E-07	
514	-3.256510E-07	-5.759430E-07	
515	-3.101327E-07	-5.629016E-07	
516	-2.947626E-07	-5.523117E-07	
517	-2.796155E-07	-5.439944E-07	
518	-2.647207E-07	-5.377185E-07	
519	-2.500691E-07	-5.332299E-07	
520	-2.356251E-07	-5.302723E-07	
521	-2.213370E-07	-5.286007E-07	
522	-2.071465E-07	-5.279873E-07	
523	-1.929954E-07	-5.282247E-07	
524	-1.788305E-07	-5.291256E-07	
525	-1.646060E-07	-5.305224E-07	
526	-1.502853E-07	-5.322657E-07	
527	-1.358413E-07	-5.342227E-07	
528	-1.212566E-07	-5.362760E-07	
529	-1.065226E-07	-5.383227E-07	
530	-9.163913E-08	-5.402732E-07	
531	-7.661349E-08	-5.420512E-07	
532	-6.145939E-08	-5.435925E-07	
533	-4.619595E-08	-5.448449E-07	
534	-3.084669E-08	-5.457682E-07	
535	-1.543838E-08	-5.463336E-07	
536	4.692011E-15	-5.465239E-07	
537	1.543839E-08	-5.463336E-07	
538	3.084670E-08	-5.457682E-07	
539	4.619596E-08	-5.448449E-07	
540	6.145940E-08	-5.435925E-07	
541	7.661350E-08	-5.420512E-07	
542	9.163914E-08	-5.402732E-07	
543	1.065226E-07	-5.383227E-07	
544	1.212566E-07	-5.362760E-07	
545	1.358413E-07	-5.342227E-07	
546	1.502853E-07	-5.322658E-07	
547	1.646060E-07	-5.305224E-07	
548	1.788305E-07	-5.291256E-07	
549	1.929954E-07	-5.282247E-07	
550	2.071465E-07	-5.279873E-07	
551	2.213370E-07	-5.286007E-07	
552	2.356251E-07	-5.302723E-07	
553	2.500691E-07	-5.332299E-07	
554	2.647207E-07	-5.377185E-07	
555	2.796155E-07	-5.439944E-07	
556	2.947626E-07	-5.523117E-07	
557	3.101327E-07	-5.629017E-07	
558	3.256510E-07	-5.759430E-07	
559	3.411970E-07	-5.915264E-07	
560	3.566154E-07	-6.096185E-07	
561	3.717397E-07	-6.300361E-07	
562	-3.924933E-07	-6.793956E-07	
563	-3.776310E-07	-6.603029E-07	
564	-3.624640E-07	-6.433409E-07	
565	-3.471006E-07	-6.286758E-07	
566	-3.316484E-07	-6.163553E-07	
567	-3.161969E-07	-6.063248E-07	
568	-3.008070E-07	-5.984510E-07	
569	-2.855090E-07	-5.925477E-07	
570	-2.703047E-07	-5.883984E-07	
571	-2.551741E-07	-5.857744E-07	
572	-2.400828E-07	-5.844479E-07	
573	-2.249892E-07	-5.842000E-07	
574	-2.098497E-07	-5.848249E-07	
575	-1.946235E-07	-5.861326E-07	
576	-1.792752E-07	-5.879491E-07	
577	-1.637767E-07	-5.901168E-07	
578	-1.481083E-07	-5.924936E-07	
579	-1.322585E-07	-5.949528E-07	
580	-1.162242E-07	-5.973821E-07	
581	-1.000102E-07	-5.996835E-07	
582	-8.362838E-08	-6.017723E-07	
583	-6.709677E-08	-6.035777E-07	
584	-5.043884E-08	-6.050417E-07	
585	-3.368235E-08	-6.061194E-07	
586	-1.685833E-08	-6.067788E-07	
587	5.335322E-15	-6.070007E-07	
588	1.685834E-08	-6.067788E-07	
589	3.368236E-08	-6.061194E-07	
590	5.043885E-08	-6.050417E-07	
591	6.709678E-08	-6.035777E-07	
592	8.362840E-08	-6.017723E-07	
593	1.000103E-07	-5.996835E-07	
594	1.162242E-07	-5.973821E-07	
595	1.322585E-07	-5.949528E-07	
596	1.481083E-07	-5.924936E-07	
597	1.637767E-07	-5.901168E-07	
598	1.792752E-07	-5.879491E-07	
599	1.946235E-07	-5.861326E-07	
600	2.098497E-07	-5.848249E-07	
601	2.249892E-07	-5.842000E-07	
602	2.400828E-07	-5.844479E-07	
603	2.551741E-07	-5.857744E-07	
604	2.703047E-07	-5.883984E-07	
605	2.855090E-07	-5.925478E-07	
606	3.008070E-07	-5.984511E-07	
607	3.161969E-07	-6.063248E-07	
608	3.316484E-07	-6.163553E-07	
609	3.471007E-07	-6.286758E-07	
610	3.624640E-07	-6.433409E-07	
611	3.776310E-07	-6.603029E-07	
612	3.924933E-07	-6.793956E-07	
613	-4.119195E-07	-7.279433E-07	
614	-3.973038E-07	-7.100611E-07	
615	-3.823772E-07	-6.941947E-07	
616	-3.672013E-07	-6.804881E-07	
617	-3.518436E-07	-6.689896E-07	
618	-3.363646E-07	-6.596618E-07	
619	-3.208090E-07	-6.523984E-07	
620	-3.052017E-07	-6.470424E-07	
621	-2.895481E-07	-6.434039E-07	
622	-2.738376E-07	-6.412751E-07	
623	-2.580479E-07	-6.404423E-07	
624	-2.421503E-07	-6.406941E-07	
625	-2.261139E-07	-6.418270E-07	
626	-2.099092E-07	-6.436488E-07	
627	-1.935112E-07	-6.459806E-07	
628	-1.769007E-07	-6.486574E-07	
629	-1.600657E-07	-6.515291E-07	
630	-1.430018E-07	-6.544601E-07	
631	-1.257122E-07	-6.573295E-07	
632	-1.082074E-07	-6.600308E-07	
633	-9.050463E-08	-6.624719E-07	
634	-7.262733E-08	-6.645751E-07	
635	-5.460397E-08	-6.662768E-07	
636	-3.646729E-08	-6.675276E-07	
637	-1.825325E-08	-6.682922E-07	
638	5.994906E-15	-6.685494E-07	
639	1.825326E-08	-6.682922E-07	
640	3.646730E-08	-6.675276E-07	
641	5.460398E-08	-6.662768E-07	
642	7.262734E-08	-6.645751E-07	
643	9.050464E-08	-6.624719E-07	
644	1.082074E-07	-6.600308E-07	
645	1.257122E-07	-6.573295E-07	
646	1.430018E-07	-6.544601E-07	
647	1.600658E-07	-6.515291E-07	
648	1.769008E-07	-6.486574E-07	
649	1.935112E-07	-6.459806E-07	
650	2.099093E-07	-6.436488E-07	
651	2.261139E-07	-6.418270E-07	
652	2.421503E-07	-6.406941E-07	
653	2.580479E-07	-6.404423E-07	
654	2.738376E-07	-6.412751E-07	
655	2.895481E-07	-6.434039E-07	
656	3.052017E-07	-6.470424E-07	
657	3.208090E-07	-6.523984E-07	
658	3.363646E-07	-6.596618E-07	
659	3.518436E-07	-6.689896E-07	
660	3.672013E-07	-6.804881E-07	
661	3.823772E-07	-6.941947E-07	
662	3.973038E-07	-7.100611E-07	
663	4.119195E-07	-7.279433E-07	
664	-4.301580E-07	-7.757110E-07	
665	-4.157821E-07	-7.589431E-07	
666	-4.010908E-07	-7.441397E-07	
667	-3.861072E-07	-7.314201E-07	
668	-3.708650E-07	-7.208236E-07	
669	-3.553983E-07	-7.123176E-07	
670	-3.397347E-07	-7.058086E-07	
671	-3.238904E-07	-7.011567E-07	
672	-3.078702E-07	-6.981886E-07	
673	-2.916676E-07	-6.967107E-07	
674	-2.752683E-07	-6.965191E-07	
675	-2.586533E-07	-6.974077E-07	
676	-2.418020E-07	-6.991743E-07	
677	-2.246949E-07	-7.016246E-07	
678	-2.073166E-07	-7.045747E-07	
679	-1.896567E-07	-7.078533E-07	
680	-1.717113E-07	-7.113025E-07	
681	-1.534833E-07	-7.147783E-07	
682	-1.349830E-07	-7.181515E-07	
683	-1.162271E-07	-7.213077E-07	
684	-9.723922E-08	-7.241473E-07	
685	-7.804857E-08	-7.265860E-07	
686	-5.868943E-08	-7.285547E-07	
687	-3.920021E-08	-7.299994E-07	
688	-1.962249E-08	-7.308817E-07	
689	6.664670E-15	-7.311783E-07	
690	1.962251E-08	-7.308817E-07	
691	3.920022E-08	-7.299994E-07	
692	5.868944E-08	-7.285547E-07	
693	7.804858E-08	-7.265860E-07	
694	9.723923E-08	-7.241473E-07	
695	1.162271E-07	-7.213077E-07	
696	1.349830E-07	-7.181515E-07	
697	1.534834E-07	-7.147783E-07	
698	1.717113E-07	-7.113025E-07	
699	1.896567E-07	-7.078534E-07	
700	2.073166E-07	-7.045747E-07	
701	2.246949E-07	-7.016246E-07	
702	2.418020E-07	-6.991743E-07	
703	2.586534E-07	-6.974077E-07	
704	2.752684E-07	-6.965191E-07	
705	2.916676E-07	-6.967107E-07	
706	3.078702E-07	-6.981887E-07	
707	3.238904E-07	-7.011567E-07	
708	3.397347E-07	-7.058086E-07	
709	3.553984E-07	-7.123176E-07	
710	3.708650E-07	-7.208237E-07	
711	3.861072E-07	-7.314201E-07	
712	4.010908E-07	-7.441398E-07	
713	4.157821E-07	-7.589431E-07	
714	4.301580E-07	-7.757111E-07	
715	-4.473249E-07	-8.227043E-07	
716	-4.331891E-07	-8.069711E-07	
717	-4.187333E-07	-7.932041E-07	
718	-4.039484E-07	-7.814953E-07	
719	-3.888389E-07	-7.718689E-07	
720	-3.734153E-07	-7.642876E-07	
721	-3.576881E-07	-7.586611E-07	
722	-3.416639E-07	-7.548563E-07	
723	-3.253431E-07	-7.527084E-07	
724	-3.087207E-07	-7.520313E-07	
725	-2.917868E-07	-7.526264E-07	
726	-2.745292E-07	-7.542901E-07	
727	-2.569354E-07	-7.568197E-07	
728	-2.389947E-07	-7.600180E-07	
729	-2.207000E-07	-7.636959E-07	
730	-2.020494E-07	-7.676756E-07	
731	-1.830470E-07	-7.717914E-07	
732	-1.637033E-07	-7.758914E-07	
733	-1.440357E-07	-7.798383E-07	
734	-1.240681E-07	-7.835096E-07	
735	-1.038307E-07	-7.867986E-07	
736	-8.335908E-08	-7.896144E-07	
737	-6.269405E-08	-7.918823E-07	
738	-4.188030E-08	-7.935440E-07	
739	-2.096564E-08	-7.945578E-07	
740	7.354962E-15	-7.948985E-07	
741	2.096565E-08	-7.945578E-07	
742	4.188031E-08	-7.935440E-07	
743	6.269407E-08	-7.918823E-07	
744	8.335909E-08	-7.896144E-07	
745	1.038307E-07	-7.867986E-07	
746	1.240682E-07	-7.835096E-07	
747	1.440358E-07	-7.798383E-07	
748	1.637033E-07	-7.758914E-07	
749	1.830470E-07	-7.717914E-07	
750	2.020494E-07	-7.676756E-07	
751	2.207000E-07	-7.636959E-07	
752	2.389947E-07	-7.600180E-07	
753	2.569354E-07	-7.568198E-07	
754	2.745293E-07	-7.542901E-07	
755	2.917868E-07	-7.526264E-07	
756	3.087207E-07	-7.520313E-07	
757	3.253432E-07	-7.527084E-07	
758	3.416639E-07	-7.548563E-07	
759	3.576881E-07	-7.586611E-07	
760	3.734153E-07	-7.642876E-07	
761	3.888389E-07	-7.718689E-07	
762	4.039484E-07	-7.814953E-07	
763	4.187334E-07	-7.932041E-07	
764	4.331891E-07	-8.069711E-07	
765	4.473249E-07	-8.227043E-07	
766	-4.635153E-07	-8.689061E-07	
767	-4.496259E-07	-8.541444E-07	
768	-4.354107E-07	-8.413952E-07	
769	-4.208329E-07	-8.307213E-07	
770	-4.058716E-07	-8.221274E-07	
771	-3.905164E-07	-8.155649E-07	
772	-3.747616E-07	-8.109383E-07	
773	-3.586031E-07	-8.081139E-07	
774	-3.420358E-07	-8.069284E-07	
775	-3.250533E-07	-8.071972E-07	
776	-3.076480E-07	-8.087226E-07	
777	-2.898123E-07	-8.113003E-07	
778	-2.715397E-07	-8.147250E-07	
779	-2.528267E-07	-8.187948E-07	
780	-2.336739E-07	-8.233152E-07	
781	-2.140871E-07	-8.281009E-07	
782	-1.940779E-07	-8.329785E-07	
783	-1.736646E-07	-8.377880E-07	
784	-1.528718E-07	-8.423838E-07	
785	-1.317308E-07	-8.466355E-07	
786	-1.102787E-07	-8.504292E-07	
787	-8.855833E-08	-8.536674E-07	
788	-6.661727E-08	-8.562698E-07	
789	-4.450709E-08	-8.581737E-07	
790	-2.228243E-08	-8.593341E-07	
791	8.072298E-15	-8.597239E-07	
792	2.228244E-08	-8.593341E-07	
793	4.450711E-08	-8.581737E-07	
794	6.661729E-08	-8.562698E-07	
795	8.855835E-08	-8.536674E-07	
796	1.102787E-07	-8.504292E-07	
797	1.317308E-07	-8.466355E-07	
798	1.528718E-07	-8.423838E-07	
799	1.736646E-07	-8.377880E-07	
800	1.940779E-07	-8.329785E-07	
801	2.140871E-07	-8.281009E-07	
802	2.336740E-07	-8.233152E-07	
803	2.528267E-07	-8.187949E-07	
804	2.715397E-07	-8.147250E-07	
805	2.898123E-07	-8.113003E-07	
806	3.076480E-07	-8.087226E-07	
807	3.250533E-07	-8.071972E-07	
808	3.420358E-07	-8.069284E-07	
809	3.586031E-07	-8.081139E-07	
810	3.747616E-07	-8.109383E-07	
811	3.905164E-07	-8.155649E-07	
812	4.058716E-07	-8.221275E-07	
813	4.208329E-07	-8.307213E-07	
814	4.354107E-07	-8.413952E-07	
815	4.496259E-07	-8.541444E-07	
816	4.635153E-07	-8.689061E-07	
817	-4.788050E-07	-9.142804E-07	
818	-4.651734E-07	-9.004430E-07	
819	-4.512083E-07	-8.887028E-07	
820	-4.368484E-07	-8.790921E-07	
821	-4.220510E-07	-8.715922E-07	
822	-4.067863E-07	-8.661379E-07	
823	-3.910339E-07	-8.626227E-07	
824	-3.747789E-07	-8.609061E-07	
825	-3.580098E-07	-8.608200E-07	
826	-3.407174E-07	-8.621765E-07	
827	-3.228946E-07	-8.647745E-07	
828	-3.045364E-07	-8.684056E-07	
829	-2.856410E-07	-8.728594E-07	
830	-2.662108E-07	-8.779282E-07	
831	-2.462528E-07	-8.834100E-07	
832	-2.257798E-07	-8.891118E-07	
833	-2.048108E-07	-8.948519E-07	
834	-1.833714E-07	-9.004615E-07	
835	-1.614937E-07	-9.057865E-07	
836	-1.392162E-07	-9.106887E-07	
837	-1.165837E-07	-9.150465E-07	
838	-9.364632E-08	-9.187559E-07	
839	-7.045889E-08	-9.217309E-07	
840	-4.708037E-08	-9.239042E-07	
841	-2.357272E-08	-9.252276E-07	
842	8.815656E-15	-9.256720E-07	
843	2.357274E-08	-9.252276E-07	
844	4.708039E-08	-9.239042E-07	
845	7.045891E-08	-9.217309E-07	
846	9.364634E-08	-9.187559E-07	
847	1.165838E-07	-9.150465E-07	
848	1.392163E-07	-9.106887E-07	
849	1.614937E-07	-9.057865E-07	
850	1.833714E-07	-9.004615E-07	
851	2.048108E-07	-8.948519E-07	
852	2.257798E-07	-8.891118E-07	
853	2.462528E-07	-8.834100E-07	
854	2.662108E-07	-8.779282E-07	
855	2.856411E-07	-8.728595E-07	
856	3.045364E-07	-8.684056E-07	
857	3.228946E-07	-8.647745E-07	
858	3.407174E-07	-8.621765E-07	
859	3.580098E-07	-8.608200E-07	
860	3.747789E-07	-8.609061E-07	
861	3.910339E-07	-8.626227E-07	
862	4.067863E-07	-8.661379E-07	
863	4.220510E-07	-8.715922E-07	
864	4.368484E-07	-8.790921E-07	
865	4.512083E-07	-8.887029E-07	
866	4.651734E-07	-9.004430E-07	
867	4.788050E-07	-9.142804E-07	
868	-4.932514E-07	-9.587747E-07	
869	-4.798937E-07	-9.458301E-07	
870	-4.661920E-07	-9.351014E-07	
871	-4.520637E-07	-9.265886E-07	
872	-4.374462E-07	-9.202467E-07	
873	-4.222928E-07	-9.159897E-07	
874	-4.065692E-07	-9.136954E-07	
875	-3.902502E-07	-9.132108E-07	
876	-3.733174E-07	-9.143585E-07	
877	-3.557581E-07	-9.169428E-07	
878	-3.375642E-07	-9.207551E-07	
879	-3.187322E-07	-9.255800E-07	
880	-2.992637E-07	-9.311995E-07	
881	-2.791655E-07	-9.373977E-07	
882	-2.584503E-07	-9.439641E-07	
883	-2.371373E-07	-9.506968E-07	
884	-2.152524E-07	-9.574047E-07	
885	-1.928280E-07	-9.639099E-07	
886	-1.699039E-07	-9.700495E-07	
887	-1.465259E-07	-9.756767E-07	
888	-1.227464E-07	-9.806620E-07	
889	-9.862312E-08	-9.848948E-07	
890	-7.421875E-08	-9.882831E-07	
891	-4.959993E-08	-9.907551E-07	
892	-2.483640E-08	-9.922590E-07	
893	9.581550E-15	-9.927638E-07	
894	2.483642E-08	-9.922590E-07	
895	4.959995E-08	-9.907551E-07	
896	7.421877E-08	-9.882831E-07	
897	9.862314E-08	-9.848948E-07	
898	1.227464E-07	-9.806620E-07	
899	1.465259E-07	-9.756767E-07	
900	1.699039E-07	-9.700495E-07	
901	1.928281E-07	-9.639100E-07	
902	2.152524E-07	-9.574047E-07	
903	2.371374E-07	-9.506968E-07	
904	2.584503E-07	-9.439642E-07	
905	2.791655E-07	-9.373977E-07	
906	2.992637E-07	-9.311995E-07	
907	3.187322E-07	-9.255800E-07	
908	3.375642E-07	-9.207551E-07	
909	3.557581E-07	-9.169428E-07	
910	3.733175E-07	-9.143585E-07	
911	3.902502E-07	-9.132108E-07	
912	4.065692E-07	-9.136954E-07	
913	4.222928E-07	-9.159897E-07	
914	4.374462E-07	-9.202467E-07	
915	4.520637E-07	-9.265886E-07	
916	4.661920E-07	-9.351014E-07	
917	4.798937E-07	-9.458301E-07	
918	4.932514E-07	-9.587747E-07	
919	-5.068943E-07	-1.002321E-06	
920	-4.938307E-07	-9.902540E-07	
921	-4.804096E-07	-9.805518E-07	
922	-4.665289E-07	-9.731803E-07	
923	-4.521086E-07	-9.680657E-07	
924	-4.370868E-07	-9.650977E-07	
925	-4.214164E-07	-9.641341E-07	
926	-4.050625E-07	-9.650057E-07	
927	-3.879997E-07	-9.675213E-07	
928	-3.702112E-07	-9.714732E-07	
929	-3.516871E-07	-9.766424E-07	
930	-3.324247E-07	-9.828029E-07	
931	-3.124274E-07	-9.897270E-07	
932	-2.917060E-07	-9.971885E-07	
933	-2.702779E-07	-1.004967E-06	
934	-2.481679E-07	-1.012849E-06	
935	-2.254081E-07	-1.020635E-06	
936	-2.020380E-07	-1.028137E-06	
937	-1.781043E-07	-1.035181E-06	
938	-1.536605E-07	-1.041611E-06	
939	-1.287667E-07	-1.047291E-06	
940	-1.034884E-07	-1.052103E-06	
941	-7.789640E-08	-1.055948E-06	
942	-5.206537E-08	-1.058750E-06	
943	-2.607323E-08	-1.060453E-06	
944	1.037071E-14	-1.061024E-06	
945	2.607325E-08	-1.060453E-06	
946	5.206539E-08	-1.058750E-06	
947	7.789642E-08	-1.055948E-06	
948	1.034884E-07	-1.052103E-06	
949	1.287667E-07	-1.047291E-06	
950	1.536606E-07	-1.041611E-06	
951	1.781043E-07	-1.035181E-06	
952	2.020380E-07	-1.028137E-06	
953	2.254081E-07	-1.020635E-06	
954	2.481679E-07	-1.012850E-06	
955	2.702779E-07	-1.004967E-06	
956	2.917060E-07	-9.971885E-07	
957	3.124275E-07	-9.897270E-07	
958	3.324247E-07	-9.828029E-07	
959	3.516872E-07	-9.766424E-07	
960	3.702112E-07	-9.714733E-07	
961	3.879997E-07	-9.675213E-07	
962	4.050625E-07	-9.650057E-07	
963	4.214165E-07	-9.641342E-07	
964	4.370869E-07	-9.650978E-07	
965	4.521087E-07	-9.680658E-07	
966	4.665289E-07	-9.731804E-07	
967	4.804096E-07	-9.805518E-07	
968	4.938307E-07	-9.902541E-07	
969	5.068943E-07	-1.002321E-06	
970	-5.197557E-07	-1.044839E-06	
971	-5.070102E-07	-1.033650E-06	
972	-4.938900E-07	-1.025003E-06	
973	-4.802757E-07	-1.018826E-06	
974	-4.660716E-07	-1.015016E-06	
975	-4.512021E-07	-1.013433E-06	
976	-4.356084E-07	-1.013914E-06	
977	-4.192466E-07	-1.016267E-06	
978	-4.020847E-07	-1.020286E-06	
979	-3.841013E-07	-1.025747E-06	
980	-3.652845E-07	-1.032417E-06	
981	-3.456309E-07	-1.040058E-06	
982	-3.251459E-07	-1.048428E-06	
983	-3.038427E-07	-1.057291E-06	
984	-2.817428E-07	-1.066412E-06	
985	-2.588762E-07	-1.075568E-06	
986	-2.352807E-07	-1.084547E-06	
987	-2.110024E-07	-1.093149E-06	
988	-1.860949E-07	-1.101192E-06	
989	-1.606194E-07	-1.108509E-06	
990	-1.346435E-07	-1.114955E-06	
991	-1.082410E-07	-1.120404E-06	
992	-8.149070E-08	-1.124752E-06	
993	-5.447583E-08	-1.127916E-06	
994	-2.728274E-08	-1.129838E-06	
995	1.118331E-14	-1.130483E-06	
996	2.728276E-08	-1.129838E-06	
997	5.447586E-08	-1.127916E-06	
998	8.149072E-08	-1.124752E-06	
999	1.082410E-07	-1.120404E-06	
1000	1.346435E-07	-1.114955E-06	
1001	1.606194E-07	-1.108509E-06	
1002	1.860950E-07	-1.101192E-06	
1003	2.110024E-07	-1.093149E-06	
1004	2.352807E-07	-1.084547E-06	
1005	2.588762E-07	-1.075569E-06	
1006	2.817428E-07	-1.066412E-06	
1007	3.038427E-07	-1.057291E-06	
1008	3.251459E-07	-1.048428E-06	
1009	3.456310E-07	-1.040058E-06	
1010	3.652845E-07	-1.032417E-06	
1011	3.841013E-07	-1.025747E-06	
1012	4.020847E-07	-1.020286E-06	
1013	4.192467E-07	-1.016267E-06	
1014	4.356085E-07	-1.013914E-06	
1015	4.512021E-07	-1.013433E-06	
1016	4.660717E-07	-1.015016E-06	
1017	4.802757E-07	-1.018826E-06	
1018	4.938900E-07	-1.025003E-06	
1019	5.070102E-07	-1.033650E-06	
1020	5.197557E-07	-1.044839E-06	
1021	-5.318396E-07	-1.086234E-06	
1022	-5.194397E-07	-1.075942E-06	
1023	-5.066439E-07	-1.068392E-06	
1024	-4.933173E-07	-1.063476E-06	
1025	-4.793502E-07	-1.061055E-06	
1026	-4.646545E-07	-1.060962E-06	
1027	-4.491613E-07	-1.063004E-06	
1028	-4.328181E-07	-1.066970E-06	
1029	-4.155864E-07	-1.072631E-06	
1030	-3.974406E-07	-1.079745E-06	
1031	-3.783661E-07	-1.088063E-06	
1032	-3.583587E-07	-1.097331E-06	
1033	-3.374244E-07	-1.107294E-06	
1034	-3.155787E-07	-1.117698E-06	
1035	-2.928465E-07	-1.128298E-06	
1036	-2.692621E-07	-1.138857E-06	
1037	-2.448688E-07	-1.149148E-06	
1038	-2.197190E-07	-1.158960E-06	
1039	-1.938730E-07	-1.168100E-06	
1040	-1.673995E-07	-1.176391E-06	
1041	-1.403738E-07	-1.183677E-06	
1042	-1.128780E-07	-1.189825E-06	
1043	-8.499942E-08	-1.194724E-06	
1044	-5.682975E-08	-1.198286E-06	
1045	-2.846413E-08	-1.200448E-06	
1046	1.200546E-14	-1.201173E-06	
1047	2.846416E-08	-1.200448E-06	
1048	5.682977E-08	-1.198286E-06	
1049	8.499945E-08	-1.194724E-06	
1050	1.128781E-07	-1.189825E-06	
1051	1.403739E-07	-1.183677E-06	
1052	1.673995E-07	-1.176391E-06	
1053	1.938731E-07	-1.168100E-06	
1054	2.197190E-07	-1.158960E-06	
1055	2.448689E-07	-1.149148E-06	
1056	2.692621E-07	-1.138857E-06	
1057	2.928465E-07	-1.128298E-06	
1058	3.155787E-07	-1.117698E-06	
1059	3.374245E-07	-1.107294E-06	
1060	3.583588E-07	-1.097331E-06	
1061	3.783661E-07	-1.088063E-06	
1062	3.974407E-07	-1.079745E-06	
1063	4.155865E-07	-1.072631E-06	
1064	4.328181E-07	-1.066970E-06	
1065	4.491613E-07	-1.063004E-06	
1066	4.646545E-07	-1.060962E-06	
1067	4.793502E-07	-1.061055E-06	
1068	4.933174E-07	-1.063476E-06	
1069	5.066439E-07	-1.068392E-06	
1070	5.194397E-07	-1.075942E-06	
1071	5.318396E-07	-1.086234E-06	
1072	-5.431316E-07	-1.126402E-06	
1073	-5.311080E-07	-1.117042E-06	
1074	-5.186630E-07	-1.110647E-06	
1075	-5.056478E-07	-1.107070E-06	
1076	-4.919403E-07	-1.106136E-06	
1077	-4.774415E-07	-1.107643E-06	
1078	-4.620734E-07	-1.111372E-06	
1079	-4.457755E-07	-1.117085E-06	
1080	-4.285036E-07	-1.124530E-06	
1081	-4.102274E-07	-1.133446E-06	
1082	-3.909296E-07	-1.143564E-06	
1083	-3.706047E-07	-1.154611E-06	
1084	-3.492589E-07	-1.166315E-06	
1085	-3.269091E-07	-1.178408E-06	
1086	-3.035832E-07	-1.190627E-06	
1087	-2.793193E-07	-1.202721E-06	
1088	-2.541659E-07	-1.214448E-06	
1089	-2.281811E-07	-1.225586E-06	
1090	-2.014320E-07	-1.235926E-06	
1091	-1.739946E-07	-1.245282E-06	
1092	-1.459521E-07	-1.253487E-06	
1093	-1.173949E-07	-1.260399E-06	
1094	-8.841884E-08	-1.265899E-06	
1095	-5.912453E-08	-1.269896E-06	
1096	-2.961609E-08	-1.272320E-06	
1097	1.283298E-14	-1.273133E-06	
1098	2.961611E-08	-1.272320E-06	
1099	5.912455E-08	-1.269896E-06	
1100	8.841886E-08	-1.265899E-06	
1101	1.173949E-07	-1.260399E-06	
1102	1.459521E-07	-1.253487E-06	
1103	1.739946E-07	-1.245282E-06	
1104	2.014321E-07	-1.235926E-06	
1105	2.281811E-07	-1.225586E-06	
1106	2.541660E-07	-1.214448E-06	
1107	2.793194E-07	-1.202721E-06	
1108	3.035832E-07	-1.190627E-06	
1109	3.269091E-07	-1.178408E-06	
1110	3.492589E-07	-1.166315E-06	
1111	3.706047E-07	-1.154611E-06	
1112	3.909296E-07	-1.143564E-06	
1113	4.102274E-07	-1.133446E-06	
1114	4.285036E-07	-1.124530E-06	
1115	4.457755E-07	-1.117085E-06	
1116	4.620734E-07	-1.111372E-06	
1117	4.774416E-07	-1.107643E-06	
1118	4.919403E-07	-1.106136E-06	
1119	5.056479E-07	-1.107070E-06	
1120	5.186630E-07	-1.110647E-06	
1121	5.311080E-07	-1.117042E-06	
1122	5.431317E-07	-1.126402E-06	
1123	-5.535980E-07	-1.165226E-06	
1124	-5.419841E-07	-1.156853E-06	
1125	-5.299190E-07	-1.151688E-06	
1126	-5.172414E-07	-1.149543E-06	
1127	-5.038184E-07	-1.150202E-06	
1128	-4.895415E-07	-1.153431E-06	
1129	-4.743245E-07	-1.158979E-06	
1130	-4.581001E-07	-1.166581E-06	
1131	-4.408184E-07	-1.175960E-06	
1132	-4.224447E-07	-1.186830E-06	
1133	-4.029587E-07	-1.198903E-06	
1134	-3.823533E-07	-1.211885E-06	
1135	-3.606341E-07	-1.225486E-06	
1136	-3.378193E-07	-1.239418E-06	
1137	-3.139388E-07	-1.253403E-06	
1138	-2.890343E-07	-1.267170E-06	
1139	-2.631590E-07	-1.280464E-06	
1140	-2.363765E-07	-1.293046E-06	
1141	-2.087607E-07	-1.304695E-06	
1142	-1.803946E-07	-1.315211E-06	
1143	-1.513695E-07	-1.324417E-06	
1144	-1.217842E-07	-1.332161E-06	
1145	-9.174327E-08	-1.338317E-06	
1146	-6.135631E-08	-1.342785E-06	
1147	-3.073664E-08	-1.345495E-06	
1148	1.367898E-14	-1.346403E-06	
1149	3.073667E-08	-1.345495E-06	
1150	6.135634E-08	-1.342785E-06	
1151	9.174329E-08	-1.338317E-06	
1152	1.217842E-07	-1.332161E-06	
1153	1.513696E-07	-1.324417E-06	
1154	1.803946E-07	-1.315211E-06	
1155	2.087607E-07	-1.304695E-06	
1156	2.363765E-07	-1.293046E-06	
1157	2.631590E-07	-1.280464E-06	
1158	2.890344E-07	-1.267170E-06	
1159	3.139388E-07	-1.253403E-06	
1160	3.378193E-07	-1.239418E-06	
1161	3.606341E-07	-1.225486E-06	
1162	3.823533E-07	-1.211885E-06	
1163	4.029587E-07	-1.198903E-06	
1164	4.224448E-07	-1.186830E-06	
1165	4.408184E-07	-1.175960E-06	
1166	4.581002E-07	-1.166581E-06	
1167	4.743245E-07	-1.158979E-06	
1168	4.895416E-07	-1.153431E-06	
1169	5.038184E-07	-1.150202E-06	
1170	5.172414E-07	-1.149543E-06	
1171	5.299190E-07	-1.151688E-06	
1172	5.419841E-07	-1.156853E-06	
1173	5.535980E-07	-1.165226E-06	
1174	-5.631847E-07	-1.202581E-06	
1175	-5.520168E-07	-1.195269E-06	
1176	-5.403629E-07	-1.191427E-06	
1177	-5.280514E-07	-1.190819E-06	
1178	-5.149400E-07	-1.193192E-06	
1179	-5.009123E-07	-1.198275E-06	
1180	-4.858748E-07	-1.205783E-06	
1181	-4.697543E-07	-1.215423E-06	
1182	-4.524954E-07	-1.226890E-06	
1183	-4.340593E-07	-1.239874E-06	
1184	-4.144222E-07	-1.254063E-06	
1185	-3.935751E-07	-1.269143E-06	
1186	-3.715228E-07	-1.284801E-06	
1187	-3.482836E-07	-1.300730E-06	
1188	-3.238895E-07	-1.316631E-06	
1189	-2.983851E-07	-1.332216E-06	
1190	-2.718278E-07	-1.347213E-06	
1191	-2.442867E-07	-1.361364E-06	
1192	-2.158422E-07	-1.374434E-06	
1193	-1.865846E-07	-1.386210E-06	
1194	-1.566133E-07	-1.396503E-06	
1195	-1.260355E-07	-1.405151E-06	
1196	-9.496467E-08	-1.412018E-06	
1197	-6.351965E-08	-1.416999E-06	
1198	-3.182303E-08	-1.420018E-06	
1199	1.457165E-14	-1.421030E-06	
1200	3.182306E-08	-1.420018E-06	
1201	6.351968E-08	-1.416999E-06	
1202	9.496470E-08	-1.412018E-06	
1203	1.260355E-07	-1.405151E-06	
1204	1.566134E-07	-1.396503E-06	
1205	1.865846E-07	-1.386210E-06	
1206	2.158422E-07	-1.374434E-06	
1207	2.442867E-07	-1.361364E-06	
1208	2.718278E-07	-1.347213E-06	
1209	2.983851E-07	-1.332216E-06	
1210	3.238895E-07	-1.316631E-06	
1211	3.482837E-07	-1.300730E-06	
1212	3.715228E-07	-1.284801E-06	
1213	3.935752E-07	-1.269143E-06	
1214	4.144223E-07	-1.254063E-06	
1215	4.340593E-07	-1.239874E-06	
1216	4.524954E-07	-1.226890E-06	
1217	4.697543E-07	-1.215423E-06	
1218	4.858749E-07	-1.205784E-06	
1219	5.009123E-07	-1.198275E-06	
1220	5.149400E-07	-1.193192E-06	
1221	5.280515E-07	-1.190819E-06	
1222	5.403630E-07	-1.191427E-06	
1223	5.520168E-07	-1.195269E-06	
1224	5.631847E-07	-1.202581E-06	
1225	-5.718161E-07	-1.238333E-06	
1226	-5.611328E-07	-1.232177E-06	
1227	-5.499239E-07	-1.229767E-06	
1228	-5.380091E-07	-1.230820E-06	
1229	-5.252388E-07	-1.235040E-06	
1230	-5.114900E-07	-1.242119E-06	
1231	-4.966635E-07	-1.251738E-06	
1232	-4.806803E-07	-1.263571E-06	
1233	-4.634803E-07	-1.277288E-06	
1234	-4.450202E-07	-1.292553E-06	
1235	-4.252728E-07	-1.309026E-06	
1236	-4.042264E-07	-1.326372E-06	
1237	-3.818843E-07	-1.344254E-06	
1238	-3.582648E-07	-1.362343E-06	
1239	-3.334009E-07	-1.380319E-06	
1240	-3.073400E-07	-1.397874E-06	
1241	-2.801434E-07	-1.414714E-06	
1242	-2.518856E-07	-1.430565E-06	
1243	-2.226533E-07	-1.445176E-06	
1244	-1.925443E-07	-1.458317E-06	
1245	-1.616661E-07	-1.469787E-06	
1246	-1.301345E-07	-1.479412E-06	
1247	-9.807216E-08	-1.487049E-06	
1248	-6.560716E-08	-1.492585E-06	
1249	-3.287155E-08	-1.495939E-06	
1250	1.546990E-14	-1.497062E-06	
1251	3.287158E-08	-1.495939E-06	
1252	6.560720E-08	-1.492585E-06	
1253	9.807220E-08	-1.487049E-06	
1254	1.301345E-07	-1.479412E-06	
1255	1.616661E-07	-1.469787E-06	
1256	1.925444E-07	-1.458317E-06	
1257	2.226534E-07	-1.445176E-06	
1258	2.518856E-07	-1.430565E-06	
1259	2.801434E-07	-1.414714E-06	
1260	3.073400E-07	-1.397874E-06	
1261	3.334010E-07	-1.380319E-06	
1262	3.582649E-07	-1.362343E-06	
1263	3.818844E-07	-1.344254E-06	
1264	4.042265E-07	-1.326372E-06	
1265	4.252729E-07	-1.309026E-06	
1266	4.450202E-07	-1.292553E-06	
1267	4.634803E-07	-1.277288E-06	
1268	4.806803E-07	-1.263571E-06	
1269	4.966635E-07	-1.251738E-06	
1270	5.114901E-07	-1.242119E-06	
1271	5.252388E-07	-1.235040E-06	
1272	5.380091E-07	-1.230820E-06	
1273	5.499239E-07	-1.229767E-06	
1274	5.611328E-07	-1.232177E-06	
1275	5.718162E-07	-1.238333E-06	
1276	-5.793939E-07	-1.272339E-06	
1277	-5.692356E-07	-1.267457E-06	
1278	-5.585072E-07	-1.266608E-06	
1279	-5.470219E-07	-1.269461E-06	
1280	-5.346248E-07	-1.275675E-06	
1281	-5.211880E-07	-1.284902E-06	
1282	-5.066073E-07	-1.296791E-06	
1283	-4.907992E-07	-1.310983E-06	
1284	-4.736986E-07	-1.327120E-06	
1285	-4.552579E-07	-1.344836E-06	
1286	-4.354458E-07	-1.363770E-06	
1287	-4.142474E-07	-1.383556E-06	
1288	-3.916638E-07	-1.403837E-06	
1289	-3.677125E-07	-1.424258E-06	
1290	-3.424271E-07	-1.444474E-06	
1291	-3.158572E-07	-1.464156E-06	
1292	-2.880680E-07	-1.482989E-06	
1293	-2.591390E-07	-1.500678E-06	
1294	-2.291636E-07	-1.516953E-06	
1295	-1.982470E-07	-1.531569E-06	
1296	-1.665051E-07	-1.544310E-06	
1297	-1.340627E-07	-1.554991E-06	
1298	-1.010515E-07	-1.563459E-06	
1299	-6.760925E-08	-1.569594E-06	
1300	-3.387735E-08	-1.573309E-06	
1301	1.633577E-14	-1.574553E-06	
1302	3.387738E-08	-1.573309E-06	
1303	6.760929E-08	-1.569594E-06	
1304	1.010516E-07	-1.563459E-06	
1305	1.340627E-07	-1.554991E-06	
1306	1.665052E-07	-1.544310E-06	
1307	1.982470E-07	-1.531569E-06	
1308	2.291636E-07	-1.516953E-06	
1309	2.591390E-07	-1.500678E-06	
1310	2.880680E-07	-1.482989E-06	
1311	3.158573E-07	-1.464156E-06	
1312	3.424271E-07	-1.444474E-06	
1313	3.677125E-07	-1.424258E-06	
1314	3.916638E-07	-1.403837E-06	
1315	4.142474E-07	-1.383556E-06	
1316	4.354458E-07	-1.363770E-06	
1317	4.552579E-07	-1.344836E-06	
1318	4.736986E-07	-1.327120E-06	
1319	4.907992E-07	-1.310983E-06	
1320	5.066074E-07	-1.296791E-06	
1321	5.211881E-07	-1.284902E-06	
1322	5.346249E-07	-1.275675E-06	
1323	5.470220E-07	-1.269461E-06	
1324	5.585072E-07	-1.266608E-06	
1325	5.692356E-07	-1.267457E-06	
1326	5.793939E-07	-1.272339E-06	
1327	-5.857951E-07	-1.304452E-06	
1328	-5.762040E-07	-1.300984E-06	
1329	-5.659932E-07	-1.301845E-06	
1330	-5.549724E-07	-1.306652E-06	
1331	-5.429832E-07	-1.315019E-06	
1332	-5.298949E-07	-1.326559E-06	
1333	-5.155994E-07	-1.340886E-06	
1334	-5.000092E-07	-1.357611E-06	
1335	-4.830544E-07	-1.376343E-06	
1336	-4.646827E-07	-1.396692E-06	
1337	-4.448580E-07	-1.418267E-06	
1338	-4.235614E-07	-1.440679E-06	
1339	-4.007909E-07	-1.463540E-06	
1340	-3.765623E-07	-1.486472E-06	
1341	-3.509094E-07	-1.509104E-06	
1342	-3.238834E-07	-1.531080E-06	
1343	-2.955531E-07	-1.552062E-06	
1344	-2.660034E-07	-1.571733E-06	
1345	-2.353342E-07	-1.589803E-06	
1346	-2.036587E-07	-1.606009E-06	
1347	-1.711014E-07	-1.620120E-06	
1348	-1.377963E-07	-1.631938E-06	
1349	-1.038847E-07	-1.641300E-06	
1350	-6.951366E-08	-1.648079E-06	
1351	-3.483423E-08	-1.652183E-06	
1352	1.722699E-14	-1.653557E-06	
1353	3.483426E-08	-1.652183E-06	
1354	6.951370E-08	-1.648079E-06	
1355	1.038847E-07	-1.641300E-06	
1356	1.377963E-07	-1.631938E-06	
1357	1.711015E-07	-1.620120E-06	
1358	2.036588E-07	-1.606009E-06	
1359	2.353343E-07	-1.589803E-06	
1360	2.660035E-07	-1.571733E-06	
1361	2.955532E-07	-1.552062E-06	
1362	3.238835E-07	-1.531080E-06	
1363	3.509094E-07	-1.509104E-06	
1364	3.765624E-07	-1.486472E-06	
1365	4.007909E-07	-1.463540E-06	
1366	4.235614E-07	-1.440679E-06	
1367	4.448580E-07	-1.418267E-06	
1368	4.646827E-07	-1.396692E-06	
1369	4.830545E-07	-1.376343E-06	
1370	5.000092E-07	-1.357611E-06	
1371	5.155995E-07	-1.340886E-06	
1372	5.298949E-07	-1.326559E-06	
1373	5.429833E-07	-1.315019E-06	
1374	5.549724E-07	-1.306652E-06	
1375	5.659933E-07	-1.301845E-06	
1376	5.762041E-07	-1.300984E-06	
1377	5.857952E-07	-1.304452E-06	
1378	-5.908710E-07	-1.334518E-06	
1379	-5.818902E-07	-1.332630E-06	
1380	-5.722354E-07	-1.335369E-06	
1381	-5.617156E-07	-1.342300E-06	
1382	-5.501721E-07	-1.352993E-06	
1383	-5.374728E-07	-1.367021E-06	
1384	-5.235074E-07	-1.383963E-06	
1385	-5.081843E-07	-1.403399E-06	
1386	-4.914291E-07	-1.424911E-06	
1387	-4.731838E-07	-1.448080E-06	
1388	-4.534068E-07	-1.472488E-06	
1389	-4.320739E-07	-1.497716E-06	
1390	-4.091791E-07	-1.523350E-06	
1391	-3.847354E-07	-1.548982E-06	
1392	-3.587759E-07	-1.574213E-06	
1393	-3.313532E-07	-1.598659E-06	
1394	-3.025396E-07	-1.621955E-06	
1395	-2.724253E-07	-1.643761E-06	
1396	-2.411174E-07	-1.663763E-06	
1397	-2.087375E-07	-1.681680E-06	
1398	-1.754191E-07	-1.697264E-06	
1399	-1.413059E-07	-1.710304E-06	
1400	-1.065490E-07	-1.720626E-06	
1401	-7.130504E-08	-1.728096E-06	
1402	-3.573445E-08	-1.732616E-06	
1403	1.816473E-14	-1.734130E-06	
1404	3.573448E-08	-1.732616E-06	
1405	7.130508E-08	-1.728096E-06	
1406	1.065491E-07	-1.720626E-06	
1407	1.413060E-07	-1.710304E-06	
1408	1.754191E-07	-1.697264E-06	
1409	2.087375E-07	-1.681680E-06	
1410	2.411175E-07	-1.663763E-06	
1411	2.724253E-07	-1.643761E-06	
1412	3.025396E-07	-1.621955E-06	
1413	3.313533E-07	-1.598659E-06	
1414	3.587759E-07	-1.574213E-06	
1415	3.847355E-07	-1.548982E-06	
1416	4.091791E-07	-1.523350E-06	
1417	4.320740E-07	-1.497716E-06	
1418	4.534069E-07	-1.472488E-06	
1419	4.731838E-07	-1.448080E-06	
1420	4.914291E-07	-1.424911E-06	
1421	5.081843E-07	-1.403399E-06	
1422	5.235074E-07	-1.383963E-06	
1423	5.374729E-07	-1.367021E-06	
1424	5.501722E-07	-1.352993E-06	
1425	5.617156E-07	-1.342300E-06	
1426	5.722354E-07	-1.335369E-06	
1427	5.818902E-07	-1.332630E-06	
1428	5.908710E-07	-1.334518E-06	
1429	-5.944447E-07	-1.362382E-06	
1430	-5.861179E-07	-1.362264E-06	
1431	-5.770581E-07	-1.367071E-06	
1432	-5.670778E-07	-1.376312E-06	
1433	-5.560210E-07	-1.389514E-06	
1434	-5.437561E-07	-1.406213E-06	
1435	-5.301716E-07	-1.425954E-06	
1436	-5.151728E-07	-1.448290E-06	
1437	-4.986798E-07	-1.472772E-06	
1438	-4.806281E-07	-1.498956E-06	
1439	-4.609691E-07	-1.526394E-06	
1440	-4.396719E-07	-1.554640E-06	
1441	-4.167249E-07	-1.583249E-06	
1442	-3.921373E-07	-1.611780E-06	
1443	-3.659405E-07	-1.639804E-06	
1444	-3.381881E-07	-1.666907E-06	
1445	-3.089559E-07	-1.692693E-06	
1446	-2.783400E-07	-1.716794E-06	
1447	-2.464552E-07	-1.738873E-06	
1448	-2.134321E-07	-1.758627E-06	
1449	-1.794142E-07	-1.775792E-06	
1450	-1.445553E-07	-1.790142E-06	
1451	-1.090166E-07	-1.801493E-06	
1452	-7.296443E-08	-1.809702E-06	
1453	-3.656839E-08	-1.814668E-06	
1454	1.909004E-14	-1.816330E-06	
1455	3.656843E-08	-1.814668E-06	
1456	7.296447E-08	-1.809702E-06	
1457	1.090166E-07	-1.801493E-06	
1458	1.445553E-07	-1.790142E-06	
1459	1.794142E-07	-1.775792E-06	
1460	2.134321E-07	-1.758627E-06	
1461	2.464553E-07	-1.738873E-06	
1462	2.783401E-07	-1.716794E-06	
1463	3.089560E-07	-1.692693E-06	
1464	3.381882E-07	-1.666907E-06	
1465	3.659405E-07	-1.639804E-06	
1466	3.921373E-07	-1.611780E-06	
1467	4.167249E-07	-1.583249E-06	
1468	4.396720E-07	-1.554640E-06	
1469	4.609692E-07	-1.526394E-06	
1470	4.806281E-07	-1.498956E-06	
1471	4.986798E-07	-1.472772E-06	
1472	5.151728E-07	-1.448290E-06	
1473	5.301717E-07	-1.425955E-06	
1474	5.437561E-07	-1.406213E-06	
1475	5.560210E-07	-1.389514E-06	
1476	5.670779E-07	-1.376312E-06	
1477	5.770581E-07	-1.367071E-06	
1478	5.861179E-07	-1.362264E-06	
1479	5.944448E-07	-1.362382E-06	
1480	-5.963105E-07	-1.387888E-06	
1481	-5.886806E-07	-1.389758E-06	
1482	-5.802553E-07	-1.396840E-06	
1483	-5.708545E-07	-1.408593E-06	
1484	-5.603284E-07	-1.424498E-06	
1485	-5.485488E-07	-1.444058E-06	
1486	-5.354039E-07	-1.466788E-06	
1487	-5.207956E-07	-1.492214E-06	
1488	-5.046381E-07	-1.519863E-06	
1489	-4.868587E-07	-1.549263E-06	
1490	-4.674001E-07	-1.579939E-06	
1491	-4.462225E-07	-1.611415E-06	
1492	-4.233069E-07	-1.643211E-06	
1493	-3.986571E-07	-1.674854E-06	
1494	-3.723020E-07	-1.705880E-06	
1495	-3.442958E-07	-1.735838E-06	
1496	-3.147178E-07	-1.764300E-06	
1497	-2.836708E-07	-1.790867E-06	
1498	-2.512783E-07	-1.815176E-06	
1499	-2.176809E-07	-1.836900E-06	
1500	-1.830333E-07	-1.855757E-06	
1501	-1.475003E-07	-1.871507E-06	
1502	-1.112534E-07	-1.883956E-06	
1503	-7.446858E-08	-1.892953E-06	
1504	-3.732427E-08	-1.898394E-06	
1505	2.000586E-14	-1.900215E-06	
1506	3.732431E-08	-1.898394E-06	
1507	7.446862E-08	-1.892953E-06	
1508	1.112534E-07	-1.883956E-06	
1509	1.475003E-07	-1.871507E-06	
1510	1.830334E-07	-1.855757E-06	
1511	2.176809E-07	-1.836900E-06	
1512	2.512783E-07	-1.815176E-06	
1513	2.836709E-07	-1.790867E-06	
1514	3.147179E-07	-1.764300E-06	
1515	3.442958E-07	-1.735838E-06	
1516	3.723020E-07	-1.705880E-06	
1517	3.986572E-07	-1.674854E-06	
1518	4.233069E-07	-1.643211E-06	
1519	4.462226E-07	-1.611415E-06	
1520	4.674002E-07	-1.579939E-06	
1521	4.868588E-07	-1.549263E-06	
1522	5.046381E-07	-1.519863E-06	
1523	5.207956E-07	-1.492214E-06	
1524	5.354040E-07	-1.466788E-06	
1525	5.485488E-07	-1.444058E-06	
1526	5.603285E-07	-1.424498E-06	
1527	5.708546E-07	-1.408593E-06	
1528	5.802553E-07	-1.396840E-06	
1529	5.886807E-07	-1.389758E-06	
1530	5.963105E-07	-1.387888E-06	
1531	-5.962311E-07	-1.410882E-06	
1532	-5.893402E-07	-1.414984E-06	
1533	-5.815880E-07	-1.424570E-06	
1534	-5.728082E-07	-1.439047E-06	
1535	-5.628608E-07	-1.457857E-06	
1536	-5.516235E-07	-1.480472E-06	
1537	-5.389854E-07	-1.506385E-06	
1538	-5.248449E-07	-1.535096E-06	
1539	-5.091088E-07	-1.566113E-06	
1540	-4.916943E-07	-1.598938E-06	
1541	-4.725326E-07	-1.633068E-06	
1542	-4.515726E-07	-1.667995E-06	
1543	-4.287852E-07	-1.703206E-06	
1544	-4.041672E-07	-1.738188E-06	
1545	-3.777436E-07	-1.772437E-06	
1546	-3.495691E-07	-1.805463E-06	
1547	-3.197269E-07	-1.836800E-06	
1548	-2.883275E-07	-1.866016E-06	
1549	-2.555045E-07	-1.892715E-06	
1550	-2.214106E-07	-1.916548E-06	
1551	-1.862127E-07	-1.937212E-06	
1552	-1.500876E-07	-1.954455E-06	
1553	-1.132179E-07	-1.968071E-06	
1554	-7.578914E-08	-1.977907E-06	
1555	-3.798767E-08	-1.983851E-06	
1556	2.093324E-14	-1.985840E-06	
1557	3.798772E-08	-1.983851E-06	
1558	7.578918E-08	-1.977907E-06	
1559	1.132180E-07	-1.968071E-06	
1560	1.500877E-07	-1.954455E-06	
1561	1.862128E-07	-1.937212E-06	
1562	2.214106E-07	-1.916548E-06	
1563	2.555046E-07	-1.892715E-06	
1564	2.883276E-07	-1.866016E-06	
1565	3.197270E-07	-1.836800E-06	
1566	3.495691E-07	-1.805463E-06	
1567	3.777437E-07	-1.772437E-06	
1568	4.041672E-07	-1.738188E-06	
1569	4.287852E-07	-1.703206E-06	
1570	4.515726E-07	-1.667995E-06	
1571	4.725326E-07	-1.633068E-06	
1572	4.916943E-07	-1.598938E-06	
1573	5.091088E-07	-1.566113E-06	
1574	5.248450E-07	-1.535096E-06	
1575	5.389855E-07	-1.506385E-06	
1576	5.516235E-07	-1.480472E-06	
1577	5.628608E-07	-1.457857E-06	
1578	5.728082E-07	-1.439047E-06	
1579	5.815880E-07	-1.424570E-06	
1580	5.893403E-07	-1.414984E-06	
1581	5.962312E-07	-1.410883E-06	
1582	-5.939377E-07	-1.431221E-06	
1583	-5.878249E-07	-1.437827E-06	
1584	-5.807833E-07	-1.450161E-06	
1585	-5.726666E-07	-1.467583E-06	
1586	-5.633499E-07	-1.489503E-06	
1587	-5.527190E-07	-1.515370E-06	
1588	-5.406653E-07	-1.544657E-06	
1589	-5.270826E-07	-1.576850E-06	
1590	-5.118686E-07	-1.611438E-06	
1591	-4.949276E-07	-1.647902E-06	
1592	-4.761759E-07	-1.685712E-06	
1593	-4.555476E-07	-1.724326E-06	
1594	-4.330006E-07	-1.763193E-06	
1595	-4.085222E-07	-1.801757E-06	
1596	-3.821322E-07	-1.839469E-06	
1597	-3.538852E-07	-1.875792E-06	
1598	-3.238696E-07	-1.910219E-06	
1599	-2.922051E-07	-1.942276E-06	
1600	-2.590376E-07	-1.971536E-06	
1601	-2.245341E-07	-1.997622E-06	
1602	-1.888759E-07	-2.020212E-06	
1603	-1.522532E-07	-2.039040E-06	
1604	-1.148602E-07	-2.053894E-06	
1605	-7.689171E-08	-2.064615E-06	
1606	-3.854108E-08	-2.071090E-06	
1607	2.186083E-14	-2.073256E-06	
1608	3.854112E-08	-2.071090E-06	
1609	7.689175E-08	-2.064615E-06	
1610	1.148603E-07	-2.053894E-06	
1611	1.522533E-07	-2.039040E-06	
1612	1.888759E-07	-2.020212E-06	
1613	2.245341E-07	-1.997622E-06	
1614	2.590377E-07	-1.971536E-06	
1615	2.922051E-07	-1.942276E-06	
1616	3.238697E-07	-1.910219E-06	
1617	3.538852E-07	-1.875792E-06	
1618	3.821322E-07	-1.839469E-06	
1619	4.085222E-07	-1.801757E-06	
1620	4.330007E-07	-1.763193E-06	
1621	4.555476E-07	-1.724326E-06	
1622	4.761760E-07	-1.685712E-06	
1623	4.949277E-07	-1.647902E-06	
1624	5.118687E-07	-1.611438E-06	
1625	5.270827E-07	-1.576850E-06	
1626	5.406653E-07	-1.544657E-06	
1627	5.527191E-07	-1.515370E-06	
1628	5.633499E-07	-1.489503E-06	
1629	5.726667E-07	-1.467583E-06	
1630	5.807833E-07	-1.450161E-06	
1631	5.878249E-07	-1.437827E-06	
1632	5.939378E-07	-1.431221E-06	
1633	-5.891283E-07	-1.448771E-06	
1634	-5.838286E-07	-1.458177E-06	
1635	-5.775327E-07	-1.473518E-06	
1636	-5.701222E-07	-1.494113E-06	
1637	-5.614920E-07	-1.519348E-06	
1638	-5.515396E-07	-1.548658E-06	
1639	-5.401591E-07	-1.581508E-06	
1640	-5.272390E-07	-1.617377E-06	
1641	-5.126650E-07	-1.655740E-06	
1642	-4.963247E-07	-1.696062E-06	
1643	-4.781152E-07	-1.737786E-06	
1644	-4.579514E-07	-1.780337E-06	
1645	-4.357743E-07	-1.823120E-06	
1646	-4.115585E-07	-1.865530E-06	
1647	-3.853171E-07	-1.906965E-06	
1648	-3.571047E-07	-1.946836E-06	
1649	-3.270159E-07	-1.984583E-06	
1650	-2.951821E-07	-2.019689E-06	
1651	-2.617649E-07	-2.051688E-06	
1652	-2.269486E-07	-2.080176E-06	
1653	-1.909318E-07	-2.104812E-06	
1654	-1.539200E-07	-2.125317E-06	
1655	-1.161198E-07	-2.141475E-06	
1656	-7.773456E-08	-2.153126E-06	
1657	-3.896317E-08	-2.160158E-06	
1658	2.279670E-14	-2.162509E-06	
1659	3.896321E-08	-2.160158E-06	
1660	7.773461E-08	-2.153126E-06	
1661	1.161198E-07	-2.141475E-06	
1662	1.539200E-07	-2.125317E-06	
1663	1.909318E-07	-2.104812E-06	
1664	2.269486E-07	-2.080176E-06	
1665	2.617649E-07	-2.051688E-06	
1666	2.951821E-07	-2.019689E-06	
1667	3.270159E-07	-1.984583E-06	
1668	3.571047E-07	-1.946836E-06	
1669	3.853172E-07	-1.906965E-06	
1670	4.115585E-07	-1.865530E-06	
1671	4.357744E-07	-1.823120E-06	
1672	4.579515E-07	-1.780337E-06	
1673	4.781153E-07	-1.737786E-06	
1674	4.963247E-07	-1.696062E-06	
1675	5.126650E-07	-1.655740E-06	
1676	5.272390E-07	-1.617377E-06	
1677	5.401591E-07	-1.581508E-06	
1678	5.515397E-07	-1.548658E-06	
1679	5.614920E-07	-1.519348E-06	
1680	5.701222E-07	-1.494113E-06	
1681	5.775328E-07	-1.473518E-06	
1682	5.838287E-07	-1.458177E-06	
1683	5.891284E-07	-1.448771E-06	
1684	-5.814685E-07	-1.463419E-06	
1685	-5.770109E-07	-1.475947E-06	
1686	-5.714921E-07	-1.494562E-06	
1687	-5.648304E-07	-1.518556E-06	
1688	-5.569469E-07	-1.547303E-06	
1689	-5.477537E-07	-1.580238E-06	
1690	-5.371480E-07	-1.616831E-06	
1691	-5.250116E-07	-1.656561E-06	
1692	-5.112146E-07	-1.698902E-06	
1693	-4.956235E-07	-1.743305E-06	
1694	-4.781103E-07	-1.789190E-06	
1695	-4.585651E-07	-1.835943E-06	
1696	-4.369068E-07	-1.882923E-06	
1697	-4.130935E-07	-1.929468E-06	
1698	-3.871298E-07	-1.974913E-06	
1699	-3.590700E-07	-2.018604E-06	
1700	-3.290173E-07	-2.059923E-06	
1701	-2.971183E-07	-2.098299E-06	
1702	-2.635547E-07	-2.133226E-06	
1703	-2.285326E-07	-2.164269E-06	
1704	-1.922718E-07	-2.191068E-06	
1705	-1.549956E-07	-2.213338E-06	
1706	-1.169236E-07	-2.230861E-06	
1707	-7.826716E-08	-2.243480E-06	
1708	-3.922808E-08	-2.251091E-06	
1709	2.374246E-14	-2.253635E-06	
1710	3.922813E-08	-2.251091E-06	
1711	7.826721E-08	-2.243480E-06	
1712	1.169236E-07	-2.230861E-06	
1713	1.549956E-07	-2.213338E-06	
1714	1.922718E-07	-2.191068E-06	
1715	2.285327E-07	-2.164269E-06	
1716	2.635547E-07	-2.133226E-06	
1717	2.971183E-07	-2.098299E-06	
1718	3.290173E-07	-2.059923E-06	
1719	3.590701E-07	-2.018604E-06	
1720	3.871299E-07	-1.974913E-06	
1721	4.130935E-07	-1.929468E-06	
1722	4.369068E-07	-1.882923E-06	
1723	4.585651E-07	-1.835943E-06	
1724	4.781104E-07	-1.789190E-06	
1725	4.956235E-07	-1.743305E-06	
1726	5.112147E-07	-1.698902E-06	
1727	5.250116E-07	-1.656561E-06	
1728	5.371481E-07	-1.616831E-06	
1729	5.477538E-07	-1.580238E-06	
1730	5.569470E-07	-1.547303E-06	
1731	5.648305E-07	-1.518556E-06	
1732	5.714922E-07	-1.494562E-06	
1733	5.770110E-07	-1.475947E-06	
1734	5.814686E-07	-1.463419E-06	
1735	-5.705926E-07	-1.475076E-06	
1736	-5.669979E-07	-1.491067E-06	
1737	-5.622823E-07	-1.513229E-06	
1738	-5.564112E-07	-1.540840E-06	
1739	-5.493384E-07	-1.573282E-06	
1740	-5.409936E-07	-1.610007E-06	
1741	-5.312780E-07	-1.650505E-06	
1742	-5.200642E-07	-1.694271E-06	
1743	-5.072029E-07	-1.740787E-06	
1744	-4.925328E-07	-1.789496E-06	
1745	-4.758946E-07	-1.839798E-06	
1746	-4.571459E-07	-1.891039E-06	
1747	-4.361770E-07	-1.942523E-06	
1748	-4.129247E-07	-1.993522E-06	
1749	-3.873822E-07	-2.043292E-06	
1750	-3.596043E-07	-2.091107E-06	
1751	-3.297053E-07	-2.136273E-06	
1752	-2.978524E-07	-2.178159E-06	
1753	-2.642536E-07	-2.216211E-06	
1754	-2.291431E-07	-2.249963E-06	
1755	-1.927668E-07	-2.279039E-06	
1756	-1.553691E-07	-2.303152E-06	
1757	-1.171837E-07	-2.322090E-06	
1758	-7.842842E-08	-2.335709E-06	
1759	-3.930450E-08	-2.343913E-06	
1760	2.469984E-14	-2.346654E-06	
1761	3.930455E-08	-2.343913E-06	
1762	7.842847E-08	-2.335709E-06	
1763	1.171838E-07	-2.322090E-06	
1764	1.553692E-07	-2.303152E-06	
1765	1.927669E-07	-2.279039E-06	
1766	2.291432E-07	-2.249963E-06	
1767	2.642536E-07	-2.216211E-06	
1768	2.978525E-07	-2.178159E-06	
1769	3.297053E-07	-2.136273E-06	
1770	3.596043E-07	-2.091107E-06	
1771	3.873823E-07	-2.043292E-06	
1772	4.129247E-07	-1.993522E-06	
1773	4.361770E-07	-1.942523E-06	
1774	4.571460E-07	-1.891039E-06	
1775	4.758947E-07	-1.839798E-06	
1776	4.925329E-07	-1.789496E-06	
1777	5.072029E-07	-1.740787E-06	
1778	5.200643E-07	-1.694271E-06	
1779	5.312781E-07	-1.650505E-06	
1780	5.409937E-07	-1.610007E-06	
1781	5.493384E-07	-1.573282E-06	
1782	5.564113E-07	-1.540840E-06	
1783	5.622824E-07	-1.513229E-06	
1784	5.669980E-07	-1.491067E-06	
1785	5.705927E-07	-1.475076E-06	
1786	-5.561075E-07	-1.483694E-06	
1787	-5.533855E-07	-1.503501E-06	
1788	-5.494920E-07	-1.529475E-06	
1789	-5.444508E-07	-1.560904E-06	
1790	-5.382553E-07	-1.597201E-06	
1791	-5.308567E-07	-1.637855E-06	
1792	-5.221599E-07	-1.682395E-06	
1793	-5.120262E-07	-1.730353E-06	
1794	-5.002818E-07	-1.781229E-06	
1795	-4.867309E-07	-1.834471E-06	
1796	-4.711735E-07	-1.889457E-06	
1797	-4.534259E-07	-1.945495E-06	
1798	-4.333412E-07	-2.001823E-06	
1799	-4.108282E-07	-2.057630E-06	
1800	-3.858657E-07	-2.112084E-06	
1801	-3.585091E-07	-2.164360E-06	
1802	-3.288885E-07	-2.213677E-06	
1803	-2.971986E-07	-2.259331E-06	
1804	-2.636825E-07	-2.300713E-06	
1805	-2.286110E-07	-2.337325E-06	
1806	-1.922629E-07	-2.368783E-06	
1807	-1.549079E-07	-2.394803E-06	
1808	-1.167945E-07	-2.415192E-06	
1809	-7.814471E-08	-2.429825E-06	
1810	-3.915465E-08	-2.438629E-06	
1811	2.567393E-14	-2.441568E-06	
1812	3.915470E-08	-2.438629E-06	
1813	7.814476E-08	-2.429825E-06	
1814	1.167945E-07	-2.415192E-06	
1815	1.549079E-07	-2.394803E-06	
1816	1.922630E-07	-2.368783E-06	
1817	2.286110E-07	-2.337325E-06	
1818	2.636825E-07	-2.300713E-06	
1819	2.971987E-07	-2.259331E-06	
1820	3.288885E-07	-2.213677E-06	
1821	3.585092E-07	-2.164360E-06	
1822	3.858658E-07	-2.112084E-06	
1823	4.108283E-07	-2.057630E-06	
1824	4.333412E-07	-2.001823E-06	
1825	4.534260E-07	-1.945495E-06	
1826	4.711736E-07	-1.889457E-06	
1827	4.867309E-07	-1.834471E-06	
1828	5.002818E-07	-1.781229E-06	
1829	5.120263E-07	-1.730353E-06	
1830	5.221599E-07	-1.682395E-06	
1831	5.308567E-07	-1.637855E-06	
1832	5.382553E-07	-1.597201E-06	
1833	5.444508E-07	-1.560905E-06	
1834	5.494920E-07	-1.529475E-06	
1835	5.533855E-07	-1.503501E-06	
1836	5.561076E-07	-1.483694E-06	
1837	-5.375984E-07	-1.489267E-06	
1838	-5.357447E-07	-1.513249E-06	
1839	-5.326826E-07	-1.543286E-06	
1840	-5.285061E-07	-1.578705E-06	
1841	-5.232556E-07	-1.618979E-06	
1842	-5.169071E-07	-1.663662E-06	
1843	-5.093701E-07	-1.712351E-06	
1844	-5.004920E-07	-1.764629E-06	
1845	-4.900688E-07	-1.820036E-06	
1846	-4.778623E-07	-1.878032E-06	
1847	-4.636214E-07	-1.937984E-06	
1848	-4.471093E-07	-1.999153E-06	
1849	-4.281305E-07	-2.060702E-06	
1850	-4.065571E-07	-2.121723E-06	
1851	-3.823488E-07	-2.181265E-06	
1852	-3.555623E-07	-2.238386E-06	
1853	-3.263493E-07	-2.292194E-06	
1854	-2.949426E-07	-2.341894E-06	
1855	-2.616319E-07	-2.386817E-06	
1856	-2.267365E-07	-2.426435E-06	
1857	-1.905770E-07	-2.460360E-06	
1858	-1.534531E-07	-2.488328E-06	
1859	-1.156292E-07	-2.510178E-06	
1860	-7.732783E-08	-2.525822E-06	
1861	-3.873324E-08	-2.535218E-06	
1862	2.666676E-14	-2.538351E-06	
1863	3.873330E-08	-2.535218E-06	
1864	7.732788E-08	-2.525822E-06	
1865	1.156292E-07	-2.510178E-06	
1866	1.534532E-07	-2.488328E-06	
1867	1.905770E-07	-2.460360E-06	
1868	2.267365E-07	-2.426436E-06	
1869	2.616320E-07	-2.386817E-06	
1870	2.949426E-07	-2.341894E-06	
1871	3.263494E-07	-2.292194E-06	
1872	3.555623E-07	-2.238386E-06	
1873	3.823488E-07	-2.181265E-06	
1874	4.065572E-07	-2.121723E-06	
1875	4.281305E-07	-2.060702E-06	
1876	4.471094E-07	-1.999153E-06	
1877	4.636215E-07	-1.937984E-06	
1878	4.778623E-07	-1.878032E-06	
1879	4.900689E-07	-1.820036E-06	
1880	5.004920E-07	-1.764629E-06	
1881	5.093702E-07	-1.712351E-06	
1882	5.169072E-07	-1.663662E-06	
1883	5.232557E-07	-1.618979E-06	
1884	5.285062E-07	-1.578706E-06	
1885	5.326827E-07	-1.543286E-06	
1886	5.357448E-07	-1.513249E-06	
1887	5.375985E-07	-1.489267E-06	
1888	-5.146390E-07	-1.491853E-06	
1889	-5.136319E-07	-1.520359E-06	
1890	-5.113978E-07	-1.554678E-06	
1891	-5.081133E-07	-1.594217E-06	
1892	-5.038727E-07	-1.638541E-06	
1893	-4.986808E-07	-1.687307E-06	
1894	-4.924527E-07	-1.740203E-06	
1895	-4.850201E-07	-1.796893E-06	
1896	-4.761441E-07	-1.856975E-06	
1897	-4.655347E-07	-1.919942E-06	
1898	-4.528778E-07	-1.985152E-06	
1899	-4.378683E-07	-2.051818E-06	
1900	-4.202473E-07	-2.119017E-06	
1901	-3.998380E-07	-2.185714E-06	
1902	-3.765739E-07	-2.250814E-06	
1903	-3.505139E-07	-2.313219E-06	
1904	-3.218399E-07	-2.371900E-06	
1905	-2.908362E-07	-2.425950E-06	
1906	-2.578564E-07	-2.474630E-06	
1907	-2.232834E-07	-2.517383E-06	
1908	-1.874915E-07	-2.553833E-06	
1909	-1.508163E-07	-2.583756E-06	
1910	-1.135375E-07	-2.607044E-06	
1911	-7.587323E-08	-2.623665E-06	
1912	-3.798673E-08	-2.633626E-06	
1913	2.767837E-14	-2.636944E-06	
1914	3.798679E-08	-2.633626E-06	
1915	7.587329E-08	-2.623665E-06	
1916	1.135375E-07	-2.607044E-06	
1917	1.508164E-07	-2.583756E-06	
1918	1.874915E-07	-2.553833E-06	
1919	2.232835E-07	-2.517383E-06	
1920	2.578564E-07	-2.474630E-06	
1921	2.908362E-07	-2.425950E-06	
1922	3.218400E-07	-2.371900E-06	
1923	3.505140E-07	-2.313219E-06	
1924	3.765739E-07	-2.250814E-06	
1925	3.998380E-07	-2.185714E-06	
1926	4.202473E-07	-2.119017E-06	
1927	4.378683E-07	-2.051818E-06	
1928	4.528778E-07	-1.985152E-06	
1929	4.655348E-07	-1.919942E-06	
1930	4.761441E-07	-1.856975E-06	
1931	4.850202E-07	-1.796893E-06	
1932	4.924528E-07	-1.740203E-06	
1933	4.986809E-07	-1.687307E-06	
1934	5.038728E-07	-1.638541E-06	
1935	5.081134E-07	-1.594217E-06	
1936	5.113979E-07	-1.554678E-06	
1937	5.136319E-07	-1.520359E-06	
1938	5.146390E-07	-1.491853E-06	
1939	-4.868059E-07	-1.491582E-06	
1940	-4.866023E-07	-1.524933E-06	
1941	-4.851771E-07	-1.563707E-06	
1942	-4.827998E-07	-1.607437E-06	
1943	-4.796257E-07	-1.655825E-06	
1944	-4.756923E-07	-1.708662E-06	
1945	-4.709228E-07	-1.765765E-06	
1946	-4.651335E-07	-1.826909E-06	
1947	-4.580467E-07	-1.891779E-06	
1948	-4.493125E-07	-1.959917E-06	
1949	-4.385393E-07	-2.030686E-06	
1950	-4.253358E-07	-2.103253E-06	
1951	-4.093591E-07	-2.176588E-06	
1952	-3.903658E-07	-2.249502E-06	
1953	-3.682530E-07	-2.320710E-06	
1954	-3.430821E-07	-2.388915E-06	
1955	-3.150760E-07	-2.452905E-06	
1956	-2.845910E-07	-2.511635E-06	
1957	-2.520675E-07	-2.564283E-06	
1958	-2.179730E-07	-2.610274E-06	
1959	-1.827497E-07	-2.649265E-06	
1960	-1.467755E-07	-2.681099E-06	
1961	-1.103435E-07	-2.705754E-06	
1962	-7.365933E-08	-2.723281E-06	
1963	-3.685305E-08	-2.733756E-06	
1964	2.872245E-14	-2.737240E-06	
1965	3.685311E-08	-2.733756E-06	
1966	7.365938E-08	-2.723281E-06	
1967	1.103436E-07	-2.705754E-06	
1968	1.467756E-07	-2.681099E-06	
1969	1.827498E-07	-2.649265E-06	
1970	2.179730E-07	-2.610274E-06	
1971	2.520675E-07	-2.564283E-06	
1972	2.845911E-07	-2.511635E-06	
1973	3.150761E-07	-2.452905E-06	
1974	3.430821E-07	-2.388915E-06	
1975	3.682531E-07	-2.320710E-06	
1976	3.903659E-07	-2.249502E-06	
1977	4.093592E-07	-2.176588E-06	
1978	4.253358E-07	-2.103253E-06	
1979	4.385394E-07	-2.030686E-06	
1980	4.493125E-07	-1.959917E-06	
1981	4.580468E-07	-1.891779E-06	
1982	4.651335E-07	-1.826909E-06	
1983	4.709229E-07	-1.765765E-06	
1984	4.756923E-07	-1.708662E-06	
1985	4.796257E-07	-1.655825E-06	
1986	4.827999E-07	-1.607437E-06	
1987	4.851772E-07	-1.563707E-06	
1988	4.866024E-07	-1.524933E-06	
1989	4.868060E-07	-1.491582E-06	
1990	-4.536999E-07	-1.488670E-06	
1991	-4.542317E-07	-1.527140E-06	
1992	-4.535761E-07	-1.570476E-06	
1993	-4.521035E-07	-1.618394E-06	
1994	-4.500348E-07	-1.670780E-06	
1995	-4.474457E-07	-1.727602E-06	
1996	-4.442722E-07	-1.788840E-06	
1997	-4.403186E-07	-1.854416E-06	
1998	-4.352689E-07	-1.924135E-06	
1999	-4.287067E-07	-1.997617E-06	
2000	-4.201486E-07	-2.074252E-06	
2001	-4.090937E-07	-2.153161E-06	
2002	-3.950881E-07	-2.233194E-06	
2003	-3.777956E-07	-2.312966E-06	
2004	-3.570604E-07	-2.390941E-06	
2005	-3.329451E-07	-2.465558E-06	
2006	-3.057297E-07	-2.535362E-06	
2007	-2.758700E-07	-2.599129E-06	
2008	-2.439257E-07	-2.655946E-06	
2009	-2.104770E-07	-2.705235E-06	
2010	-1.760516E-07	-2.746718E-06	
2011	-1.410744E-07	-2.780350E-06	
2012	-1.058466E-07	-2.806237E-06	
2013	-7.054894E-08	-2.824549E-06	
2014	-3.526276E-08	-2.835456E-06	
2015	2.982495E-14	-2.839077E-06	
2016	3.526282E-08	-2.835456E-06	
2017	7.054900E-08	-2.824549E-06	
2018	1.058466E-07	-2.806237E-06	
2019	1.410745E-07	-2.780350E-06	
2020	1.760517E-07	-2.746718E-06	
2021	2.104771E-07	-2.705235E-06	
2022	2.439257E-07	-2.655946E-06	
2023	2.758701E-07	-2.599129E-06	
2024	3.057298E-07	-2.535362E-06	
2025	3.329452E-07	-2.465558E-06	
2026	3.570604E-07	-2.390941E-06	
2027	3.777956E-07	-2.312966E-06	
2028	3.950882E-07	-2.233194E-06	
2029	4.090938E-07	-2.153161E-06	
2030	4.201487E-07	-2.074252E-06	
2031	4.287068E-07	-1.997617E-06	
2032	4.352690E-07	-1.924135E-06	
2033	4.403187E-07	-1.854416E-06	
2034	4.442722E-07	-1.788840E-06	
2035	4.474457E-07	-1.727602E-06	
2036	4.500349E-07	-1.670780E-06	
2037	4.521035E-07	-1.618394E-06	
2038	4.535762E-07	-1.570476E-06	
2039	4.542318E-07	-1.527140E-06	
2040	4.537000E-07	-1.488670E-06	
2041	-4.149740E-07	-1.483437E-06	
2042	-4.161450E-07	-1.527219E-06	
2043	-4.161953E-07	-1.575137E-06	
2044	-4.155986E-07	-1.627152E-06	
2045	-4.146444E-07	-1.683381E-06	
2046	-4.134516E-07	-1.744011E-06	
2047	-4.119782E-07	-1.809224E-06	
2048	-4.100262E-07	-1.879128E-06	
2049	-4.072481E-07	-1.953687E-06	
2050	-4.031602E-07	-2.032642E-06	
2051	-3.971743E-07	-2.115442E-06	
2052	-3.886532E-07	-2.201177E-06	
2053	-3.769938E-07	-2.288558E-06	
2054	-3.617285E-07	-2.375956E-06	
2055	-3.426214E-07	-2.461503E-06	
2056	-3.197318E-07	-2.543273E-06	
2057	-2.934179E-07	-2.619483E-06	
2058	-2.642760E-07	-2.688678E-06	
2059	-2.330308E-07	-2.749839E-06	
2060	-2.004124E-07	-2.802415E-06	
2061	-1.670529E-07	-2.846249E-06	
2062	-1.334254E-07	-2.881473E-06	
2063	-9.982707E-08	-2.908375E-06	
2064	-6.639512E-08	-2.927289E-06	
2065	-3.314256E-08	-2.938507E-06	
2066	3.100328E-14	-2.942224E-06	
2067	3.314263E-08	-2.938507E-06	
2068	6.639518E-08	-2.927289E-06	
2069	9.982713E-08	-2.908375E-06	
2070	1.334255E-07	-2.881473E-06	
2071	1.670529E-07	-2.846249E-06	
2072	2.004125E-07	-2.802415E-06	
2073	2.330309E-07	-2.749839E-06	
2074	2.642760E-07	-2.688678E-06	
2075	2.934179E-07	-2.619483E-06	
2076	3.197318E-07	-2.543273E-06	
2077	3.426215E-07	-2.461503E-06	
2078	3.617286E-07	-2.375956E-06	
2079	3.769939E-07	-2.288558E-06	
2080	3.886532E-07	-2.201177E-06	
2081	3.971744E-07	-2.115442E-06	
2082	4.031603E-07	-2.032642E-06	
2083	4.072482E-07	-1.953687E-06	
2084	4.100263E-07	-1.879128E-06	
2085	4.119782E-07	-1.809224E-06	
2086	4.134516E-07	-1.744011E-06	
2087	4.146444E-07	-1.683381E-06	
2088	4.155987E-07	-1.627152E-06	
2089	4.161954E-07	-1.575137E-06	
2090	4.161451E-07	-1.527219E-06	
2091	4.149741E-07	-1.483437E-06	
2092	-3.703702E-07	-1.476311E-06	
2093	-3.720539E-07	-1.525488E-06	
2094	-3.727176E-07	-1.577899E-06	
2095	-3.729321E-07	-1.633817E-06	
2096	-3.730537E-07	-1.693638E-06	
2097	-3.732514E-07	-1.757802E-06	
2098	-3.735184E-07	-1.826728E-06	
2099	-3.736734E-07	-1.900751E-06	
2100	-3.733556E-07	-1.980045E-06	
2101	-3.720247E-07	-2.064528E-06	
2102	-3.689811E-07	-2.153759E-06	
2103	-3.634218E-07	-2.246834E-06	
2104	-3.545442E-07	-2.342322E-06	
2105	-3.416893E-07	-2.438282E-06	
2106	-3.244951E-07	-2.532402E-06	
2107	-3.030054E-07	-2.622247E-06	
2108	-2.776872E-07	-2.705573E-06	
2109	-2.493373E-07	-2.780612E-06	
2110	-2.189118E-07	-2.846240E-06	
2111	-1.873380E-07	-2.901984E-06	
2112	-1.553708E-07	-2.947899E-06	
2113	-1.235225E-07	-2.984384E-06	
2114	-9.206164E-08	-3.011986E-06	
2115	-6.105452E-08	-3.031249E-06	
2116	-3.042299E-08	-3.042617E-06	
2117	3.229004E-14	-3.046374E-06	
2118	3.042305E-08	-3.042617E-06	
2119	6.105458E-08	-3.031249E-06	
2120	9.206171E-08	-3.011986E-06	
2121	1.235226E-07	-2.984384E-06	
2122	1.553709E-07	-2.947900E-06	
2123	1.873381E-07	-2.901984E-06	
2124	2.189119E-07	-2.846240E-06	
2125	2.493374E-07	-2.780612E-06	
2126	2.776872E-07	-2.705573E-06	
2127	3.030055E-07	-2.622247E-06	
2128	3.244951E-07	-2.532403E-06	
2129	3.416894E-07	-2.438282E-06	
2130	3.545443E-07	-2.342322E-06	
2131	3.634219E-07	-2.246834E-06	
2132	3.689812E-07	-2.153759E-06	
2133	3.720248E-07	-2.064528E-06	
2134	3.733557E-07	-1.980045E-06	
2135	3.736735E-07	-1.900751E-06	
2136	3.735185E-07	-1.826728E-06	
2137	3.732514E-07	-1.757802E-06	
2138	3.730538E-07	-1.693638E-06	
2139	3.729321E-07	-1.633817E-06	
2140	3.727177E-07	-1.577899E-06	
2141	3.720540E-07	-1.525488E-06	
2142	3.703702E-07	-1.476311E-06	
2143	-3.197646E-07	-1.467831E-06	
2144	-3.218045E-07	-1.522337E-06	
2145	-3.229565E-07	-1.579029E-06	
2146	-3.238696E-07	-1.638551E-06	
2147	-3.249600E-07	-1.701612E-06	
2148	-3.264522E-07	-1.768933E-06	
2149	-3.283945E-07	-1.841199E-06	
2150	-3.306520E-07	-1.919009E-06	
2151	-3.328859E-07	-2.002802E-06	
2152	-3.345298E-07	-2.092749E-06	
2153	-3.347828E-07	-2.188605E-06	
2154	-3.326515E-07	-2.289543E-06	
2155	-3.270670E-07	-2.394010E-06	
2156	-3.170878E-07	-2.499691E-06	
2157	-3.021451E-07	-2.603660E-06	
2158	-2.822399E-07	-2.702752E-06	
2159	-2.579905E-07	-2.794055E-06	
2160	-2.304877E-07	-2.875379E-06	
2161	-2.010160E-07	-2.945498E-06	
2162	-1.707598E-07	-3.004125E-06	
2163	-1.406045E-07	-3.051673E-06	
2164	-1.110710E-07	-3.088934E-06	
2165	-8.235476E-08	-3.116805E-06	
2166	-5.441278E-08	-3.136094E-06	
2167	-2.705242E-08	-3.147415E-06	
2168	3.374838E-14	-3.151146E-06	
2169	2.705249E-08	-3.147415E-06	
2170	5.441285E-08	-3.136094E-06	
2171	8.235482E-08	-3.116805E-06	
2172	1.110711E-07	-3.088934E-06	
2173	1.406046E-07	-3.051673E-06	
2174	1.707599E-07	-3.004125E-06	
2175	2.010161E-07	-2.945498E-06	
2176	2.304878E-07	-2.875379E-06	
2177	2.579905E-07	-2.794055E-06	
2178	2.822400E-07	-2.702752E-06	
2179	3.021451E-07	-2.603660E-06	
2180	3.170879E-07	-2.499691E-06	
2181	3.270671E-07	-2.394010E-06	
2182	3.326516E-07	-2.289543E-06	
2183	3.347829E-07	-2.188605E-06	
2184	3.345298E-07	-2.092749E-06	
2185	3.328860E-07	-2.002802E-06	
2186	3.306520E-07	-1.919009E-06	
2187	3.283945E-07	-1.841199E-06	
2188	3.264523E-07	-1.768933E-06	
2189	3.249600E-07	-1.701612E-06	
2190	3.238696E-07	-1.638551E-06	
2191	3.229565E-07	-1.579029E-06	
2192	3.218046E-07	-1.522337E-06	
2193	3.197646E-07	-1.467831E-06	
2194	-2.632197E-07	-1.458641E-06	
2195	-2.654326E-07	-1.518225E-06	
2196	-2.669130E-07	-1.578848E-06	
2197	-2.683531E-07	-1.641572E-06	
2198	-2.702130E-07	-1.707435E-06	
2199	-2.727772E-07	-1.777446E-06	
2200	-2.761717E-07	-1.852566E-06	
2201	-2.803495E-07	-1.933688E-06	
2202	-2.850505E-07	-2.021575E-06	
2203	-2.897439E-07	-2.116741E-06	
2204	-2.935737E-07	-2.219267E-06	
2205	-2.953519E-07	-2.328541E-06	
2206	-2.936667E-07	-2.442971E-06	
2207	-2.871528E-07	-2.559814E-06	
2208	-2.748922E-07	-2.675304E-06	
2209	-2.567807E-07	-2.785183E-06	
2210	-2.336512E-07	-2.885537E-06	
2211	-2.070392E-07	-2.973578E-06	
2212	-1.787036E-07	-3.048034E-06	
2213	-1.501533E-07	-3.109006E-06	
2214	-1.223820E-07	-3.157494E-06	
2215	-9.584659E-08	-3.194870E-06	
2216	-7.059499E-08	-3.222473E-06	
2217	-4.642706E-08	-3.241407E-06	
2218	-2.301961E-08	-3.252458E-06	
2219	3.545593E-14	-3.256091E-06	
2220	2.301968E-08	-3.252458E-06	
2221	4.642713E-08	-3.241407E-06	
2222	7.059506E-08	-3.222473E-06	
2223	9.584666E-08	-3.194870E-06	
2224	1.223821E-07	-3.157495E-06	
2225	1.501534E-07	-3.109006E-06	
2226	1.787036E-07	-3.048034E-06	
2227	2.070392E-07	-2.973578E-06	
2228	2.336513E-07	-2.885537E-06	
2229	2.567808E-07	-2.785183E-06	
2230	2.748923E-07	-2.675304E-06	
2231	2.871529E-07	-2.559814E-06	
2232	2.936667E-07	-2.442971E-06	
2233	2.953519E-07	-2.328541E-06	
2234	2.935738E-07	-2.219267E-06	
2235	2.897440E-07	-2.116741E-06	
2236	2.850506E-07	-2.021575E-06	
2237	2.803496E-07	-1.933688E-06	
2238	2.761718E-07	-1.852566E-06	
2239	2.727773E-07	-1.777446E-06	
2240	2.702131E-07	-1.707435E-06	
2241	2.683532E-07	-1.641572E-06	
2242	2.669131E-07	-1.578848E-06	
2243	2.654327E-07	-1.518225E-06	
2244	2.632197E-07	-1.458641E-06	
2245	-2.010398E-07	-1.449460E-06	
2246	-2.032246E-07	-1.513653E-06	
2247	-2.048398E-07	-1.577726E-06	
2248	-2.065667E-07	-1.643166E-06	
2249	-2.088839E-07	-1.711330E-06	
2250	-2.121347E-07	-1.783493E-06	
2251	-2.165440E-07	-1.860886E-06	
2252	-2.221988E-07	-1.944705E-06	
2253	-2.289939E-07	-2.036076E-06	
2254	-2.365392E-07	-2.135957E-06	
2255	-2.440326E-07	-2.244932E-06	
2256	-2.501519E-07	-2.362845E-06	
2257	-2.530775E-07	-2.488279E-06	
2258	-2.508142E-07	-2.618088E-06	
2259	-2.418304E-07	-2.747350E-06	
2260	-2.257798E-07	-2.870119E-06	
2261	-2.038053E-07	-2.980883E-06	
2262	-1.781452E-07	-3.076002E-06	
2263	-1.512566E-07	-3.154315E-06	
2264	-1.250268E-07	-3.216708E-06	
2265	-1.004602E-07	-3.265146E-06	
2266	-7.780283E-08	-3.301796E-06	
2267	-5.684635E-08	-3.328519E-06	
2268	-3.718914E-08	-3.346701E-06	
2269	-1.838523E-08	-3.357265E-06	
2270	3.755998E-14	-3.360730E-06	
2271	1.838530E-08	-3.357265E-06	
2272	3.718921E-08	-3.346701E-06	
2273	5.684643E-08	-3.328519E-06	
2274	7.780291E-08	-3.301796E-06	
2275	1.004603E-07	-3.265146E-06	
2276	1.250269E-07	-3.216708E-06	
2277	1.512566E-07	-3.154315E-06	
2278	1.781453E-07	-3.076002E-06	
2279	2.038053E-07	-2.980883E-06	
2280	2.257799E-07	-2.870119E-06	
2281	2.418304E-07	-2.747350E-06	
2282	2.508143E-07	-2.618088E-06	
2283	2.530776E-07	-2.488279E-06	
2284	2.501520E-07	-2.362845E-06	
2285	2.440327E-07	-2.244933E-06	
2286	2.365393E-07	-2.135957E-06	
2287	2.289940E-07	-2.036076E-06	
2288	2.221988E-07	-1.944705E-06	
2289	2.165440E-07	-1.860886E-06	
2290	2.121347E-07	-1.783493E-06	
2291	2.088840E-07	-1.711330E-06	
2292	2.065668E-07	-1.643166E-06	
2293	2.048399E-07	-1.577726E-06	
2294	2.032247E-07	-1.513653E-06	
2295	2.010398E-07	-1.449460E-06	
2296	-1.338226E-07	-1.441034E-06	
2297	-1.357748E-07	-1.509133E-06	
2298	-1.373034E-07	-1.576060E-06	
2299	-1.390056E-07	-1.643685E-06	
2300	-1.413437E-07	-1.713625E-06	
2301	-1.447090E-07	-1.787379E-06	
2302	-1.494346E-07	-1.866411E-06	
2303	-1.557770E-07	-1.952197E-06	
2304	-1.638648E-07	-2.046234E-06	
2305	-1.735898E-07	-2.149995E-06	
2306	-1.844142E-07	-2.264765E-06	
2307	-1.950787E-07	-2.391214E-06	
2308	-2.034018E-07	-2.528581E-06	
2309	-2.064738E-07	-2.673576E-06	
2310	-2.016737E-07	-2.819752E-06	
2311	-1.880792E-07	-2.958422E-06	
2312	-1.673037E-07	-3.081357E-06	
2313	-1.427582E-07	-3.183669E-06	
2314	-1.179378E-07	-3.264765E-06	
2315	-9.507777E-08	-3.327096E-06	
2316	-7.492024E-08	-3.374162E-06	
2317	-5.724870E-08	-3.409138E-06	
2318	-4.147805E-08	-3.434381E-06	
2319	-2.700510E-08	-3.451468E-06	
2320	-1.331879E-08	-3.461373E-06	
2321	4.033825E-14	-3.464620E-06	
2322	1.331887E-08	-3.461373E-06	
2323	2.700518E-08	-3.451468E-06	
2324	4.147813E-08	-3.434381E-06	
2325	5.724879E-08	-3.409138E-06	
2326	7.492032E-08	-3.374162E-06	
2327	9.507785E-08	-3.327096E-06	
2328	1.179379E-07	-3.264765E-06	
2329	1.427582E-07	-3.183669E-06	
2330	1.673037E-07	-3.081357E-06	
2331	1.880793E-07	-2.958422E-06	
2332	2.016737E-07	-2.819752E-06	
2333	2.064739E-07	-2.673576E-06	
2334	2.034019E-07	-2.528581E-06	
2335	1.950788E-07	-2.391214E-06	
2336	1.844143E-07	-2.264765E-06	
2337	1.735898E-07	-2.149995E-06	
2338	1.638649E-07	-2.046234E-06	
2339	1.557770E-07	-1.952197E-06	
2340	1.494346E-07	-1.866411E-06	
2341	1.447091E-07	-1.787379E-06	
2342	1.413437E-07	-1.713625E-06	
2343	1.390056E-07	-1.643685E-06	
2344	1.373035E-07	-1.576060E-06	
2345	1.357749E-07	-1.509133E-06	
2346	1.338227E-07	-1.441034E-06	
2347	-6.249529E-08	-1.434057E-06	
2348	-6.402929E-08	-1.505138E-06	
2349	-6.523325E-08	-1.574255E-06	
2350	-6.653610E-08	-1.643537E-06	
2351	-6.834410E-08	-1.714761E-06	
2352	-7.107159E-08	-1.789579E-06	
2353	-7.514163E-08	-1.869631E-06	
2354	-8.098108E-08	-1.956617E-06	
2355	-8.899608E-08	-2.052358E-06	
2356	-9.949301E-08	-2.158830E-06	
2357	-1.124795E-07	-2.278127E-06	
2358	-1.272529E-07	-2.412215E-06	
2359	-1.415995E-07	-2.561878E-06	
2360	-1.515555E-07	-2.724614E-06	
2361	-1.524307E-07	-2.892256E-06	
2362	-1.419965E-07	-3.051425E-06	
2363	-1.225383E-07	-3.188845E-06	
2364	-9.960439E-08	-3.297782E-06	
2365	-7.820787E-08	-3.379509E-06	
2366	-6.055112E-08	-3.439571E-06	
2367	-4.652549E-08	-3.483721E-06	
2368	-3.510244E-08	-3.516147E-06	
2369	-2.531412E-08	-3.539471E-06	
2370	-1.647174E-08	-3.555265E-06	
2371	-8.129593E-09	-3.564433E-06	
2372	4.432563E-14	-3.567441E-06	
2373	8.129683E-09	-3.564433E-06	
2374	1.647183E-08	-3.555265E-06	
2375	2.531421E-08	-3.539471E-06	
2376	3.510253E-08	-3.516147E-06	
2377	4.652558E-08	-3.483721E-06	
2378	6.055120E-08	-3.439571E-06	
2379	7.820795E-08	-3.379509E-06	
2380	9.960447E-08	-3.297782E-06	
2381	1.225383E-07	-3.188845E-06	
2382	1.419966E-07	-3.051425E-06	
2383	1.524308E-07	-2.892256E-06	
2384	1.515555E-07	-2.724614E-06	
2385	1.415996E-07	-2.561878E-06	
2386	1.272530E-07	-2.412215E-06	
2387	1.124796E-07	-2.278127E-06	
2388	9.949308E-08	-2.158830E-06	
2389	8.899615E-08	-2.052358E-06	
2390	8.098115E-08	-1.956617E-06	
2391	7.514170E-08	-1.869631E-06	
2392	7.107166E-08	-1.789579E-06	
2393	6.834417E-08	-1.714761E-06	
2394	6.653617E-08	-1.643537E-06	
2395	6.523332E-08	-1.574255E-06	
2396	6.402936E-08	-1.505138E-06	
2397	6.249536E-08	-1.434057E-06	
2398	1.168540E-08	-1.429056E-06	
2399	1.070661E-08	-1.502034E-06	
2400	1.006269E-08	-1.572689E-06	
2401	9.568219E-09	-1.643166E-06	
2402	8.910500E-09	-1.715267E-06	
2403	7.698907E-09	-1.790723E-06	
2404	5.478490E-09	-1.871285E-06	
2405	1.709763E-09	-1.958798E-06	
2406	-4.252202E-09	-2.055296E-06	
2407	-1.315279E-08	-2.163129E-06	
2408	-2.575501E-08	-2.285123E-06	
2409	-4.250762E-08	-2.424629E-06	
2410	-6.265419E-08	-2.585368E-06	
2411	-8.134871E-08	-2.768057E-06	
2412	-9.076333E-08	-2.963952E-06	
2413	-8.481722E-08	-3.151387E-06	
2414	-6.712068E-08	-3.306213E-06	
2415	-4.736571E-08	-3.419410E-06	
2416	-3.237271E-08	-3.497772E-06	
2417	-2.306653E-08	-3.552741E-06	
2418	-1.726146E-08	-3.592661E-06	
2419	-1.315917E-08	-3.622047E-06	
2420	-9.739564E-09	-3.643332E-06	
2421	-6.507425E-09	-3.657850E-06	
2422	-3.271553E-09	-3.666322E-06	
2423	5.036341E-14	-3.669110E-06	
2424	3.271655E-09	-3.666322E-06	
2425	6.507528E-09	-3.657850E-06	
2426	9.739666E-09	-3.643333E-06	
2427	1.315926E-08	-3.622047E-06	
2428	1.726155E-08	-3.592661E-06	
2429	2.306661E-08	-3.552741E-06	
2430	3.237279E-08	-3.497772E-06	
2431	4.736578E-08	-3.419410E-06	
2432	6.712075E-08	-3.306213E-06	
2433	8.481729E-08	-3.151387E-06	
2434	9.076340E-08	-2.963952E-06	
2435	8.134878E-08	-2.768057E-06	
2436	6.265426E-08	-2.585368E-06	
2437	4.250769E-08	-2.424629E-06	
2438	2.575508E-08	-2.285123E-06	
2439	1.315286E-08	-2.163129E-06	
2440	4.252271E-09	-2.055296E-06	
2441	-1.709694E-09	-1.958798E-06	
2442	-5.478421E-09	-1.871285E-06	
2443	-7.698838E-09	-1.790723E-06	
2444	-8.910431E-09	-1.715267E-06	
2445	-9.568150E-09	-1.643166E-06	
2446	-1.006262E-08	-1.572689E-06	
2447	-1.070654E-08	-1.502034E-06	
2448	-1.168533E-08	-1.429056E-06	
2449	8.720559E-08	-1.426228E-06	
2450	8.683223E-08	-1.500024E-06	
2451	8.694506E-08	-1.571682E-06	
2452	8.763057E-08	-1.643002E-06	
2453	8.871100E-08	-1.715701E-06	
2454	8.990452E-08	-1.791537E-06	
2455	9.082047E-08	-1.872311E-06	
2456	9.091961E-08	-1.959923E-06	
2457	8.946326E-08	-2.056490E-06	
2458	8.544373E-08	-2.164528E-06	
2459	7.749488E-08	-2.287241E-06	
2460	6.381718E-08	-2.429052E-06	
2461	4.250129E-08	-2.595999E-06	
2462	1.309794E-08	-2.797700E-06	
2463	-9.539429E-09	-3.031936E-06	
2464	-1.179906E-08	-3.262497E-06	
2465	2.559429E-09	-3.437915E-06	
2466	1.446821E-08	-3.547961E-06	
2467	1.604215E-08	-3.616689E-06	
2468	1.303777E-08	-3.664542E-06	
2469	9.173465E-09	-3.699860E-06	
2470	5.819351E-09	-3.726364E-06	
2471	3.351620E-09	-3.745878E-06	
2472	1.720039E-09	-3.759346E-06	
2473	7.008102E-10	-3.767266E-06	
2474	6.216800E-14	-3.769882E-06	
2475	-7.006878E-10	-3.767266E-06	
2476	-1.719916E-09	-3.759346E-06	
2477	-3.351509E-09	-3.745878E-06	
2478	-5.819252E-09	-3.726364E-06	
2479	-9.173375E-09	-3.699860E-06	
2480	-1.303769E-08	-3.664542E-06	
2481	-1.604207E-08	-3.616689E-06	
2482	-1.446814E-08	-3.547961E-06	
2483	-2.559359E-09	-3.437915E-06	
2484	1.179913E-08	-3.262497E-06	
2485	9.539497E-09	-3.031936E-06	
2486	-1.309787E-08	-2.797700E-06	
2487	-4.250123E-08	-2.595999E-06	
2488	-6.381711E-08	-2.429052E-06	
2489	-7.749481E-08	-2.287241E-06	
2490	-8.544366E-08	-2.164528E-06	
2491	-8.946319E-08	-2.056490E-06	
2492	-9.091954E-08	-1.959923E-06	
2493	-9.082040E-08	-1.872311E-06	
2494	-8.990445E-08	-1.791537E-06	
2495	-8.871093E-08	-1.715701E-06	
2496	-8.763050E-08	-1.643002E-06	
2497	-8.694499E-08	-1.571682E-06	
2498	-8.683216E-08	-1.500024E-06	
2499	-8.720552E-08	-1.426228E-06	
2500	1.625324E-07	-1.425239E-06	
2501	1.626689E-07	-1.499103E-06	
2502	1.635763E-07	-1.571427E-06	
2503	1.655875E-07	-1.643367E-06	
2504	1.687995E-07	-1.716551E-06	
2505	1.731475E-07	-1.792733E-06	
2506	1.783928E-07	-1.873709E-06	
2507	1.841159E-07	-1.961365E-06	
2508	1.896895E-07	-2.057798E-06	
2509	1.942037E-07	-2.165508E-06	
2510	1.963033E-07	-2.287747E-06	
2511	1.938431E-07	-2.429069E-06	
2512	1.831095E-07	-2.597034E-06	
2513	1.575771E-07	-2.803004E-06	
2514	1.059194E-07	-3.082956E-06	
2515	8.854615E-08	-3.397780E-06	
2516	9.307969E-08	-3.586924E-06	
2517	7.643926E-08	-3.675931E-06	
2518	5.625951E-08	-3.732305E-06	
2519	3.990400E-08	-3.773531E-06	
2520	2.755624E-08	-3.805087E-06	
2521	1.849034E-08	-3.829407E-06	
2522	1.188325E-08	-3.847632E-06	
2523	7.009210E-09	-3.860359E-06	
2524	3.237071E-09	-3.867897E-06	
2525	7.975833E-14	-3.870395E-06	
2526	-3.236895E-09	-3.867897E-06	
2527	-7.009067E-09	-3.860359E-06	
2528	-1.188313E-08	-3.847632E-06	
2529	-1.849025E-08	-3.829407E-06	
2530	-2.755615E-08	-3.805087E-06	
2531	-3.990393E-08	-3.773531E-06	
2532	-5.625944E-08	-3.732305E-06	
2533	-7.643920E-08	-3.675931E-06	
2534	-9.307963E-08	-3.586924E-06	
2535	-8.854609E-08	-3.397780E-06	
2536	-1.059193E-07	-3.082956E-06	
2537	-1.575770E-07	-2.803004E-06	
2538	-1.831095E-07	-2.597034E-06	
2539	-1.938430E-07	-2.429069E-06	
2540	-1.963033E-07	-2.287747E-06	
2541	-1.942036E-07	-2.165508E-06	
2542	-1.896894E-07	-2.057798E-06	
2543	-1.841159E-07	-1.961365E-06	
2544	-1.783927E-07	-1.873709E-06	
2545	-1.731475E-07	-1.792734E-06	
2546	-1.687994E-07	-1.716551E-06	
2547	-1.655874E-07	-1.643367E-06	
2548	-1.635762E-07	-1.571427E-06	
2549	-1.626688E-07	-1.499103E-06	
2550	-1.625324E-07	-1.425239E-06	
2551	2.368536E-07	-1.425123E-06	
2552	2.369706E-07	-1.498963E-06	
2553	2.379729E-07	-1.571779E-06	
2554	2.409043E-07	-1.644328E-06	
2555	2.463032E-07	-1.718139E-06	
2556	2.543069E-07	-1.794904E-06	
2557	2.648115E-07	-1.876376E-06	
2558	2.775623E-07	-1.964403E-06	
2559	2.921940E-07	-2.061038E-06	
2560	3.082350E-07	-2.168731E-06	
2561	3.250670E-07	-2.290626E-06	
2562	3.418381E-07	-2.431247E-06	
2563	3.570342E-07	-2.597327E-06	
2564	3.677829E-07	-2.804209E-06	
2565	3.588855E-07	-3.068571E-06	
2566	2.571327E-07	-3.580862E-06	
2567	1.638281E-07	-3.730385E-06	
2568	1.052505E-07	-3.796767E-06	
2569	7.063540E-08	-3.844628E-06	
2570	4.810662E-08	-3.881028E-06	
2571	3.273410E-08	-3.909883E-06	
2572	2.194743E-08	-3.932573E-06	
2573	1.420335E-08	-3.949817E-06	
2574	8.460364E-09	-3.961970E-06	
2575	3.939669E-09	-3.969209E-06	
2576	2.150479E-13	-3.971614E-06	
2577	-3.939461E-09	-3.969209E-06	
2578	-8.460234E-09	-3.961970E-06	
2579	-1.420326E-08	-3.949817E-06	
2580	-2.194735E-08	-3.932573E-06	
2581	-3.273404E-08	-3.909883E-06	
2582	-4.810656E-08	-3.881028E-06	
2583	-7.063535E-08	-3.844628E-06	
2584	-1.052505E-07	-3.796767E-06	
2585	-1.638280E-07	-3.730385E-06	
2586	-2.571327E-07	-3.580862E-06	
2587	-3.588854E-07	-3.068571E-06	
2588	-3.677828E-07	-2.804209E-06	
2589	-3.570341E-07	-2.597328E-06	
2590	-3.418380E-07	-2.431247E-06	
2591	-3.250670E-07	-2.290626E-06	
2592	-3.082349E-07	-2.168731E-06	
2593	-2.921940E-07	-2.061038E-06	
2594	-2.775622E-07	-1.964403E-06	
2595	-2.648115E-07	-1.876376E-06	
2596	-2.543068E-07	-1.794904E-06	
2597	-2.463031E-07	-1.718139E-06	
2598	-2.409043E-07	-1.644328E-06	
2599	-2.379728E-07	-1.571779E-06	
2600	-2.369706E-07	-1.498963E-06	
2601	-2.368535E-07	-1.425123E-06	
2602	-1.695432E-07	-3.602230E-06	
2603	-1.463655E-07	-3.748355E-06	
2604	-1.254042E-07	-3.811430E-06	
2605	-1.078518E-07	-3.857997E-06	
2606	-9.233965E-08	-3.893633E-06	
2607	-7.738045E-08	-3.922022E-06	
2608	-6.240714E-08	-3.944414E-06	
2609	-4.718408E-08	-3.961468E-06	
2610	-3.166386E-08	-3.973505E-06	
2611	-1.589940E-08	-3.980680E-06	
2612	-7.430642E-14	-3.983065E-06	
2613	1.589933E-08	-3.980680E-06	
2614	3.166382E-08	-3.973505E-06	
2615	4.718406E-08	-3.961468E-06	
2616	6.240712E-08	-3.944414E-06	
2617	7.738044E-08	-3.922022E-06	
2618	9.233964E-08	-3.893633E-06	
2619	1.078518E-07	-3.857997E-06	
2620	1.254042E-07	-3.811430E-06	
2621	1.463655E-07	-3.748355E-06	
2622	1.695432E-07	-3.602230E-06	
2623	-1.254337E-07	-3.749713E-06	
2624	-1.018231E-07	-3.804474E-06	
2625	-9.492111E-08	-3.862820E-06	
2626	-8.539577E-08	-3.904281E-06	
2627	-7.469802E-08	-3.937640E-06	
2628	-6.331577E-08	-3.964595E-06	
2629	-5.139354E-08	-3.986147E-06	
2630	-3.900419E-08	-4.002705E-06	
2631	-2.623208E-08	-4.014462E-06	
2632	-1.318711E-08	-4.021497E-06	
2633	-2.137751E-14	-4.023839E-06	
2634	1.318706E-08	-4.021497E-06	
2635	2.623204E-08	-4.014462E-06	
2636	3.900416E-08	-4.002705E-06	
2637	5.139351E-08	-3.986147E-06	
2638	6.331576E-08	-3.964595E-06	
2639	7.469801E-08	-3.937640E-06	
2640	8.539576E-08	-3.904281E-06	
2641	9.492111E-08	-3.862820E-06	
2642	1.018231E-07	-3.804474E-06	
2643	1.254337E-07	-3.749713E-06	
2644	-1.135356E-07	-3.850690E-06	
2645	-9.196467E-08	-3.874650E-06	
2646	-7.870978E-08	-3.914051E-06	
2647	-7.030989E-08	-3.950990E-06	
2648	-6.175730E-08	-3.981734E-06	
2649	-5.260163E-08	-4.007276E-06	
2650	-4.284932E-08	-4.027971E-06	
2651	-3.259746E-08	-4.044022E-06	
2652	-2.195609E-08	-4.055489E-06	
2653	-1.104655E-08	-4.062377E-06	
2654	-1.357031E-14	-4.064676E-06	
2655	1.104652E-08	-4.062377E-06	
2656	2.195606E-08	-4.055489E-06	
2657	3.259743E-08	-4.044022E-06	
2658	4.284930E-08	-4.027971E-06	
2659	5.260161E-08	-4.007276E-06	
2660	6.175729E-08	-3.981734E-06	
2661	7.030988E-08	-3.950990E-06	
2662	7.870977E-08	-3.914051E-06	
2663	9.196466E-08	-3.874650E-06	
2664	1.135356E-07	-3.850690E-06	
2665	-1.096128E-07	-3.930384E-06	
2666	-8.947691E-08	-3.943364E-06	
2667	-7.412181E-08	-3.969715E-06	
2668	-6.310025E-08	-3.999336E-06	
2669	-5.414396E-08	-4.026851E-06	
2670	-4.558486E-08	-4.050615E-06	
2671	-3.691722E-08	-4.070312E-06	
2672	-2.799742E-08	-4.085786E-06	
2673	-1.882613E-08	-4.096931E-06	
2674	-9.463878E-09	-4.103659E-06	
2675	-8.195733E-15	-4.105909E-06	
2676	9.463861E-09	-4.103659E-06	
2677	1.882611E-08	-4.096931E-06	
2678	2.799740E-08	-4.085786E-06	
2679	3.691720E-08	-4.070312E-06	
2680	4.558485E-08	-4.050615E-06	
2681	5.414395E-08	-4.026851E-06	
2682	6.310023E-08	-3.999336E-06	
2683	7.412179E-08	-3.969715E-06	
2684	8.947690E-08	-3.943364E-06	
2685	1.096128E-07	-3.930384E-06	
2686	-1.077775E-07	-3.999153E-06	
2687	-8.921588E-08	-4.007543E-06	
2688	-7.332596E-08	-4.026323E-06	
2689	-6.074278E-08	-4.049747E-06	
2690	-5.055780E-08	-4.073456E-06	
2691	-4.164210E-08	-4.095092E-06	
2692	-3.323228E-08	-4.113565E-06	
2693	-2.496579E-08	-4.128345E-06	
2694	-1.669015E-08	-4.139108E-06	
2695	-8.363650E-09	-4.145648E-06	
2696	-4.774290E-15	-4.147841E-06	
2697	8.363640E-09	-4.145648E-06	
2698	1.669014E-08	-4.139108E-06	
2699	2.496578E-08	-4.128345E-06	
2700	3.323227E-08	-4.113565E-06	
2701	4.164208E-08	-4.095092E-06	
2702	5.055778E-08	-4.073456E-06	
2703	6.074277E-08	-4.049747E-06	
2704	7.332595E-08	-4.026323E-06	
2705	8.921587E-08	-4.007543E-06	
2706	1.077775E-07	-3.999154E-06	
2707	-1.064370E-07	-4.061007E-06	
2708	-8.912457E-08	-4.067555E-06	
2709	-7.342474E-08	-4.082078E-06	
2710	-6.013283E-08	-4.101074E-06	
2711	-4.906335E-08	-4.121396E-06	
2712	-3.957361E-08	-4.140813E-06	
2713	-3.103758E-08	-4.157938E-06	
2714	-2.301622E-08	-4.171927E-06	
2715	-1.525174E-08	-4.182250E-06	
2716	-7.604069E-09	-4.188572E-06	
2717	0.000000E+00	-4.190700E-06	
2718	7.604065E-09	-4.188572E-06	
2719	1.525173E-08	-4.182250E-06	
2720	2.301621E-08	-4.171927E-06	
2721	3.103757E-08	-4.157938E-06	
2722	3.957360E-08	-4.140813E-06	
2723	4.906334E-08	-4.121396E-06	
2724	6.013281E-08	-4.101074E-06	
2725	7.342473E-08	-4.082078E-06	
2726	8.912456E-08	-4.067555E-06	
2727	1.064370E-07	-4.061007E-06	
2728	-1.045122E-07	-4.118029E-06	
2729	-8.819448E-08	-4.124207E-06	
2730	-7.291260E-08	-4.136414E-06	
2731	-5.946750E-08	-4.152455E-06	
2732	-4.796589E-08	-4.170133E-06	
2733	-3.809300E-08	-4.187585E-06	
2734	-2.940594E-08	-4.203405E-06	
2735	-2.150955E-08	-4.216591E-06	
2736	-1.410735E-08	-4.226453E-06	
2737	-6.989154E-09	-4.232542E-06	
2738	0.000000E+00	-4.234599E-06	
2739	6.989153E-09	-4.232542E-06	
2740	1.410735E-08	-4.226453E-06	
2741	2.150955E-08	-4.216591E-06	
2742	2.940593E-08	-4.203405E-06	
2743	3.809299E-08	-4.187585E-06	
2744	4.796588E-08	-4.170133E-06	
2745	5.946749E-08	-4.152455E-06	
2746	7.291259E-08	-4.136414E-06	
2747	8.819447E-08	-4.124207E-06	
2748	1.045122E-07	-4.118029E-06	
2749	-1.012439E-07	-4.171588E-06	
2750	-8.568045E-08	-4.178258E-06	
2751	-7.087521E-08	-4.189281E-06	
2752	-5.758394E-08	-4.203415E-06	
2753	-4.601847E-08	-4.219179E-06	
2754	-3.604910E-08	-4.235075E-06	
2755	-2.739296E-08	-4.249781E-06	
2756	-1.973529E-08	-4.262238E-06	
2757	-1.278447E-08	-4.271663E-06	
2758	-6.283128E-09	-4.277523E-06	
2759	0.000000E+00	-4.279509E-06	
2760	6.283128E-09	-4.277523E-06	
2761	1.278447E-08	-4.271663E-06	
2762	1.973528E-08	-4.262238E-06	
2763	2.739295E-08	-4.249781E-06	
2764	3.604909E-08	-4.235075E-06	
2765	4.601846E-08	-4.219179E-06	
2766	5.758393E-08	-4.203415E-06	
2767	7.087521E-08	-4.189281E-06	
2768	8.568044E-08	-4.178258E-06	
2769	1.012439E-07	-4.171588E-06	
2770	-9.610759E-08	-4.222829E-06	
2771	-8.105813E-08	-4.230388E-06	
2772	-6.668090E-08	-4.240823E-06	
2773	-5.365434E-08	-4.253744E-06	
2774	-4.222904E-08	-4.268199E-06	
2775	-3.241113E-08	-4.282959E-06	
2776	-2.405616E-08	-4.296793E-06	
2777	-1.693048E-08	-4.308639E-06	
2778	-1.075206E-08	-4.317672E-06	
2779	-5.214588E-09	-4.323316E-06	
2780	0.000000E+00	-4.325235E-06	
2781	5.214588E-09	-4.323316E-06	
2782	1.075206E-08	-4.317672E-06	
2783	1.693048E-08	-4.308639E-06	
2784	2.405616E-08	-4.296793E-06	
2785	3.241113E-08	-4.282959E-06	
2786	4.222904E-08	-4.268199E-06	
2787	5.365433E-08	-4.253744E-06	
2788	6.668089E-08	-4.240823E-06	
2789	8.105813E-08	-4.230388E-06	
2790	9.610758E-08	-4.222829E-06	
2791	-8.898374E-08	-4.272886E-06	
2792	-7.415188E-08	-4.281213E-06	
2793	-5.995428E-08	-4.291295E-06	
2794	-4.698988E-08	-4.303449E-06	
2795	-3.564332E-08	-4.317034E-06	
2796	-2.610474E-08	-4.330978E-06	
2797	-1.836172E-08	-4.344127E-06	
2798	-1.222911E-08	-4.355446E-06	
2799	-7.395281E-09	-4.364111E-06	
2800	-3.466132E-09	-4.369539E-06	
2801	0.000000E+00	-4.371386E-06	
2802	3.466133E-09	-4.369539E-06	
2803	7.395282E-09	-4.364111E-06	
2804	1.222911E-08	-4.355446E-06	
2805	1.836172E-08	-4.344127E-06	
2806	2.610474E-08	-4.330978E-06	
2807	3.564332E-08	-4.317034E-06	
2808	4.698988E-08	-4.303449E-06	
2809	5.995428E-08	-4.291295E-06	
2810	7.415188E-08	-4.281213E-06	
2811	8.898374E-08	-4.272886E-06	
2812	-8.059710E-08	-4.322780E-06	
2813	-6.549241E-08	-4.331388E-06	
2814	-5.056436E-08	-4.341228E-06	
2815	-3.679077E-08	-4.352838E-06	
2816	-2.503580E-08	-4.365729E-06	
2817	-1.575524E-08	-4.378944E-06	
2818	-9.010994E-09	-4.391416E-06	
2819	-4.562352E-09	-4.402169E-06	
2820	-1.965374E-09	-4.410412E-06	
2821	-6.544962E-10	-4.415581E-06	
2822	0.000000E+00	-4.417341E-06	
2823	6.544997E-10	-4.415581E-06	
2824	1.965379E-09	-4.410412E-06	
2825	4.562357E-09	-4.402169E-06	
2826	9.010998E-09	-4.391416E-06	
2827	1.575524E-08	-4.378944E-06	
2828	2.503580E-08	-4.365729E-06	
2829	3.679077E-08	-4.352838E-06	
2830	5.056436E-08	-4.341228E-06	
2831	6.549240E-08	-4.331388E-06	
2832	8.059710E-08	-4.322780E-06	
