nodal
2
2832
52	-7.419174E-08	-1.043617E-07	
53	-5.133431E-08	-7.009431E-08	
54	-4.235528E-08	-6.145789E-08	
55	-3.737226E-08	-5.678531E-08	
56	-3.395401E-08	-5.409059E-08	
57	-3.133746E-08	-5.234338E-08	
58	-2.917940E-08	-5.116247E-08	
59	-2.730541E-08	-5.034573E-08	
60	-2.561394E-08	-4.978013E-08	
61	-2.404087E-08	-4.939537E-08	
62	-2.254315E-08	-4.914471E-08	
63	-2.109064E-08	-4.899520E-08	
64	-1.966170E-08	-4.892249E-08	
65	-1.824062E-08	-4.890778E-08	
66	-1.681605E-08	-4.893613E-08	
67	-1.537996E-08	-4.899534E-08	
68	-1.392695E-08	-4.907526E-08	
69	-1.245374E-08	-4.916734E-08	
70	-1.095877E-08	-4.926434E-08	
71	-9.441926E-09	-4.936013E-08	
72	-7.904295E-09	-4.944957E-08	
73	-6.347922E-09	-4.952840E-08	
74	-4.775645E-09	-4.959321E-08	
75	-3.190915E-09	-4.964135E-08	
76	-1.597634E-09	-4.967098E-08	
77	-4.203078E-15	-4.968098E-08	
78	1.597626E-09	-4.967098E-08	
79	3.190906E-09	-4.964135E-08	
80	4.775637E-09	-4.959321E-08	
81	6.347914E-09	-4.952840E-08	
82	7.904287E-09	-4.944957E-08	
83	9.441918E-09	-4.936013E-08	
84	1.095876E-08	-4.926434E-08	
85	1.245373E-08	-4.916734E-08	
86	1.392695E-08	-4.907526E-08	
87	1.537996E-08	-4.899534E-08	
88	1.681604E-08	-4.893613E-08	
89	1.824061E-08	-4.890778E-08	
90	1.966169E-08	-4.892249E-08	
91	2.109064E-08	-4.899520E-08	
92	2.254315E-08	-4.914471E-08	
93	2.404087E-08	-4.939537E-08	
94	2.561393E-08	-4.978013E-08	
95	2.730541E-08	-5.034573E-08	
96	2.917939E-08	-5.116247E-08	
97	3.133745E-08	-5.234339E-08	
98	3.395401E-08	-5.409059E-08	
99	3.737226E-08	-5.678531E-08	
100	4.235528E-08	-6.145789E-08	
101	5.133431E-08	-7.009431E-08	
102	7.419174E-08	-1.043617E-07	
103	-1.242863E-07	-1.812633E-07	
104	-1.044630E-07	-1.447053E-07	
105	-8.815318E-08	-1.255607E-07	
106	-7.755629E-08	-1.158552E-07	
107	-7.001925E-08	-1.099717E-07	
108	-6.422792E-08	-1.061774E-07	
109	-5.949330E-08	-1.036118E-07	
110	-5.543020E-08	-1.018425E-07	
111	-5.180708E-08	-1.006201E-07	
112	-4.847566E-08	-9.979036E-08	
113	-4.533622E-08	-9.925084E-08	
114	-4.231911E-08	-9.892967E-08	
115	-3.937451E-08	-9.877381E-08	
116	-3.646629E-08	-9.874260E-08	
117	-3.356825E-08	-9.880373E-08	
118	-3.066167E-08	-9.893093E-08	
119	-2.773360E-08	-9.910238E-08	
120	-2.477570E-08	-9.929974E-08	
121	-2.178335E-08	-9.950752E-08	
122	-1.875499E-08	-9.971262E-08	
123	-1.569153E-08	-9.990405E-08	
124	-1.259590E-08	-1.000727E-07	
125	-9.472678E-09	-1.002114E-07	
126	-6.327687E-09	-1.003143E-07	
127	-3.167678E-09	-1.003777E-07	
128	-8.067103E-15	-1.003991E-07	
129	3.167661E-09	-1.003777E-07	
130	6.327671E-09	-1.003143E-07	
131	9.472662E-09	-1.002113E-07	
132	1.259588E-08	-1.000727E-07	
133	1.569151E-08	-9.990405E-08	
134	1.875498E-08	-9.971262E-08	
135	2.178334E-08	-9.950752E-08	
136	2.477569E-08	-9.929974E-08	
137	2.773359E-08	-9.910238E-08	
138	3.066166E-08	-9.893093E-08	
139	3.356824E-08	-9.880373E-08	
140	3.646628E-08	-9.874260E-08	
141	3.937450E-08	-9.877382E-08	
142	4.231910E-08	-9.892967E-08	
143	4.533621E-08	-9.925084E-08	
144	4.847565E-08	-9.979036E-08	
145	5.180707E-08	-1.006201E-07	
146	5.543019E-08	-1.018425E-07	
147	5.949329E-08	-1.036118E-07	
148	6.422792E-08	-1.061774E-07	
149	7.001924E-08	-1.099717E-07	
150	7.755629E-08	-1.158552E-07	
151	8.815318E-08	-1.255607E-07	
152	1.044630E-07	-1.447053E-07	
153	1.242863E-07	-1.812633E-07	
154	-1.676710E-07	-2.477565E-07	
155	-1.486517E-07	-2.134278E-07	
156	-1.313574E-07	-1.906122E-07	
157	-1.172750E-07	-1.763888E-07	
158	-1.063167E-07	-1.673984E-07	
159	-9.752927E-08	-1.614222E-07	
160	-9.021219E-08	-1.573381E-07	
161	-8.389228E-08	-1.545054E-07	
162	-7.825433E-08	-1.525432E-07	
163	-7.308374E-08	-1.512093E-07	
164	-6.823067E-08	-1.503409E-07	
165	-6.358801E-08	-1.498228E-07	
166	-5.907793E-08	-1.495700E-07	
167	-5.464334E-08	-1.495170E-07	
168	-5.024239E-08	-1.496121E-07	
169	-4.584475E-08	-1.498130E-07	
170	-4.142904E-08	-1.500848E-07	
171	-3.698103E-08	-1.503982E-07	
172	-3.249219E-08	-1.507284E-07	
173	-2.795868E-08	-1.510544E-07	
174	-2.338044E-08	-1.513587E-07	
175	-1.876054E-08	-1.516269E-07	
176	-1.410447E-08	-1.518473E-07	
177	-9.419665E-09	-1.520111E-07	
178	-4.714932E-09	-1.521118E-07	
179	-1.078171E-14	-1.521458E-07	
180	4.714911E-09	-1.521118E-07	
181	9.419643E-09	-1.520111E-07	
182	1.410445E-08	-1.518473E-07	
183	1.876052E-08	-1.516269E-07	
184	2.338042E-08	-1.513587E-07	
185	2.795866E-08	-1.510544E-07	
186	3.249217E-08	-1.507284E-07	
187	3.698101E-08	-1.503982E-07	
188	4.142903E-08	-1.500848E-07	
189	4.584473E-08	-1.498130E-07	
190	5.024237E-08	-1.496121E-07	
191	5.464333E-08	-1.495170E-07	
192	5.907792E-08	-1.495700E-07	
193	6.358800E-08	-1.498228E-07	
194	6.823066E-08	-1.503409E-07	
195	7.308373E-08	-1.512093E-07	
196	7.825431E-08	-1.525432E-07	
197	8.389227E-08	-1.545054E-07	
198	9.021218E-08	-1.573381E-07	
199	9.752926E-08	-1.614222E-07	
200	1.063167E-07	-1.673984E-07	
201	1.172750E-07	-1.763888E-07	
202	1.313574E-07	-1.906122E-07	
203	1.486517E-07	-2.134278E-07	
204	1.676710E-07	-2.477565E-07	
205	-2.053073E-07	-3.091353E-07	
206	-1.873189E-07	-2.774600E-07	
207	-1.699350E-07	-2.537846E-07	
208	-1.544770E-07	-2.371269E-07	
209	-1.412993E-07	-2.256485E-07	
210	-1.301549E-07	-2.177011E-07	
211	-1.205785E-07	-2.121332E-07	
212	-1.121601E-07	-2.082175E-07	
213	-1.045798E-07	-2.054821E-07	
214	-9.759820E-08	-2.036128E-07	
215	-9.103742E-08	-2.023914E-07	
216	-8.476475E-08	-2.016605E-07	
217	-7.868092E-08	-2.013023E-07	
218	-7.271148E-08	-2.012255E-07	
219	-6.680092E-08	-2.013573E-07	
220	-6.090837E-08	-2.016385E-07	
221	-5.500450E-08	-2.020198E-07	
222	-4.906931E-08	-2.024598E-07	
223	-4.309028E-08	-2.029236E-07	
224	-3.706108E-08	-2.033818E-07	
225	-3.098039E-08	-2.038095E-07	
226	-2.485096E-08	-2.041866E-07	
227	-1.867880E-08	-2.044965E-07	
228	-1.247247E-08	-2.047267E-07	
229	-6.242340E-09	-2.048684E-07	
230	-1.276177E-14	-2.049162E-07	
231	6.242315E-09	-2.048684E-07	
232	1.247244E-08	-2.047267E-07	
233	1.867878E-08	-2.044965E-07	
234	2.485093E-08	-2.041866E-07	
235	3.098036E-08	-2.038095E-07	
236	3.706106E-08	-2.033818E-07	
237	4.309026E-08	-2.029236E-07	
238	4.906928E-08	-2.024598E-07	
239	5.500448E-08	-2.020198E-07	
240	6.090835E-08	-2.016385E-07	
241	6.680091E-08	-2.013573E-07	
242	7.271147E-08	-2.012255E-07	
243	7.868090E-08	-2.013023E-07	
244	8.476474E-08	-2.016605E-07	
245	9.103740E-08	-2.023914E-07	
246	9.759819E-08	-2.036128E-07	
247	1.045798E-07	-2.054821E-07	
248	1.121601E-07	-2.082175E-07	
249	1.205785E-07	-2.121332E-07	
250	1.301548E-07	-2.177011E-07	
251	1.412993E-07	-2.256485E-07	
252	1.544769E-07	-2.371269E-07	
253	1.699350E-07	-2.537846E-07	
254	1.873189E-07	-2.774600E-07	
255	2.053073E-07	-3.091353E-07	
256	-2.389267E-07	-3.672496E-07	
257	-2.216658E-07	-3.380635E-07	
258	-2.045737E-07	-3.147421E-07	
259	-1.885748E-07	-2.970294E-07	
260	-1.741545E-07	-2.839842E-07	
261	-1.613581E-07	-2.745095E-07	
262	-1.499878E-07	-2.676694E-07	
263	-1.397660E-07	-2.627638E-07	
264	-1.304290E-07	-2.592940E-07	
265	-1.217532E-07	-2.569042E-07	
266	-1.135587E-07	-2.553357E-07	
267	-1.057037E-07	-2.543960E-07	
268	-9.807769E-08	-2.539373E-07	
269	-9.059541E-08	-2.538436E-07	
270	-8.319178E-08	-2.540214E-07	
271	-7.581802E-08	-2.543939E-07	
272	-6.843858E-08	-2.548970E-07	
273	-6.102869E-08	-2.554766E-07	
274	-5.357252E-08	-2.560870E-07	
275	-4.606156E-08	-2.566898E-07	
276	-3.849335E-08	-2.572524E-07	
277	-3.087035E-08	-2.577481E-07	
278	-2.319899E-08	-2.581556E-07	
279	-1.548874E-08	-2.584583E-07	
280	-7.751348E-09	-2.586445E-07	
281	-1.493710E-14	-2.587074E-07	
282	7.751318E-09	-2.586445E-07	
283	1.548871E-08	-2.584583E-07	
284	2.319896E-08	-2.581556E-07	
285	3.087032E-08	-2.577481E-07	
286	3.849332E-08	-2.572524E-07	
287	4.606153E-08	-2.566898E-07	
288	5.357250E-08	-2.560870E-07	
289	6.102867E-08	-2.554766E-07	
290	6.843855E-08	-2.548970E-07	
291	7.581800E-08	-2.543939E-07	
292	8.319176E-08	-2.540215E-07	
293	9.059539E-08	-2.538436E-07	
294	9.807768E-08	-2.539373E-07	
295	1.057037E-07	-2.543960E-07	
296	1.135587E-07	-2.553357E-07	
297	1.217531E-07	-2.569042E-07	
298	1.304289E-07	-2.592940E-07	
299	1.397660E-07	-2.627638E-07	
300	1.499878E-07	-2.676694E-07	
301	1.613581E-07	-2.745095E-07	
302	1.741545E-07	-2.839842E-07	
303	1.885747E-07	-2.970294E-07	
304	2.045737E-07	-3.147421E-07	
305	2.216658E-07	-3.380635E-07	
306	2.389267E-07	-3.672496E-07	
307	-2.693269E-07	-4.230799E-07	
308	-2.526382E-07	-3.961276E-07	
309	-2.358915E-07	-3.736696E-07	
310	-2.197516E-07	-3.557408E-07	
311	-2.046553E-07	-3.418790E-07	
312	-1.907708E-07	-3.313969E-07	
313	-1.780589E-07	-3.235985E-07	
314	-1.663703E-07	-3.178878E-07	
315	-1.555183E-07	-3.137919E-07	
316	-1.453203E-07	-3.109470E-07	
317	-1.356148E-07	-3.090737E-07	
318	-1.262658E-07	-3.079550E-07	
319	-1.171624E-07	-3.074196E-07	
320	-1.082159E-07	-3.073300E-07	
321	-9.935684E-08	-3.075732E-07	
322	-9.053215E-08	-3.080557E-07	
323	-8.170249E-08	-3.086986E-07	
324	-7.284012E-08	-3.094352E-07	
325	-6.392702E-08	-3.102087E-07	
326	-5.495334E-08	-3.109711E-07	
327	-4.591601E-08	-3.116820E-07	
328	-3.681756E-08	-3.123079E-07	
329	-2.766500E-08	-3.128221E-07	
330	-1.846886E-08	-3.132040E-07	
331	-9.242266E-09	-3.134389E-07	
332	-1.707334E-14	-3.135182E-07	
333	9.242232E-09	-3.134389E-07	
334	1.846883E-08	-3.132040E-07	
335	2.766496E-08	-3.128221E-07	
336	3.681752E-08	-3.123079E-07	
337	4.591598E-08	-3.116820E-07	
338	5.495331E-08	-3.109711E-07	
339	6.392699E-08	-3.102087E-07	
340	7.284009E-08	-3.094352E-07	
341	8.170246E-08	-3.086986E-07	
342	9.053213E-08	-3.080557E-07	
343	9.935682E-08	-3.075732E-07	
344	1.082159E-07	-3.073300E-07	
345	1.171624E-07	-3.074196E-07	
346	1.262658E-07	-3.079550E-07	
347	1.356148E-07	-3.090737E-07	
348	1.453203E-07	-3.109470E-07	
349	1.555182E-07	-3.137919E-07	
350	1.663703E-07	-3.178878E-07	
351	1.780589E-07	-3.235985E-07	
352	1.907708E-07	-3.313969E-07	
353	2.046553E-07	-3.418790E-07	
354	2.197516E-07	-3.557408E-07	
355	2.358915E-07	-3.736697E-07	
356	2.526381E-07	-3.961276E-07	
357	2.693269E-07	-4.230799E-07	
358	-2.970788E-07	-4.771991E-07	
359	-2.808419E-07	-4.522397E-07	
360	-2.644324E-07	-4.308560E-07	
361	-2.483261E-07	-4.131997E-07	
362	-2.328828E-07	-3.990667E-07	
363	-2.182973E-07	-3.880389E-07	
364	-2.046135E-07	-3.796226E-07	
365	-1.917711E-07	-3.733411E-07	
366	-1.796544E-07	-3.687779E-07	
367	-1.681287E-07	-3.655868E-07	
368	-1.570615E-07	-3.634857E-07	
369	-1.463331E-07	-3.622453E-07	
370	-1.358408E-07	-3.616782E-07	
371	-1.254990E-07	-3.616297E-07	
372	-1.152393E-07	-3.619705E-07	
373	-1.050080E-07	-3.625916E-07	
374	-9.476479E-08	-3.634003E-07	
375	-8.448104E-08	-3.643175E-07	
376	-7.413811E-08	-3.652754E-07	
377	-6.372593E-08	-3.662163E-07	
378	-5.324168E-08	-3.670919E-07	
379	-4.268852E-08	-3.678618E-07	
380	-3.207455E-08	-3.684936E-07	
381	-2.141166E-08	-3.689626E-07	
382	-1.071461E-08	-3.692509E-07	
383	-1.800260E-14	-3.693482E-07	
384	1.071458E-08	-3.692509E-07	
385	2.141163E-08	-3.689626E-07	
386	3.207451E-08	-3.684936E-07	
387	4.268849E-08	-3.678618E-07	
388	5.324165E-08	-3.670919E-07	
389	6.372590E-08	-3.662163E-07	
390	7.413808E-08	-3.652754E-07	
391	8.448101E-08	-3.643175E-07	
392	9.476476E-08	-3.634003E-07	
393	1.050080E-07	-3.625916E-07	
394	1.152393E-07	-3.619705E-07	
395	1.254990E-07	-3.616297E-07	
396	1.358407E-07	-3.616782E-07	
397	1.463331E-07	-3.622453E-07	
398	1.570615E-07	-3.634857E-07	
399	1.681287E-07	-3.655868E-07	
400	1.796544E-07	-3.687779E-07	
401	1.917711E-07	-3.733411E-07	
402	2.046135E-07	-3.796227E-07	
403	2.182972E-07	-3.880389E-07	
404	2.328828E-07	-3.990667E-07	
405	2.483260E-07	-4.131997E-07	
406	2.644324E-07	-4.308560E-07	
407	2.808419E-07	-4.522398E-07	
408	2.970787E-07	-4.771991E-07	
409	-3.225888E-07	-5.299772E-07	
410	-3.067216E-07	-5.067975E-07	
411	-2.906204E-07	-4.865614E-07	
412	-2.746272E-07	-4.694629E-07	
413	-2.590245E-07	-4.554371E-07	
414	-2.439949E-07	-4.442367E-07	
415	-2.296165E-07	-4.355183E-07	
416	-2.158825E-07	-4.289129E-07	
417	-2.027305E-07	-4.240683E-07	
418	-1.900691E-07	-4.206701E-07	
419	-1.777972E-07	-4.184465E-07	
420	-1.658163E-07	-4.171661E-07	
421	-1.540371E-07	-4.166327E-07	
422	-1.423827E-07	-4.166793E-07	
423	-1.307893E-07	-4.171636E-07	
424	-1.192063E-07	-4.179632E-07	
425	-1.075953E-07	-4.189727E-07	
426	-9.592869E-08	-4.201014E-07	
427	-8.418904E-08	-4.212708E-07	
428	-7.236733E-08	-4.224141E-07	
429	-6.046197E-08	-4.234746E-07	
430	-4.847761E-08	-4.244051E-07	
431	-3.642402E-08	-4.251677E-07	
432	-2.431502E-08	-4.257332E-07	
433	-1.216741E-08	-4.260807E-07	
434	-1.740871E-14	-4.261979E-07	
435	1.216738E-08	-4.260807E-07	
436	2.431498E-08	-4.257332E-07	
437	3.642399E-08	-4.251677E-07	
438	4.847757E-08	-4.244051E-07	
439	6.046193E-08	-4.234746E-07	
440	7.236730E-08	-4.224141E-07	
441	8.418901E-08	-4.212708E-07	
442	9.592866E-08	-4.201014E-07	
443	1.075952E-07	-4.189727E-07	
444	1.192063E-07	-4.179632E-07	
445	1.307893E-07	-4.171636E-07	
446	1.423826E-07	-4.166793E-07	
447	1.540371E-07	-4.166327E-07	
448	1.658163E-07	-4.171661E-07	
449	1.777972E-07	-4.184465E-07	
450	1.900691E-07	-4.206701E-07	
451	2.027305E-07	-4.240683E-07	
452	2.158825E-07	-4.289129E-07	
453	2.296165E-07	-4.355183E-07	
454	2.439949E-07	-4.442367E-07	
455	2.590245E-07	-4.554372E-07	
456	2.746272E-07	-4.694630E-07	
457	2.906204E-07	-4.865614E-07	
458	3.067216E-07	-5.067976E-07	
459	3.225888E-07	-5.299772E-07	
460	-3.461712E-07	-5.816606E-07	
461	-3.306157E-07	-5.600755E-07	
462	-3.147935E-07	-5.409949E-07	
463	-2.989487E-07	-5.246212E-07	
464	-2.832961E-07	-5.109632E-07	
465	-2.679913E-07	-4.998793E-07	
466	-2.531191E-07	-4.911321E-07	
467	-2.387009E-07	-4.844385E-07	
468	-2.247096E-07	-4.795063E-07	
469	-2.110876E-07	-4.760568E-07	
470	-1.977622E-07	-4.738358E-07	
471	-1.846568E-07	-4.726167E-07	
472	-1.716979E-07	-4.722001E-07	
473	-1.588199E-07	-4.724116E-07	
474	-1.459671E-07	-4.730987E-07	
475	-1.330945E-07	-4.741280E-07	
476	-1.201677E-07	-4.753830E-07	
477	-1.071625E-07	-4.767621E-07	
478	-9.406403E-08	-4.781770E-07	
479	-8.086567E-08	-4.795518E-07	
480	-6.756821E-08	-4.808218E-07	
481	-5.417867E-08	-4.819332E-07	
482	-4.070928E-08	-4.828422E-07	
483	-2.717640E-08	-4.835154E-07	
484	-1.359948E-08	-4.839289E-07	
485	-1.593559E-14	-4.840683E-07	
486	1.359944E-08	-4.839289E-07	
487	2.717637E-08	-4.835154E-07	
488	4.070925E-08	-4.828423E-07	
489	5.417864E-08	-4.819332E-07	
490	6.756818E-08	-4.808218E-07	
491	8.086564E-08	-4.795518E-07	
492	9.406400E-08	-4.781771E-07	
493	1.071625E-07	-4.767621E-07	
494	1.201677E-07	-4.753830E-07	
495	1.330945E-07	-4.741280E-07	
496	1.459671E-07	-4.730987E-07	
497	1.588199E-07	-4.724116E-07	
498	1.716979E-07	-4.722001E-07	
499	1.846568E-07	-4.726167E-07	
500	1.977622E-07	-4.738358E-07	
501	2.110876E-07	-4.760569E-07	
502	2.247096E-07	-4.795063E-07	
503	2.387009E-07	-4.844385E-07	
504	2.531191E-07	-4.911321E-07	
505	2.679912E-07	-4.998793E-07	
506	2.832961E-07	-5.109632E-07	
507	2.989486E-07	-5.246212E-07	
508	3.147935E-07	-5.409949E-07	
509	3.306157E-07	-5.600755E-07	
510	3.461711E-07	-5.816606E-07	
511	-3.680768E-07	-6.324152E-07	
512	-3.527930E-07	-6.122645E-07	
513	-3.372256E-07	-5.943164E-07	
514	-3.215443E-07	-5.787650E-07	
515	-3.059076E-07	-5.656558E-07	
516	-2.904394E-07	-5.549108E-07	
517	-2.752178E-07	-5.463639E-07	
518	-2.602750E-07	-5.397963E-07	
519	-2.456050E-07	-5.349656E-07	
520	-2.311743E-07	-5.316268E-07	
521	-2.169333E-07	-5.295450E-07	
522	-2.028248E-07	-5.285023E-07	
523	-1.887915E-07	-5.283001E-07	
524	-1.747803E-07	-5.287598E-07	
525	-1.607452E-07	-5.297214E-07	
526	-1.466485E-07	-5.310427E-07	
527	-1.324619E-07	-5.325973E-07	
528	-1.181659E-07	-5.342739E-07	
529	-1.037497E-07	-5.359752E-07	
530	-8.921055E-08	-5.376164E-07	
531	-7.455251E-08	-5.391252E-07	
532	-5.978594E-08	-5.404413E-07	
533	-4.492633E-08	-5.415154E-07	
534	-2.999329E-08	-5.423096E-07	
535	-1.500958E-08	-5.427969E-07	
536	-1.517617E-14	-5.429611E-07	
537	1.500955E-08	-5.427969E-07	
538	2.999326E-08	-5.423096E-07	
539	4.492630E-08	-5.415154E-07	
540	5.978591E-08	-5.404413E-07	
541	7.455248E-08	-5.391253E-07	
542	8.921052E-08	-5.376164E-07	
543	1.037497E-07	-5.359752E-07	
544	1.181659E-07	-5.342740E-07	
545	1.324618E-07	-5.325973E-07	
546	1.466485E-07	-5.310427E-07	
547	1.607451E-07	-5.297215E-07	
548	1.747803E-07	-5.287598E-07	
549	1.887915E-07	-5.283002E-07	
550	2.028248E-07	-5.285023E-07	
551	2.169332E-07	-5.295450E-07	
552	2.311743E-07	-5.316268E-07	
553	2.456050E-07	-5.349656E-07	
554	2.602750E-07	-5.397963E-07	
555	2.752178E-07	-5.463640E-07	
556	2.904394E-07	-5.549108E-07	
557	3.059076E-07	-5.656558E-07	
558	3.215443E-07	-5.787650E-07	
559	3.372256E-07	-5.943164E-07	
560	3.527930E-07	-6.122645E-07	
561	3.680768E-07	-6.324152E-07	
562	-3.885115E-07	-6.823504E-07	
563	-3.734728E-07	-6.634958E-07	
564	-3.581420E-07	-6.466439E-07	
565	-3.426311E-07	-6.319719E-07	
566	-3.270514E-07	-6.195400E-07	
567	-3.114957E-07	-6.093063E-07	
568	-2.960284E-07	-6.011506E-07	
569	-2.806826E-07	-5.948993E-07	
570	-2.654628E-07	-5.903484E-07	
571	-2.503512E-07	-5.872810E-07	
572	-2.353153E-07	-5.854805E-07	
573	-2.203145E-07	-5.847384E-07	
574	-2.053059E-07	-5.848588E-07	
575	-1.902489E-07	-5.856610E-07	
576	-1.751077E-07	-5.869796E-07	
577	-1.598532E-07	-5.886648E-07	
578	-1.444640E-07	-5.905822E-07	
579	-1.289269E-07	-5.926115E-07	
580	-1.132362E-07	-5.946467E-07	
581	-9.739385E-08	-5.965951E-07	
582	-8.140847E-08	-5.983771E-07	
583	-6.529457E-08	-5.999257E-07	
584	-4.907169E-08	-6.011863E-07	
585	-3.276348E-08	-6.021169E-07	
586	-1.639666E-08	-6.026872E-07	
587	-1.492075E-14	-6.028793E-07	
588	1.639663E-08	-6.026872E-07	
589	3.276345E-08	-6.021169E-07	
590	4.907166E-08	-6.011863E-07	
591	6.529454E-08	-5.999257E-07	
592	8.140845E-08	-5.983771E-07	
593	9.739383E-08	-5.965951E-07	
594	1.132362E-07	-5.946467E-07	
595	1.289268E-07	-5.926115E-07	
596	1.444640E-07	-5.905822E-07	
597	1.598532E-07	-5.886649E-07	
598	1.751077E-07	-5.869796E-07	
599	1.902489E-07	-5.856610E-07	
600	2.053059E-07	-5.848589E-07	
601	2.203145E-07	-5.847384E-07	
602	2.353153E-07	-5.854805E-07	
603	2.503512E-07	-5.872810E-07	
604	2.654628E-07	-5.903484E-07	
605	2.806826E-07	-5.948994E-07	
606	2.960284E-07	-6.011506E-07	
607	3.114957E-07	-6.093063E-07	
608	3.270514E-07	-6.195400E-07	
609	3.426311E-07	-6.319720E-07	
610	3.581420E-07	-6.466439E-07	
611	3.734728E-07	-6.634958E-07	
612	3.885115E-07	-6.823504E-07	
613	-4.076467E-07	-7.315338E-07	
614	-3.928370E-07	-7.138565E-07	
615	-3.777310E-07	-6.980606E-07	
616	-3.623944E-07	-6.843023E-07	
617	-3.468990E-07	-6.726422E-07	
618	-3.313087E-07	-6.630565E-07	
619	-3.156716E-07	-6.554523E-07	
620	-3.000153E-07	-6.496859E-07	
621	-2.843480E-07	-6.455803E-07	
622	-2.686611E-07	-6.429403E-07	
623	-2.529339E-07	-6.415643E-07	
624	-2.371387E-07	-6.412520E-07	
625	-2.212453E-07	-6.418107E-07	
626	-2.052242E-07	-6.430583E-07	
627	-1.890498E-07	-6.448252E-07	
628	-1.727020E-07	-6.469554E-07	
629	-1.561671E-07	-6.493068E-07	
630	-1.394385E-07	-6.517513E-07	
631	-1.225170E-07	-6.541748E-07	
632	-1.054101E-07	-6.564769E-07	
633	-8.813158E-08	-6.585710E-07	
634	-7.070100E-08	-6.603838E-07	
635	-5.314277E-08	-6.618557E-07	
636	-3.548525E-08	-6.629401E-07	
637	-1.775986E-08	-6.636040E-07	
638	-1.456715E-14	-6.638275E-07	
639	1.775983E-08	-6.636040E-07	
640	3.548523E-08	-6.629401E-07	
641	5.314274E-08	-6.618557E-07	
642	7.070097E-08	-6.603838E-07	
643	8.813155E-08	-6.585710E-07	
644	1.054101E-07	-6.564769E-07	
645	1.225170E-07	-6.541748E-07	
646	1.394385E-07	-6.517513E-07	
647	1.561670E-07	-6.493068E-07	
648	1.727020E-07	-6.469554E-07	
649	1.890498E-07	-6.448252E-07	
650	2.052242E-07	-6.430583E-07	
651	2.212453E-07	-6.418107E-07	
652	2.371387E-07	-6.412520E-07	
653	2.529339E-07	-6.415643E-07	
654	2.686611E-07	-6.429404E-07	
655	2.843480E-07	-6.455803E-07	
656	3.000153E-07	-6.496859E-07	
657	3.156716E-07	-6.554523E-07	
658	3.313087E-07	-6.630566E-07	
659	3.468990E-07	-6.726422E-07	
660	3.623944E-07	-6.843023E-07	
661	3.777309E-07	-6.980607E-07	
662	3.928370E-07	-7.138565E-07	
663	4.076467E-07	-7.315338E-07	
664	-4.256261E-07	-7.800003E-07	
665	-4.110377E-07	-7.633992E-07	
666	-3.961504E-07	-7.486214E-07	
667	-3.809921E-07	-7.357987E-07	
668	-3.656008E-07	-7.249840E-07	
669	-3.500145E-07	-7.161586E-07	
670	-3.342639E-07	-7.092433E-07	
671	-3.183684E-07	-7.041120E-07	
672	-3.023348E-07	-7.006052E-07	
673	-2.861589E-07	-6.985425E-07	
674	-2.698278E-07	-6.977328E-07	
675	-2.533235E-07	-6.979820E-07	
676	-2.366257E-07	-6.990997E-07	
677	-2.197152E-07	-7.009022E-07	
678	-2.025757E-07	-7.032161E-07	
679	-1.851958E-07	-7.058795E-07	
680	-1.675698E-07	-7.087436E-07	
681	-1.496986E-07	-7.116727E-07	
682	-1.315896E-07	-7.145450E-07	
683	-1.132565E-07	-7.172528E-07	
684	-9.471927E-08	-7.197027E-07	
685	-7.600307E-08	-7.218154E-07	
686	-5.713787E-08	-7.235260E-07	
687	-3.815747E-08	-7.247839E-07	
688	-1.909861E-08	-7.255531E-07	
689	-1.455755E-14	-7.258119E-07	
690	1.909858E-08	-7.255531E-07	
691	3.815744E-08	-7.247839E-07	
692	5.713785E-08	-7.235260E-07	
693	7.600305E-08	-7.218154E-07	
694	9.471925E-08	-7.197027E-07	
695	1.132565E-07	-7.172528E-07	
696	1.315896E-07	-7.145450E-07	
697	1.496986E-07	-7.116727E-07	
698	1.675698E-07	-7.087436E-07	
699	1.851957E-07	-7.058796E-07	
700	2.025757E-07	-7.032161E-07	
701	2.197152E-07	-7.009022E-07	
702	2.366257E-07	-6.990997E-07	
703	2.533235E-07	-6.979820E-07	
704	2.698278E-07	-6.977328E-07	
705	2.861589E-07	-6.985426E-07	
706	3.023348E-07	-7.006053E-07	
707	3.183684E-07	-7.041120E-07	
708	3.342639E-07	-7.092433E-07	
709	3.500145E-07	-7.161586E-07	
710	3.656008E-07	-7.249841E-07	
711	3.809921E-07	-7.357988E-07	
712	3.961503E-07	-7.486215E-07	
713	4.110377E-07	-7.633992E-07	
714	4.256261E-07	-7.800003E-07	
715	-4.425703E-07	-8.277588E-07	
716	-4.282023E-07	-8.121494E-07	
717	-4.135329E-07	-7.983569E-07	
718	-3.985581E-07	-7.864872E-07	
719	-3.832871E-07	-7.765792E-07	
720	-3.677343E-07	-7.686103E-07	
721	-3.519136E-07	-7.625050E-07	
722	-3.358342E-07	-7.581452E-07	
723	-3.194991E-07	-7.553806E-07	
724	-3.029049E-07	-7.540389E-07	
725	-2.860432E-07	-7.539351E-07	
726	-2.689028E-07	-7.548786E-07	
727	-2.514715E-07	-7.566791E-07	
728	-2.337385E-07	-7.591510E-07	
729	-2.156961E-07	-7.621165E-07	
730	-1.973412E-07	-7.654080E-07	
731	-1.786760E-07	-7.688698E-07	
732	-1.597088E-07	-7.723589E-07	
733	-1.404542E-07	-7.757463E-07	
734	-1.209327E-07	-7.789170E-07	
735	-1.011708E-07	-7.817708E-07	
736	-8.119994E-08	-7.842226E-07	
737	-6.105625E-08	-7.862024E-07	
738	-4.077956E-08	-7.876556E-07	
739	-2.041260E-08	-7.885432E-07	
740	-1.485051E-14	-7.888417E-07	
741	2.041258E-08	-7.885432E-07	
742	4.077954E-08	-7.876556E-07	
743	6.105622E-08	-7.862024E-07	
744	8.119991E-08	-7.842226E-07	
745	1.011708E-07	-7.817708E-07	
746	1.209327E-07	-7.789170E-07	
747	1.404542E-07	-7.757463E-07	
748	1.597088E-07	-7.723589E-07	
749	1.786759E-07	-7.688698E-07	
750	1.973411E-07	-7.654080E-07	
751	2.156961E-07	-7.621165E-07	
752	2.337385E-07	-7.591510E-07	
753	2.514715E-07	-7.566792E-07	
754	2.689028E-07	-7.548787E-07	
755	2.860432E-07	-7.539351E-07	
756	3.029049E-07	-7.540389E-07	
757	3.194991E-07	-7.553806E-07	
758	3.358342E-07	-7.581453E-07	
759	3.519136E-07	-7.625051E-07	
760	3.677343E-07	-7.686103E-07	
761	3.832871E-07	-7.765792E-07	
762	3.985581E-07	-7.864873E-07	
763	4.135329E-07	-7.983570E-07	
764	4.282023E-07	-8.121494E-07	
765	4.425703E-07	-8.277589E-07	
766	-4.585792E-07	-8.747966E-07	
767	-4.444367E-07	-8.601097E-07	
768	-4.299892E-07	-8.472776E-07	
769	-4.152053E-07	-8.363783E-07	
770	-4.000691E-07	-8.274323E-07	
771	-3.845739E-07	-8.204067E-07	
772	-3.687175E-07	-8.152220E-07	
773	-3.524984E-07	-8.117603E-07	
774	-3.359139E-07	-8.098732E-07	
775	-3.189594E-07	-8.093913E-07	
776	-3.016286E-07	-8.101310E-07	
777	-2.839147E-07	-8.119017E-07	
778	-2.658115E-07	-8.145115E-07	
779	-2.473155E-07	-8.177710E-07	
780	-2.284264E-07	-8.214976E-07	
781	-2.091489E-07	-8.255173E-07	
782	-1.894927E-07	-8.296675E-07	
783	-1.694736E-07	-8.337978E-07	
784	-1.491136E-07	-8.377716E-07	
785	-1.284403E-07	-8.414670E-07	
786	-1.074869E-07	-8.447772E-07	
787	-8.629182E-08	-8.476109E-07	
788	-6.489787E-08	-8.498932E-07	
789	-4.335144E-08	-8.515655E-07	
790	-2.170178E-08	-8.525857E-07	
791	-1.458116E-14	-8.529285E-07	
792	2.170175E-08	-8.525857E-07	
793	4.335141E-08	-8.515655E-07	
794	6.489784E-08	-8.498932E-07	
795	8.629180E-08	-8.476109E-07	
796	1.074869E-07	-8.447772E-07	
797	1.284402E-07	-8.414671E-07	
798	1.491136E-07	-8.377717E-07	
799	1.694736E-07	-8.337978E-07	
800	1.894926E-07	-8.296675E-07	
801	2.091488E-07	-8.255173E-07	
802	2.284264E-07	-8.214976E-07	
803	2.473155E-07	-8.177710E-07	
804	2.658115E-07	-8.145115E-07	
805	2.839146E-07	-8.119017E-07	
806	3.016286E-07	-8.101310E-07	
807	3.189594E-07	-8.093913E-07	
808	3.359139E-07	-8.098733E-07	
809	3.524984E-07	-8.117603E-07	
810	3.687174E-07	-8.152221E-07	
811	3.845739E-07	-8.204067E-07	
812	4.000691E-07	-8.274323E-07	
813	4.152053E-07	-8.363784E-07	
814	4.299892E-07	-8.472777E-07	
815	4.444367E-07	-8.601098E-07	
816	4.585792E-07	-8.747966E-07	
817	-4.737345E-07	-9.210819E-07	
818	-4.598277E-07	-9.072640E-07	
819	-4.456104E-07	-8.953765E-07	
820	-4.310272E-07	-8.854686E-07	
821	-4.160399E-07	-8.775387E-07	
822	-4.006232E-07	-8.715387E-07	
823	-3.847596E-07	-8.673790E-07	
824	-3.684370E-07	-8.649355E-07	
825	-3.516461E-07	-8.640563E-07	
826	-3.343795E-07	-8.645693E-07	
827	-3.166312E-07	-8.662883E-07	
828	-2.983972E-07	-8.690196E-07	
829	-2.796759E-07	-8.725669E-07	
830	-2.604694E-07	-8.767358E-07	
831	-2.407842E-07	-8.813371E-07	
832	-2.206317E-07	-8.861900E-07	
833	-2.000291E-07	-8.911242E-07	
834	-1.789995E-07	-8.959818E-07	
835	-1.575721E-07	-9.006185E-07	
836	-1.357818E-07	-9.049049E-07	
837	-1.136692E-07	-9.087276E-07	
838	-9.127967E-08	-9.119893E-07	
839	-6.866323E-08	-9.146100E-07	
840	-4.587333E-08	-9.165270E-07	
841	-2.296621E-08	-9.176952E-07	
842	-1.349424E-14	-9.180876E-07	
843	2.296618E-08	-9.176952E-07	
844	4.587330E-08	-9.165270E-07	
845	6.866321E-08	-9.146100E-07	
846	9.127965E-08	-9.119893E-07	
847	1.136691E-07	-9.087276E-07	
848	1.357818E-07	-9.049049E-07	
849	1.575721E-07	-9.006185E-07	
850	1.789995E-07	-8.959818E-07	
851	2.000291E-07	-8.911243E-07	
852	2.206317E-07	-8.861900E-07	
853	2.407842E-07	-8.813371E-07	
854	2.604694E-07	-8.767358E-07	
855	2.796759E-07	-8.725669E-07	
856	2.983972E-07	-8.690196E-07	
857	3.166312E-07	-8.662883E-07	
858	3.343795E-07	-8.645693E-07	
859	3.516461E-07	-8.640563E-07	
860	3.684370E-07	-8.649355E-07	
861	3.847596E-07	-8.673790E-07	
862	4.006232E-07	-8.715387E-07	
863	4.160399E-07	-8.775387E-07	
864	4.310271E-07	-8.854686E-07	
865	4.456104E-07	-8.953765E-07	
866	4.598277E-07	-9.072640E-07	
867	4.737345E-07	-9.210819E-07	
868	-4.881001E-07	-9.665669E-07	
869	-4.744438E-07	-9.535791E-07	
870	-4.604689E-07	-9.426313E-07	
871	-4.460987E-07	-9.337419E-07	
872	-4.312754E-07	-9.268846E-07	
873	-4.159563E-07	-9.219916E-07	
874	-4.001104E-07	-9.189588E-07	
875	-3.837149E-07	-9.176507E-07	
876	-3.667538E-07	-9.179069E-07	
877	-3.492157E-07	-9.195480E-07	
878	-3.310940E-07	-9.223816E-07	
879	-3.123860E-07	-9.262075E-07	
880	-2.930934E-07	-9.308227E-07	
881	-2.732231E-07	-9.360255E-07	
882	-2.527870E-07	-9.416190E-07	
883	-2.318030E-07	-9.474144E-07	
884	-2.102951E-07	-9.532331E-07	
885	-1.882935E-07	-9.589087E-07	
886	-1.658345E-07	-9.642889E-07	
887	-1.429606E-07	-9.692368E-07	
888	-1.197197E-07	-9.736319E-07	
889	-9.616470E-08	-9.773709E-07	
890	-7.235302E-08	-9.803684E-07	
891	-4.834557E-08	-9.825576E-07	
892	-2.420605E-08	-9.838903E-07	
893	-1.179434E-14	-9.843378E-07	
894	2.420603E-08	-9.838903E-07	
895	4.834555E-08	-9.825576E-07	
896	7.235301E-08	-9.803684E-07	
897	9.616468E-08	-9.773709E-07	
898	1.197197E-07	-9.736319E-07	
899	1.429606E-07	-9.692368E-07	
900	1.658345E-07	-9.642889E-07	
901	1.882935E-07	-9.589087E-07	
902	2.102951E-07	-9.532331E-07	
903	2.318030E-07	-9.474145E-07	
904	2.527870E-07	-9.416191E-07	
905	2.732231E-07	-9.360255E-07	
906	2.930934E-07	-9.308227E-07	
907	3.123860E-07	-9.262076E-07	
908	3.310940E-07	-9.223817E-07	
909	3.492158E-07	-9.195481E-07	
910	3.667538E-07	-9.179069E-07	
911	3.837149E-07	-9.176507E-07	
912	4.001104E-07	-9.189588E-07	
913	4.159563E-07	-9.219916E-07	
914	4.312754E-07	-9.268846E-07	
915	4.460987E-07	-9.337419E-07	
916	4.604689E-07	-9.426313E-07	
917	4.744438E-07	-9.535792E-07	
918	4.881001E-07	-9.665669E-07	
919	-5.017235E-07	-1.011189E-06	
920	-4.883364E-07	-9.990078E-07	
921	-4.746197E-07	-9.890062E-07	
922	-4.604774E-07	-9.811706E-07	
923	-4.458341E-07	-9.754471E-07	
924	-4.306316E-07	-9.717451E-07	
925	-4.148260E-07	-9.699415E-07	
926	-3.983847E-07	-9.698856E-07	
927	-3.812846E-07	-9.714041E-07	
928	-3.635104E-07	-9.743065E-07	
929	-3.450534E-07	-9.783904E-07	
930	-3.259117E-07	-9.834463E-07	
931	-3.060893E-07	-9.892619E-07	
932	-2.855966E-07	-9.956263E-07	
933	-2.644505E-07	-1.002333E-06	
934	-2.426747E-07	-1.009185E-06	
935	-2.202994E-07	-1.015992E-06	
936	-1.973617E-07	-1.022581E-06	
937	-1.739051E-07	-1.028790E-06	
938	-1.499795E-07	-1.034474E-06	
939	-1.256402E-07	-1.039504E-06	
940	-1.009479E-07	-1.043773E-06	
941	-7.596776E-08	-1.047188E-06	
942	-5.076842E-08	-1.049678E-06	
943	-2.542138E-08	-1.051193E-06	
944	-9.710763E-15	-1.051702E-06	
945	2.542136E-08	-1.051193E-06	
946	5.076840E-08	-1.049679E-06	
947	7.596775E-08	-1.047188E-06	
948	1.009479E-07	-1.043773E-06	
949	1.256402E-07	-1.039504E-06	
950	1.499794E-07	-1.034474E-06	
951	1.739051E-07	-1.028790E-06	
952	1.973617E-07	-1.022581E-06	
953	2.202994E-07	-1.015992E-06	
954	2.426747E-07	-1.009185E-06	
955	2.644505E-07	-1.002333E-06	
956	2.855966E-07	-9.956263E-07	
957	3.060893E-07	-9.892619E-07	
958	3.259117E-07	-9.834463E-07	
959	3.450535E-07	-9.783905E-07	
960	3.635104E-07	-9.743065E-07	
961	3.812846E-07	-9.714041E-07	
962	3.983847E-07	-9.698856E-07	
963	4.148260E-07	-9.699416E-07	
964	4.306316E-07	-9.717451E-07	
965	4.458341E-07	-9.754471E-07	
966	4.604774E-07	-9.811706E-07	
967	4.746197E-07	-9.890062E-07	
968	4.883364E-07	-9.990078E-07	
969	5.017235E-07	-1.011189E-06	
970	-5.146350E-07	-1.054872E-06	
971	-5.015398E-07	-1.043489E-06	
972	-4.881006E-07	-1.034453E-06	
973	-4.742037E-07	-1.027717E-06	
974	-4.597579E-07	-1.023195E-06	
975	-4.446910E-07	-1.020773E-06	
976	-4.289473E-07	-1.020304E-06	
977	-4.124851E-07	-1.021619E-06	
978	-3.952744E-07	-1.024528E-06	
979	-3.772954E-07	-1.028826E-06	
980	-3.585374E-07	-1.034297E-06	
981	-3.389980E-07	-1.040721E-06	
982	-3.186829E-07	-1.047872E-06	
983	-2.976055E-07	-1.055529E-06	
984	-2.757869E-07	-1.063475E-06	
985	-2.532559E-07	-1.071499E-06	
986	-2.300487E-07	-1.079405E-06	
987	-2.062088E-07	-1.087006E-06	
988	-1.817869E-07	-1.094133E-06	
989	-1.568400E-07	-1.100630E-06	
990	-1.314315E-07	-1.106364E-06	
991	-1.056296E-07	-1.111217E-06	
992	-7.950742E-08	-1.115092E-06	
993	-5.314173E-08	-1.117915E-06	
994	-2.661210E-08	-1.119631E-06	
995	-8.010023E-15	-1.120206E-06	
996	2.661208E-08	-1.119631E-06	
997	5.314171E-08	-1.117915E-06	
998	7.950741E-08	-1.115092E-06	
999	1.056296E-07	-1.111217E-06	
1000	1.314315E-07	-1.106364E-06	
1001	1.568400E-07	-1.100630E-06	
1002	1.817869E-07	-1.094133E-06	
1003	2.062088E-07	-1.087006E-06	
1004	2.300487E-07	-1.079405E-06	
1005	2.532559E-07	-1.071499E-06	
1006	2.757869E-07	-1.063475E-06	
1007	2.976055E-07	-1.055529E-06	
1008	3.186829E-07	-1.047872E-06	
1009	3.389980E-07	-1.040721E-06	
1010	3.585374E-07	-1.034298E-06	
1011	3.772954E-07	-1.028826E-06	
1012	3.952744E-07	-1.024528E-06	
1013	4.124852E-07	-1.021619E-06	
1014	4.289473E-07	-1.020304E-06	
1015	4.446910E-07	-1.020773E-06	
1016	4.597579E-07	-1.023195E-06	
1017	4.742037E-07	-1.027717E-06	
1018	4.881006E-07	-1.034453E-06	
1019	5.015398E-07	-1.043489E-06	
1020	5.146350E-07	-1.054872E-06	
1021	-5.268485E-07	-1.097526E-06	
1022	-5.140712E-07	-1.086951E-06	
1023	-5.009317E-07	-1.078914E-06	
1024	-4.873003E-07	-1.073332E-06	
1025	-4.730713E-07	-1.070090E-06	
1026	-4.581599E-07	-1.069042E-06	
1027	-4.424998E-07	-1.070018E-06	
1028	-4.260407E-07	-1.072827E-06	
1029	-4.087459E-07	-1.077257E-06	
1030	-3.905913E-07	-1.083088E-06	
1031	-3.715636E-07	-1.090088E-06	
1032	-3.516599E-07	-1.098020E-06	
1033	-3.308865E-07	-1.106646E-06	
1034	-3.092594E-07	-1.115730E-06	
1035	-2.868033E-07	-1.125043E-06	
1036	-2.635515E-07	-1.134363E-06	
1037	-2.395458E-07	-1.143480E-06	
1038	-2.148362E-07	-1.152197E-06	
1039	-1.894801E-07	-1.160334E-06	
1040	-1.635420E-07	-1.167727E-06	
1041	-1.370927E-07	-1.174233E-06	
1042	-1.102087E-07	-1.179729E-06	
1043	-8.297101E-08	-1.184110E-06	
1044	-5.546475E-08	-1.187298E-06	
1045	-2.777780E-08	-1.189233E-06	
1046	-6.777336E-15	-1.189883E-06	
1047	2.777778E-08	-1.189233E-06	
1048	5.546474E-08	-1.187298E-06	
1049	8.297100E-08	-1.184110E-06	
1050	1.102086E-07	-1.179729E-06	
1051	1.370927E-07	-1.174233E-06	
1052	1.635420E-07	-1.167727E-06	
1053	1.894801E-07	-1.160334E-06	
1054	2.148362E-07	-1.152197E-06	
1055	2.395458E-07	-1.143480E-06	
1056	2.635515E-07	-1.134363E-06	
1057	2.868033E-07	-1.125043E-06	
1058	3.092594E-07	-1.115730E-06	
1059	3.308865E-07	-1.106646E-06	
1060	3.516599E-07	-1.098020E-06	
1061	3.715637E-07	-1.090088E-06	
1062	3.905913E-07	-1.083088E-06	
1063	4.087459E-07	-1.077257E-06	
1064	4.260407E-07	-1.072827E-06	
1065	4.424999E-07	-1.070018E-06	
1066	4.581599E-07	-1.069042E-06	
1067	4.730713E-07	-1.070090E-06	
1068	4.873003E-07	-1.073332E-06	
1069	5.009317E-07	-1.078914E-06	
1070	5.140713E-07	-1.086951E-06	
1071	5.268485E-07	-1.097527E-06	
1072	-5.383602E-07	-1.139053E-06	
1073	-5.259303E-07	-1.129309E-06	
1074	-5.131157E-07	-1.122318E-06	
1075	-4.997722E-07	-1.117961E-06	
1076	-4.857813E-07	-1.116085E-06	
1077	-4.710467E-07	-1.116516E-06	
1078	-4.554925E-07	-1.119054E-06	
1079	-4.390604E-07	-1.123483E-06	
1080	-4.217077E-07	-1.129571E-06	
1081	-4.034057E-07	-1.137076E-06	
1082	-3.841386E-07	-1.145748E-06	
1083	-3.639022E-07	-1.155333E-06	
1084	-3.427035E-07	-1.165576E-06	
1085	-3.205602E-07	-1.176227E-06	
1086	-2.975000E-07	-1.187041E-06	
1087	-2.735607E-07	-1.197782E-06	
1088	-2.487892E-07	-1.208228E-06	
1089	-2.232415E-07	-1.218169E-06	
1090	-1.969819E-07	-1.227413E-06	
1091	-1.700821E-07	-1.235788E-06	
1092	-1.426207E-07	-1.243140E-06	
1093	-1.146823E-07	-1.249338E-06	
1094	-8.635618E-08	-1.254273E-06	
1095	-5.773581E-08	-1.257859E-06	
1096	-2.891762E-08	-1.260036E-06	
1097	-5.795787E-15	-1.260766E-06	
1098	2.891761E-08	-1.260036E-06	
1099	5.773580E-08	-1.257859E-06	
1100	8.635617E-08	-1.254273E-06	
1101	1.146823E-07	-1.249338E-06	
1102	1.426207E-07	-1.243140E-06	
1103	1.700821E-07	-1.235788E-06	
1104	1.969819E-07	-1.227413E-06	
1105	2.232415E-07	-1.218169E-06	
1106	2.487892E-07	-1.208228E-06	
1107	2.735607E-07	-1.197782E-06	
1108	2.975000E-07	-1.187041E-06	
1109	3.205602E-07	-1.176227E-06	
1110	3.427035E-07	-1.165576E-06	
1111	3.639022E-07	-1.155333E-06	
1112	3.841386E-07	-1.145748E-06	
1113	4.034057E-07	-1.137076E-06	
1114	4.217077E-07	-1.129571E-06	
1115	4.390604E-07	-1.123483E-06	
1116	4.554925E-07	-1.119054E-06	
1117	4.710467E-07	-1.116516E-06	
1118	4.857813E-07	-1.116085E-06	
1119	4.997723E-07	-1.117961E-06	
1120	5.131157E-07	-1.122318E-06	
1121	5.259303E-07	-1.129309E-06	
1122	5.383602E-07	-1.139053E-06	
1123	-5.491485E-07	-1.179341E-06	
1124	-5.370983E-07	-1.170470E-06	
1125	-5.246365E-07	-1.164590E-06	
1126	-5.116060E-07	-1.161538E-06	
1127	-4.978764E-07	-1.161128E-06	
1128	-4.833416E-07	-1.163149E-06	
1129	-4.679169E-07	-1.167374E-06	
1130	-4.515368E-07	-1.173558E-06	
1131	-4.341528E-07	-1.181446E-06	
1132	-4.157321E-07	-1.190771E-06	
1133	-3.962559E-07	-1.201264E-06	
1134	-3.757186E-07	-1.212651E-06	
1135	-3.541273E-07	-1.224660E-06	
1136	-3.315009E-07	-1.237021E-06	
1137	-3.078700E-07	-1.249475E-06	
1138	-2.832761E-07	-1.261769E-06	
1139	-2.577712E-07	-1.273666E-06	
1140	-2.314172E-07	-1.284943E-06	
1141	-2.042849E-07	-1.295397E-06	
1142	-1.764536E-07	-1.304842E-06	
1143	-1.480095E-07	-1.313117E-06	
1144	-1.190453E-07	-1.320080E-06	
1145	-8.965880E-08	-1.325618E-06	
1146	-5.995206E-08	-1.329639E-06	
1147	-3.003009E-08	-1.332077E-06	
1148	-4.716511E-15	-1.332894E-06	
1149	3.003008E-08	-1.332077E-06	
1150	5.995205E-08	-1.329639E-06	
1151	8.965879E-08	-1.325618E-06	
1152	1.190452E-07	-1.320081E-06	
1153	1.480094E-07	-1.313117E-06	
1154	1.764535E-07	-1.304842E-06	
1155	2.042849E-07	-1.295397E-06	
1156	2.314172E-07	-1.284943E-06	
1157	2.577712E-07	-1.273666E-06	
1158	2.832761E-07	-1.261769E-06	
1159	3.078700E-07	-1.249475E-06	
1160	3.315009E-07	-1.237021E-06	
1161	3.541273E-07	-1.224660E-06	
1162	3.757186E-07	-1.212651E-06	
1163	3.962559E-07	-1.201264E-06	
1164	4.157322E-07	-1.190771E-06	
1165	4.341529E-07	-1.181446E-06	
1166	4.515368E-07	-1.173558E-06	
1167	4.679169E-07	-1.167374E-06	
1168	4.833416E-07	-1.163149E-06	
1169	4.978764E-07	-1.161128E-06	
1170	5.116061E-07	-1.161538E-06	
1171	5.246366E-07	-1.164590E-06	
1172	5.370983E-07	-1.170470E-06	
1173	5.491485E-07	-1.179341E-06	
1174	-5.591727E-07	-1.218268E-06	
1175	-5.475373E-07	-1.210332E-06	
1176	-5.354589E-07	-1.205642E-06	
1177	-5.227686E-07	-1.203993E-06	
1178	-5.093259E-07	-1.205159E-06	
1179	-4.950159E-07	-1.208894E-06	
1180	-4.797463E-07	-1.214939E-06	
1181	-4.634450E-07	-1.223020E-06	
1182	-4.460584E-07	-1.232855E-06	
1183	-4.275491E-07	-1.244154E-06	
1184	-4.078954E-07	-1.256623E-06	
1185	-3.870901E-07	-1.269967E-06	
1186	-3.651398E-07	-1.283894E-06	
1187	-3.420646E-07	-1.298116E-06	
1188	-3.178971E-07	-1.312353E-06	
1189	-2.926825E-07	-1.326336E-06	
1190	-2.664775E-07	-1.339812E-06	
1191	-2.393498E-07	-1.352543E-06	
1192	-2.113768E-07	-1.364312E-06	
1193	-1.826451E-07	-1.374921E-06	
1194	-1.532490E-07	-1.384198E-06	
1195	-1.232894E-07	-1.391993E-06	
1196	-9.287252E-08	-1.398185E-06	
1197	-6.210915E-08	-1.402677E-06	
1198	-3.111302E-08	-1.405400E-06	
1199	-3.335347E-15	-1.406312E-06	
1200	3.111301E-08	-1.405400E-06	
1201	6.210914E-08	-1.402677E-06	
1202	9.287252E-08	-1.398185E-06	
1203	1.232894E-07	-1.391993E-06	
1204	1.532490E-07	-1.384198E-06	
1205	1.826451E-07	-1.374921E-06	
1206	2.113768E-07	-1.364312E-06	
1207	2.393498E-07	-1.352543E-06	
1208	2.664775E-07	-1.339812E-06	
1209	2.926825E-07	-1.326336E-06	
1210	3.178971E-07	-1.312353E-06	
1211	3.420646E-07	-1.298116E-06	
1212	3.651398E-07	-1.283894E-06	
1213	3.870901E-07	-1.269967E-06	
1214	4.078954E-07	-1.256623E-06	
1215	4.275491E-07	-1.244154E-06	
1216	4.460584E-07	-1.232855E-06	
1217	4.634451E-07	-1.223020E-06	
1218	4.797463E-07	-1.214939E-06	
1219	4.950160E-07	-1.208894E-06	
1220	5.093260E-07	-1.205159E-06	
1221	5.227687E-07	-1.203993E-06	
1222	5.354589E-07	-1.205642E-06	
1223	5.475373E-07	-1.210332E-06	
1224	5.591727E-07	-1.218268E-06	
1225	-5.683719E-07	-1.255703E-06	
1226	-5.571890E-07	-1.248783E-06	
1227	-5.455268E-07	-1.245380E-06	
1228	-5.332064E-07	-1.245246E-06	
1229	-5.200785E-07	-1.248112E-06	
1230	-5.060209E-07	-1.253696E-06	
1231	-4.909346E-07	-1.261704E-06	
1232	-4.747418E-07	-1.271833E-06	
1233	-4.573835E-07	-1.283771E-06	
1234	-4.388185E-07	-1.297202E-06	
1235	-4.190218E-07	-1.311808E-06	
1236	-3.979840E-07	-1.327272E-06	
1237	-3.757110E-07	-1.343278E-06	
1238	-3.522233E-07	-1.359516E-06	
1239	-3.275554E-07	-1.375686E-06	
1240	-3.017559E-07	-1.391502E-06	
1241	-2.748860E-07	-1.406690E-06	
1242	-2.470190E-07	-1.420997E-06	
1243	-2.182392E-07	-1.434190E-06	
1244	-1.886405E-07	-1.446060E-06	
1245	-1.583253E-07	-1.456422E-06	
1246	-1.274029E-07	-1.465118E-06	
1247	-9.598836E-08	-1.472018E-06	
1248	-6.420096E-08	-1.477020E-06	
1249	-3.216330E-08	-1.480050E-06	
1250	-2.297683E-15	-1.481065E-06	
1251	3.216329E-08	-1.480050E-06	
1252	6.420095E-08	-1.477020E-06	
1253	9.598836E-08	-1.472018E-06	
1254	1.274029E-07	-1.465118E-06	
1255	1.583253E-07	-1.456422E-06	
1256	1.886405E-07	-1.446060E-06	
1257	2.182392E-07	-1.434190E-06	
1258	2.470190E-07	-1.420997E-06	
1259	2.748860E-07	-1.406690E-06	
1260	3.017559E-07	-1.391502E-06	
1261	3.275554E-07	-1.375686E-06	
1262	3.522233E-07	-1.359516E-06	
1263	3.757111E-07	-1.343278E-06	
1264	3.979841E-07	-1.327272E-06	
1265	4.190218E-07	-1.311809E-06	
1266	4.388186E-07	-1.297202E-06	
1267	4.573835E-07	-1.283771E-06	
1268	4.747418E-07	-1.271833E-06	
1269	4.909346E-07	-1.261704E-06	
1270	5.060209E-07	-1.253696E-06	
1271	5.200786E-07	-1.248112E-06	
1272	5.332064E-07	-1.245246E-06	
1273	5.455269E-07	-1.245381E-06	
1274	5.571890E-07	-1.248783E-06	
1275	5.683719E-07	-1.255703E-06	
1276	-5.766635E-07	-1.291508E-06	
1277	-5.659732E-07	-1.285705E-06	
1278	-5.547622E-07	-1.283707E-06	
1279	-5.428434E-07	-1.285215E-06	
1280	-5.300609E-07	-1.289918E-06	
1281	-5.162862E-07	-1.297497E-06	
1282	-5.014147E-07	-1.307621E-06	
1283	-4.853635E-07	-1.319955E-06	
1284	-4.680689E-07	-1.334160E-06	
1285	-4.494852E-07	-1.349890E-06	
1286	-4.295840E-07	-1.366803E-06	
1287	-4.083532E-07	-1.384555E-06	
1288	-3.857974E-07	-1.402806E-06	
1289	-3.619371E-07	-1.421224E-06	
1290	-3.368084E-07	-1.439485E-06	
1291	-3.104627E-07	-1.457282E-06	
1292	-2.829659E-07	-1.474322E-06	
1293	-2.543969E-07	-1.490334E-06	
1294	-2.248469E-07	-1.505067E-06	
1295	-1.944175E-07	-1.518300E-06	
1296	-1.632193E-07	-1.529833E-06	
1297	-1.313703E-07	-1.539501E-06	
1298	-9.899420E-08	-1.547165E-06	
1299	-6.621926E-08	-1.552716E-06	
1300	-3.317676E-08	-1.556078E-06	
1301	-1.462567E-15	-1.557203E-06	
1302	3.317676E-08	-1.556078E-06	
1303	6.621926E-08	-1.552716E-06	
1304	9.899420E-08	-1.547165E-06	
1305	1.313703E-07	-1.539501E-06	
1306	1.632193E-07	-1.529833E-06	
1307	1.944175E-07	-1.518300E-06	
1308	2.248469E-07	-1.505067E-06	
1309	2.543969E-07	-1.490334E-06	
1310	2.829659E-07	-1.474322E-06	
1311	3.104627E-07	-1.457282E-06	
1312	3.368084E-07	-1.439485E-06	
1313	3.619371E-07	-1.421224E-06	
1314	3.857974E-07	-1.402806E-06	
1315	4.083532E-07	-1.384555E-06	
1316	4.295840E-07	-1.366803E-06	
1317	4.494853E-07	-1.349890E-06	
1318	4.680689E-07	-1.334160E-06	
1319	4.853636E-07	-1.319955E-06	
1320	5.014148E-07	-1.307621E-06	
1321	5.162862E-07	-1.297497E-06	
1322	5.300609E-07	-1.289918E-06	
1323	5.428435E-07	-1.285215E-06	
1324	5.547623E-07	-1.283707E-06	
1325	5.659733E-07	-1.285705E-06	
1326	5.766636E-07	-1.291508E-06	
1327	-5.839422E-07	-1.325534E-06	
1328	-5.737863E-07	-1.320974E-06	
1329	-5.630634E-07	-1.320515E-06	
1330	-5.515803E-07	-1.323809E-06	
1331	-5.391762E-07	-1.330502E-06	
1332	-5.257182E-07	-1.340232E-06	
1333	-5.110973E-07	-1.352635E-06	
1334	-4.952257E-07	-1.367343E-06	
1335	-4.780351E-07	-1.383986E-06	
1336	-4.594753E-07	-1.402191E-06	
1337	-4.395135E-07	-1.421587E-06	
1338	-4.181348E-07	-1.441804E-06	
1339	-3.953414E-07	-1.462476E-06	
1340	-3.711533E-07	-1.483244E-06	
1341	-3.456077E-07	-1.503762E-06	
1342	-3.187589E-07	-1.523698E-06	
1343	-2.906770E-07	-1.542736E-06	
1344	-2.614470E-07	-1.560586E-06	
1345	-2.311671E-07	-1.576981E-06	
1346	-1.999471E-07	-1.591681E-06	
1347	-1.679060E-07	-1.604476E-06	
1348	-1.351709E-07	-1.615190E-06	
1349	-1.018743E-07	-1.623674E-06	
1350	-6.815338E-08	-1.629816E-06	
1351	-3.414801E-08	-1.633534E-06	
1352	-9.231992E-16	-1.634778E-06	
1353	3.414801E-08	-1.633534E-06	
1354	6.815338E-08	-1.629816E-06	
1355	1.018743E-07	-1.623674E-06	
1356	1.351709E-07	-1.615190E-06	
1357	1.679060E-07	-1.604476E-06	
1358	1.999471E-07	-1.591681E-06	
1359	2.311671E-07	-1.576981E-06	
1360	2.614470E-07	-1.560586E-06	
1361	2.906770E-07	-1.542736E-06	
1362	3.187589E-07	-1.523698E-06	
1363	3.456078E-07	-1.503762E-06	
1364	3.711533E-07	-1.483244E-06	
1365	3.953414E-07	-1.462476E-06	
1366	4.181348E-07	-1.441804E-06	
1367	4.395135E-07	-1.421587E-06	
1368	4.594753E-07	-1.402191E-06	
1369	4.780352E-07	-1.383986E-06	
1370	4.952258E-07	-1.367343E-06	
1371	5.110973E-07	-1.352635E-06	
1372	5.257183E-07	-1.340232E-06	
1373	5.391763E-07	-1.330502E-06	
1374	5.515803E-07	-1.323809E-06	
1375	5.630634E-07	-1.320515E-06	
1376	5.737864E-07	-1.320974E-06	
1377	5.839422E-07	-1.325534E-06	
1378	-5.900774E-07	-1.357631E-06	
1379	-5.804995E-07	-1.354460E-06	
1380	-5.703029E-07	-1.355696E-06	
1381	-5.592916E-07	-1.360937E-06	
1382	-5.473022E-07	-1.369783E-06	
1383	-5.341988E-07	-1.381834E-06	
1384	-5.198691E-07	-1.396688E-06	
1385	-5.042210E-07	-1.413946E-06	
1386	-4.871814E-07	-1.433207E-06	
1387	-4.686949E-07	-1.454070E-06	
1388	-4.487240E-07	-1.476134E-06	
1389	-4.272493E-07	-1.499002E-06	
1390	-4.042703E-07	-1.522279E-06	
1391	-3.798056E-07	-1.545579E-06	
1392	-3.538930E-07	-1.568528E-06	
1393	-3.265892E-07	-1.590768E-06	
1394	-2.979690E-07	-1.611959E-06	
1395	-2.681236E-07	-1.631789E-06	
1396	-2.371588E-07	-1.649970E-06	
1397	-2.051929E-07	-1.666248E-06	
1398	-1.723543E-07	-1.680399E-06	
1399	-1.387789E-07	-1.692234E-06	
1400	-1.046088E-07	-1.701599E-06	
1401	-6.998975E-08	-1.708373E-06	
1402	-3.507017E-08	-1.712471E-06	
1403	-1.401303E-17	-1.713843E-06	
1404	3.507017E-08	-1.712471E-06	
1405	6.998975E-08	-1.708373E-06	
1406	1.046088E-07	-1.701599E-06	
1407	1.387789E-07	-1.692234E-06	
1408	1.723543E-07	-1.680399E-06	
1409	2.051929E-07	-1.666248E-06	
1410	2.371588E-07	-1.649970E-06	
1411	2.681236E-07	-1.631789E-06	
1412	2.979690E-07	-1.611959E-06	
1413	3.265892E-07	-1.590768E-06	
1414	3.538930E-07	-1.568528E-06	
1415	3.798056E-07	-1.545579E-06	
1416	4.042703E-07	-1.522279E-06	
1417	4.272493E-07	-1.499002E-06	
1418	4.487240E-07	-1.476134E-06	
1419	4.686949E-07	-1.454070E-06	
1420	4.871814E-07	-1.433207E-06	
1421	5.042211E-07	-1.413946E-06	
1422	5.198691E-07	-1.396688E-06	
1423	5.341989E-07	-1.381834E-06	
1424	5.473022E-07	-1.369783E-06	
1425	5.592917E-07	-1.360937E-06	
1426	5.703030E-07	-1.355696E-06	
1427	5.804995E-07	-1.354460E-06	
1428	5.900774E-07	-1.357631E-06	
1429	-5.949122E-07	-1.387638E-06	
1430	-5.859565E-07	-1.386031E-06	
1431	-5.763260E-07	-1.389137E-06	
1432	-5.658247E-07	-1.396502E-06	
1433	-5.542893E-07	-1.407680E-06	
1434	-5.415831E-07	-1.422229E-06	
1435	-5.275912E-07	-1.439716E-06	
1436	-5.122178E-07	-1.459708E-06	
1437	-4.953844E-07	-1.481775E-06	
1438	-4.770296E-07	-1.505487E-06	
1439	-4.571097E-07	-1.530414E-06	
1440	-4.356001E-07	-1.556129E-06	
1441	-4.124959E-07	-1.582206E-06	
1442	-3.878134E-07	-1.608229E-06	
1443	-3.615905E-07	-1.633794E-06	
1444	-3.338864E-07	-1.658513E-06	
1445	-3.047804E-07	-1.682020E-06	
1446	-2.743707E-07	-1.703978E-06	
1447	-2.427714E-07	-1.724079E-06	
1448	-2.101102E-07	-1.742049E-06	
1449	-1.765252E-07	-1.757652E-06	
1450	-1.421623E-07	-1.770687E-06	
1451	-1.071729E-07	-1.780992E-06	
1452	-7.171149E-08	-1.788441E-06	
1453	-3.593469E-08	-1.792945E-06	
1454	1.268371E-15	-1.794453E-06	
1455	3.593469E-08	-1.792945E-06	
1456	7.171149E-08	-1.788441E-06	
1457	1.071729E-07	-1.780992E-06	
1458	1.421623E-07	-1.770687E-06	
1459	1.765252E-07	-1.757652E-06	
1460	2.101102E-07	-1.742049E-06	
1461	2.427714E-07	-1.724079E-06	
1462	2.743707E-07	-1.703978E-06	
1463	3.047805E-07	-1.682020E-06	
1464	3.338864E-07	-1.658513E-06	
1465	3.615906E-07	-1.633794E-06	
1466	3.878135E-07	-1.608229E-06	
1467	4.124959E-07	-1.582206E-06	
1468	4.356001E-07	-1.556129E-06	
1469	4.571098E-07	-1.530414E-06	
1470	4.770296E-07	-1.505487E-06	
1471	4.953844E-07	-1.481775E-06	
1472	5.122178E-07	-1.459708E-06	
1473	5.275912E-07	-1.439716E-06	
1474	5.415831E-07	-1.422229E-06	
1475	5.542893E-07	-1.407680E-06	
1476	5.658247E-07	-1.396502E-06	
1477	5.763261E-07	-1.389137E-06	
1478	5.859566E-07	-1.386031E-06	
1479	5.949122E-07	-1.387638E-06	
1480	-5.982608E-07	-1.415398E-06	
1481	-5.899723E-07	-1.415554E-06	
1482	-5.809481E-07	-1.420727E-06	
1483	-5.709968E-07	-1.430407E-06	
1484	-5.599583E-07	-1.444105E-06	
1485	-5.476972E-07	-1.461341E-06	
1486	-5.340972E-07	-1.481648E-06	
1487	-5.190585E-07	-1.504566E-06	
1488	-5.024966E-07	-1.529634E-06	
1489	-4.843426E-07	-1.556396E-06	
1490	-4.645453E-07	-1.584390E-06	
1491	-4.430724E-07	-1.613158E-06	
1492	-4.199135E-07	-1.642242E-06	
1493	-3.950814E-07	-1.671191E-06	
1494	-3.686134E-07	-1.699568E-06	
1495	-3.405707E-07	-1.726953E-06	
1496	-3.110382E-07	-1.752949E-06	
1497	-2.801215E-07	-1.777192E-06	
1498	-2.479443E-07	-1.799351E-06	
1499	-2.146447E-07	-1.819133E-06	
1500	-1.803717E-07	-1.836287E-06	
1501	-1.452819E-07	-1.850602E-06	
1502	-1.095362E-07	-1.861907E-06	
1503	-7.329783E-08	-1.870074E-06	
1504	-3.673101E-08	-1.875010E-06	
1505	1.122952E-15	-1.876661E-06	
1506	3.673101E-08	-1.875010E-06	
1507	7.329784E-08	-1.870074E-06	
1508	1.095362E-07	-1.861907E-06	
1509	1.452819E-07	-1.850602E-06	
1510	1.803717E-07	-1.836287E-06	
1511	2.146447E-07	-1.819133E-06	
1512	2.479443E-07	-1.799351E-06	
1513	2.801215E-07	-1.777192E-06	
1514	3.110382E-07	-1.752949E-06	
1515	3.405707E-07	-1.726953E-06	
1516	3.686134E-07	-1.699568E-06	
1517	3.950815E-07	-1.671191E-06	
1518	4.199135E-07	-1.642242E-06	
1519	4.430724E-07	-1.613158E-06	
1520	4.645453E-07	-1.584390E-06	
1521	4.843427E-07	-1.556396E-06	
1522	5.024966E-07	-1.529634E-06	
1523	5.190585E-07	-1.504566E-06	
1524	5.340972E-07	-1.481648E-06	
1525	5.476972E-07	-1.461341E-06	
1526	5.599584E-07	-1.444105E-06	
1527	5.709968E-07	-1.430407E-06	
1528	5.809481E-07	-1.420727E-06	
1529	5.899723E-07	-1.415554E-06	
1530	5.982609E-07	-1.415398E-06	
1531	-5.999075E-07	-1.440749E-06	
1532	-5.923301E-07	-1.442895E-06	
1533	-5.839528E-07	-1.450351E-06	
1534	-5.745933E-07	-1.462554E-06	
1535	-5.640987E-07	-1.478970E-06	
1536	-5.523370E-07	-1.499087E-06	
1537	-5.391915E-07	-1.522409E-06	
1538	-5.245582E-07	-1.548448E-06	
1539	-5.083452E-07	-1.576721E-06	
1540	-4.904744E-07	-1.606740E-06	
1541	-4.708841E-07	-1.638015E-06	
1542	-4.495326E-07	-1.670055E-06	
1543	-4.264016E-07	-1.702365E-06	
1544	-4.014989E-07	-1.734458E-06	
1545	-3.748602E-07	-1.765859E-06	
1546	-3.465492E-07	-1.796109E-06	
1547	-3.166566E-07	-1.824778E-06	
1548	-2.852970E-07	-1.851472E-06	
1549	-2.526052E-07	-1.875834E-06	
1550	-2.187315E-07	-1.897552E-06	
1551	-1.838372E-07	-1.916358E-06	
1552	-1.480903E-07	-1.932033E-06	
1553	-1.116618E-07	-1.944400E-06	
1554	-7.472345E-08	-1.953325E-06	
1555	-3.744625E-08	-1.958717E-06	
1556	1.343594E-15	-1.960521E-06	
1557	3.744626E-08	-1.958717E-06	
1558	7.472346E-08	-1.953325E-06	
1559	1.116618E-07	-1.944400E-06	
1560	1.480903E-07	-1.932033E-06	
1561	1.838372E-07	-1.916358E-06	
1562	2.187315E-07	-1.897552E-06	
1563	2.526052E-07	-1.875834E-06	
1564	2.852971E-07	-1.851472E-06	
1565	3.166566E-07	-1.824778E-06	
1566	3.465492E-07	-1.796109E-06	
1567	3.748602E-07	-1.765859E-06	
1568	4.014989E-07	-1.734458E-06	
1569	4.264016E-07	-1.702365E-06	
1570	4.495327E-07	-1.670055E-06	
1571	4.708841E-07	-1.638015E-06	
1572	4.904744E-07	-1.606740E-06	
1573	5.083452E-07	-1.576721E-06	
1574	5.245582E-07	-1.548448E-06	
1575	5.391915E-07	-1.522409E-06	
1576	5.523370E-07	-1.499087E-06	
1577	5.640987E-07	-1.478970E-06	
1578	5.745933E-07	-1.462554E-06	
1579	5.839528E-07	-1.450351E-06	
1580	5.923301E-07	-1.442895E-06	
1581	5.999075E-07	-1.440749E-06	
1582	-5.996041E-07	-1.463538E-06	
1583	-5.927804E-07	-1.467928E-06	
1584	-5.850898E-07	-1.477902E-06	
1585	-5.763655E-07	-1.492844E-06	
1586	-5.664661E-07	-1.512183E-06	
1587	-5.552654E-07	-1.535379E-06	
1588	-5.426473E-07	-1.561913E-06	
1589	-5.285027E-07	-1.591274E-06	
1590	-5.127307E-07	-1.622957E-06	
1591	-4.952408E-07	-1.656450E-06	
1592	-4.759581E-07	-1.691232E-06	
1593	-4.548279E-07	-1.726775E-06	
1594	-4.318214E-07	-1.762548E-06	
1595	-4.069394E-07	-1.798019E-06	
1596	-3.802152E-07	-1.832670E-06	
1597	-3.517151E-07	-1.866001E-06	
1598	-3.215366E-07	-1.897541E-06	
1599	-2.898054E-07	-1.926862E-06	
1600	-2.566694E-07	-1.953580E-06	
1601	-2.222937E-07	-1.977359E-06	
1602	-1.868538E-07	-1.997921E-06	
1603	-1.505303E-07	-2.015035E-06	
1604	-1.135051E-07	-2.028521E-06	
1605	-7.595766E-08	-2.038246E-06	
1606	-3.806476E-08	-2.044116E-06	
1607	2.034372E-15	-2.046079E-06	
1608	3.806477E-08	-2.044116E-06	
1609	7.595766E-08	-2.038246E-06	
1610	1.135051E-07	-2.028521E-06	
1611	1.505304E-07	-2.015035E-06	
1612	1.868538E-07	-1.997921E-06	
1613	2.222937E-07	-1.977359E-06	
1614	2.566694E-07	-1.953580E-06	
1615	2.898054E-07	-1.926862E-06	
1616	3.215366E-07	-1.897541E-06	
1617	3.517151E-07	-1.866001E-06	
1618	3.802153E-07	-1.832670E-06	
1619	4.069395E-07	-1.798019E-06	
1620	4.318214E-07	-1.762548E-06	
1621	4.548279E-07	-1.726775E-06	
1622	4.759581E-07	-1.691232E-06	
1623	4.952408E-07	-1.656450E-06	
1624	5.127307E-07	-1.622957E-06	
1625	5.285028E-07	-1.591274E-06	
1626	5.426473E-07	-1.561913E-06	
1627	5.552655E-07	-1.535379E-06	
1628	5.664661E-07	-1.512183E-06	
1629	5.763656E-07	-1.492844E-06	
1630	5.850898E-07	-1.477901E-06	
1631	5.927804E-07	-1.467928E-06	
1632	5.996041E-07	-1.463538E-06	
1633	-5.970692E-07	-1.483616E-06	
1634	-5.910386E-07	-1.490534E-06	
1635	-5.840731E-07	-1.503275E-06	
1636	-5.760288E-07	-1.521183E-06	
1637	-5.667805E-07	-1.543653E-06	
1638	-5.562110E-07	-1.570125E-06	
1639	-5.442050E-07	-1.600066E-06	
1640	-5.306475E-07	-1.632950E-06	
1641	-5.154255E-07	-1.668254E-06	
1642	-4.984328E-07	-1.705444E-06	
1643	-4.795766E-07	-1.743969E-06	
1644	-4.587856E-07	-1.783264E-06	
1645	-4.360165E-07	-1.822753E-06	
1646	-4.112606E-07	-1.861858E-06	
1647	-3.845478E-07	-1.900006E-06	
1648	-3.559471E-07	-1.936650E-06	
1649	-3.255649E-07	-1.971275E-06	
1650	-2.935402E-07	-2.003410E-06	
1651	-2.600380E-07	-2.032641E-06	
1652	-2.252408E-07	-2.058613E-06	
1653	-1.893411E-07	-2.081032E-06	
1654	-1.525340E-07	-2.099661E-06	
1655	-1.150124E-07	-2.114322E-06	
1656	-7.696343E-08	-2.124881E-06	
1657	-3.856762E-08	-2.131250E-06	
1658	2.374777E-15	-2.133379E-06	
1659	3.856763E-08	-2.131250E-06	
1660	7.696343E-08	-2.124881E-06	
1661	1.150124E-07	-2.114322E-06	
1662	1.525340E-07	-2.099661E-06	
1663	1.893411E-07	-2.081032E-06	
1664	2.252409E-07	-2.058613E-06	
1665	2.600381E-07	-2.032641E-06	
1666	2.935403E-07	-2.003410E-06	
1667	3.255649E-07	-1.971275E-06	
1668	3.559471E-07	-1.936650E-06	
1669	3.845478E-07	-1.900006E-06	
1670	4.112607E-07	-1.861858E-06	
1671	4.360165E-07	-1.822753E-06	
1672	4.587856E-07	-1.783264E-06	
1673	4.795767E-07	-1.743969E-06	
1674	4.984328E-07	-1.705444E-06	
1675	5.154255E-07	-1.668254E-06	
1676	5.306476E-07	-1.632950E-06	
1677	5.442051E-07	-1.600066E-06	
1678	5.562110E-07	-1.570125E-06	
1679	5.667805E-07	-1.543653E-06	
1680	5.760288E-07	-1.521183E-06	
1681	5.840731E-07	-1.503275E-06	
1682	5.910386E-07	-1.490534E-06	
1683	5.970692E-07	-1.483616E-06	
1684	-5.919874E-07	-1.500853E-06	
1685	-5.867845E-07	-1.510605E-06	
1686	-5.805798E-07	-1.526380E-06	
1687	-5.732610E-07	-1.547480E-06	
1688	-5.647249E-07	-1.573285E-06	
1689	-5.548661E-07	-1.603225E-06	
1690	-5.435707E-07	-1.636762E-06	
1691	-5.307158E-07	-1.673366E-06	
1692	-5.161728E-07	-1.712504E-06	
1693	-4.998148E-07	-1.753621E-06	
1694	-4.815261E-07	-1.796138E-06	
1695	-4.612127E-07	-1.839451E-06	
1696	-4.388124E-07	-1.882934E-06	
1697	-4.143038E-07	-1.925950E-06	
1698	-3.877118E-07	-1.967868E-06	
1699	-3.591088E-07	-2.008081E-06	
1700	-3.286126E-07	-2.046019E-06	
1701	-2.963797E-07	-2.081168E-06	
1702	-2.625961E-07	-2.113079E-06	
1703	-2.274665E-07	-2.141374E-06	
1704	-1.912038E-07	-2.165748E-06	
1705	-1.540200E-07	-2.185964E-06	
1706	-1.161196E-07	-2.201846E-06	
1707	-7.769627E-08	-2.213269E-06	
1708	-3.893207E-08	-2.220153E-06	
1709	3.493954E-15	-2.222453E-06	
1710	3.893208E-08	-2.220153E-06	
1711	7.769628E-08	-2.213269E-06	
1712	1.161197E-07	-2.201846E-06	
1713	1.540200E-07	-2.185965E-06	
1714	1.912038E-07	-2.165749E-06	
1715	2.274665E-07	-2.141374E-06	
1716	2.625961E-07	-2.113079E-06	
1717	2.963798E-07	-2.081168E-06	
1718	3.286127E-07	-2.046019E-06	
1719	3.591088E-07	-2.008081E-06	
1720	3.877118E-07	-1.967868E-06	
1721	4.143038E-07	-1.925950E-06	
1722	4.388124E-07	-1.882934E-06	
1723	4.612127E-07	-1.839452E-06	
1724	4.815262E-07	-1.796138E-06	
1725	4.998149E-07	-1.753621E-06	
1726	5.161728E-07	-1.712504E-06	
1727	5.307158E-07	-1.673366E-06	
1728	5.435708E-07	-1.636762E-06	
1729	5.548661E-07	-1.603225E-06	
1730	5.647249E-07	-1.573285E-06	
1731	5.732610E-07	-1.547480E-06	
1732	5.805799E-07	-1.526380E-06	
1733	5.867845E-07	-1.510605E-06	
1734	5.919874E-07	-1.500853E-06	
1735	-5.840096E-07	-1.515139E-06	
1736	-5.796621E-07	-1.528057E-06	
1737	-5.742500E-07	-1.547135E-06	
1738	-5.677023E-07	-1.571653E-06	
1739	-5.599445E-07	-1.600986E-06	
1740	-5.508861E-07	-1.634572E-06	
1741	-5.404148E-07	-1.671882E-06	
1742	-5.283972E-07	-1.712395E-06	
1743	-5.146849E-07	-1.755576E-06	
1744	-4.991241E-07	-1.800857E-06	
1745	-4.815687E-07	-1.847631E-06	
1746	-4.618951E-07	-1.895250E-06	
1747	-4.400164E-07	-1.943029E-06	
1748	-4.158938E-07	-1.990265E-06	
1749	-3.895454E-07	-2.036255E-06	
1750	-3.610482E-07	-2.080319E-06	
1751	-3.305347E-07	-2.121823E-06	
1752	-2.981844E-07	-2.160199E-06	
1753	-2.642106E-07	-2.194960E-06	
1754	-2.288462E-07	-2.225709E-06	
1755	-1.923294E-07	-2.252130E-06	
1756	-1.548918E-07	-2.273993E-06	
1757	-1.167501E-07	-2.291133E-06	
1758	-7.810299E-08	-2.303440E-06	
1759	-3.913082E-08	-2.310848E-06	
1760	5.729503E-15	-2.313320E-06	
1761	3.913084E-08	-2.310848E-06	
1762	7.810300E-08	-2.303440E-06	
1763	1.167501E-07	-2.291133E-06	
1764	1.548918E-07	-2.273993E-06	
1765	1.923295E-07	-2.252130E-06	
1766	2.288463E-07	-2.225709E-06	
1767	2.642106E-07	-2.194960E-06	
1768	2.981844E-07	-2.160199E-06	
1769	3.305347E-07	-2.121823E-06	
1770	3.610482E-07	-2.080319E-06	
1771	3.895454E-07	-2.036255E-06	
1772	4.158938E-07	-1.990265E-06	
1773	4.400164E-07	-1.943029E-06	
1774	4.618952E-07	-1.895250E-06	
1775	4.815687E-07	-1.847631E-06	
1776	4.991241E-07	-1.800857E-06	
1777	5.146849E-07	-1.755576E-06	
1778	5.283973E-07	-1.712395E-06	
1779	5.404148E-07	-1.671882E-06	
1780	5.508861E-07	-1.634572E-06	
1781	5.599446E-07	-1.600986E-06	
1782	5.677023E-07	-1.571653E-06	
1783	5.742500E-07	-1.547135E-06	
1784	5.796621E-07	-1.528057E-06	
1785	5.840097E-07	-1.515139E-06	
1786	-5.727555E-07	-1.526394E-06	
1787	-5.692816E-07	-1.542827E-06	
1788	-5.646877E-07	-1.565479E-06	
1789	-5.589557E-07	-1.593627E-06	
1790	-5.520470E-07	-1.626661E-06	
1791	-5.438890E-07	-1.664049E-06	
1792	-5.343712E-07	-1.705290E-06	
1793	-5.233469E-07	-1.749888E-06	
1794	-5.106420E-07	-1.797316E-06	
1795	-4.960684E-07	-1.847003E-06	
1796	-4.794410E-07	-1.898313E-06	
1797	-4.605972E-07	-1.950549E-06	
1798	-4.394168E-07	-2.002962E-06	
1799	-4.158382E-07	-2.054766E-06	
1800	-3.898704E-07	-2.105167E-06	
1801	-3.615961E-07	-2.153397E-06	
1802	-3.311677E-07	-2.198743E-06	
1803	-2.987951E-07	-2.240575E-06	
1804	-2.647277E-07	-2.278363E-06	
1805	-2.292346E-07	-2.311689E-06	
1806	-1.925855E-07	-2.340238E-06	
1807	-1.550349E-07	-2.363793E-06	
1808	-1.168129E-07	-2.382210E-06	
1809	-7.812029E-08	-2.395407E-06	
1810	-3.913144E-08	-2.403338E-06	
1811	7.182230E-15	-2.405984E-06	
1812	3.913146E-08	-2.403338E-06	
1813	7.812030E-08	-2.395407E-06	
1814	1.168129E-07	-2.382210E-06	
1815	1.550350E-07	-2.363793E-06	
1816	1.925855E-07	-2.340238E-06	
1817	2.292346E-07	-2.311689E-06	
1818	2.647277E-07	-2.278363E-06	
1819	2.987951E-07	-2.240575E-06	
1820	3.311677E-07	-2.198743E-06	
1821	3.615961E-07	-2.153398E-06	
1822	3.898704E-07	-2.105167E-06	
1823	4.158383E-07	-2.054766E-06	
1824	4.394168E-07	-2.002962E-06	
1825	4.605972E-07	-1.950549E-06	
1826	4.794410E-07	-1.898313E-06	
1827	4.960684E-07	-1.847003E-06	
1828	5.106420E-07	-1.797316E-06	
1829	5.233469E-07	-1.749888E-06	
1830	5.343712E-07	-1.705290E-06	
1831	5.438891E-07	-1.664049E-06	
1832	5.520470E-07	-1.626661E-06	
1833	5.589558E-07	-1.593627E-06	
1834	5.646877E-07	-1.565479E-06	
1835	5.692816E-07	-1.542827E-06	
1836	5.727555E-07	-1.526394E-06	
1837	-5.578176E-07	-1.534582E-06	
1838	-5.552228E-07	-1.554890E-06	
1839	-5.514646E-07	-1.581376E-06	
1840	-5.465904E-07	-1.613340E-06	
1841	-5.406046E-07	-1.650219E-06	
1842	-5.334565E-07	-1.691532E-06	
1843	-5.250371E-07	-1.736833E-06	
1844	-5.151835E-07	-1.785668E-06	
1845	-5.036899E-07	-1.837538E-06	
1846	-4.903244E-07	-1.891873E-06	
1847	-4.748519E-07	-1.948015E-06	
1848	-4.570591E-07	-2.005214E-06	
1849	-4.367817E-07	-2.062639E-06	
1850	-4.139271E-07	-2.119405E-06	
1851	-3.884915E-07	-2.174605E-06	
1852	-3.605655E-07	-2.227359E-06	
1853	-3.303282E-07	-2.276855E-06	
1854	-2.980305E-07	-2.322387E-06	
1855	-2.639696E-07	-2.363380E-06	
1856	-2.284618E-07	-2.399397E-06	
1857	-1.918163E-07	-2.430135E-06	
1858	-1.543150E-07	-2.455401E-06	
1859	-1.162007E-07	-2.475093E-06	
1860	-7.767366E-08	-2.489165E-06	
1861	-3.889574E-08	-2.497607E-06	
1862	7.522338E-15	-2.500420E-06	
1863	3.889575E-08	-2.497607E-06	
1864	7.767367E-08	-2.489165E-06	
1865	1.162007E-07	-2.475093E-06	
1866	1.543150E-07	-2.455401E-06	
1867	1.918163E-07	-2.430135E-06	
1868	2.284618E-07	-2.399397E-06	
1869	2.639696E-07	-2.363380E-06	
1870	2.980305E-07	-2.322387E-06	
1871	3.303282E-07	-2.276855E-06	
1872	3.605655E-07	-2.227359E-06	
1873	3.884915E-07	-2.174605E-06	
1874	4.139271E-07	-2.119405E-06	
1875	4.367817E-07	-2.062639E-06	
1876	4.570592E-07	-2.005214E-06	
1877	4.748519E-07	-1.948015E-06	
1878	4.903245E-07	-1.891873E-06	
1879	5.036899E-07	-1.837538E-06	
1880	5.151835E-07	-1.785668E-06	
1881	5.250371E-07	-1.736833E-06	
1882	5.334565E-07	-1.691532E-06	
1883	5.406046E-07	-1.650219E-06	
1884	5.465904E-07	-1.613340E-06	
1885	5.514646E-07	-1.581376E-06	
1886	5.552228E-07	-1.554890E-06	
1887	5.578176E-07	-1.534582E-06	
1888	-5.387695E-07	-1.539720E-06	
1889	-5.370433E-07	-1.564261E-06	
1890	-5.341272E-07	-1.594817E-06	
1891	-5.301472E-07	-1.630748E-06	
1892	-5.251586E-07	-1.671570E-06	
1893	-5.191363E-07	-1.716888E-06	
1894	-5.119736E-07	-1.766337E-06	
1895	-5.034885E-07	-1.819531E-06	
1896	-4.934368E-07	-1.876017E-06	
1897	-4.815332E-07	-1.935242E-06	
1898	-4.674788E-07	-1.996530E-06	
1899	-4.509944E-07	-2.059072E-06	
1900	-4.318565E-07	-2.121941E-06	
1901	-4.099305E-07	-2.184124E-06	
1902	-3.851945E-07	-2.244572E-06	
1903	-3.577492E-07	-2.302261E-06	
1904	-3.278102E-07	-2.356253E-06	
1905	-2.956836E-07	-2.405749E-06	
1906	-2.617310E-07	-2.450123E-06	
1907	-2.263304E-07	-2.488928E-06	
1908	-1.898404E-07	-2.521884E-06	
1909	-1.525749E-07	-2.548849E-06	
1910	-1.147889E-07	-2.569778E-06	
1911	-7.667670E-08	-2.584685E-06	
1912	-3.837953E-08	-2.593607E-06	
1913	5.176669E-15	-2.596577E-06	
1914	3.837954E-08	-2.593607E-06	
1915	7.667670E-08	-2.584685E-06	
1916	1.147889E-07	-2.569778E-06	
1917	1.525749E-07	-2.548849E-06	
1918	1.898404E-07	-2.521884E-06	
1919	2.263304E-07	-2.488928E-06	
1920	2.617311E-07	-2.450123E-06	
1921	2.956836E-07	-2.405749E-06	
1922	3.278102E-07	-2.356253E-06	
1923	3.577493E-07	-2.302261E-06	
1924	3.851945E-07	-2.244572E-06	
1925	4.099305E-07	-2.184124E-06	
1926	4.318565E-07	-2.121941E-06	
1927	4.509944E-07	-2.059072E-06	
1928	4.674788E-07	-1.996530E-06	
1929	4.815332E-07	-1.935242E-06	
1930	4.934368E-07	-1.876017E-06	
1931	5.034885E-07	-1.819531E-06	
1932	5.119737E-07	-1.766337E-06	
1933	5.191364E-07	-1.716888E-06	
1934	5.251586E-07	-1.671570E-06	
1935	5.301472E-07	-1.630748E-06	
1936	5.341272E-07	-1.594817E-06	
1937	5.370434E-07	-1.564261E-06	
1938	5.387696E-07	-1.539720E-06	
1939	-5.151787E-07	-1.541896E-06	
1940	-5.142904E-07	-1.571010E-06	
1941	-5.122083E-07	-1.605831E-06	
1942	-5.091494E-07	-1.645827E-06	
1943	-5.052276E-07	-1.690632E-06	
1944	-5.004478E-07	-1.739975E-06	
1945	-4.947073E-07	-1.793605E-06	
1946	-4.878036E-07	-1.851236E-06	
1947	-4.794491E-07	-1.912485E-06	
1948	-4.692943E-07	-1.976836E-06	
1949	-4.569606E-07	-2.043602E-06	
1950	-4.420833E-07	-2.111910E-06	
1951	-4.243596E-07	-2.180719E-06	
1952	-4.035959E-07	-2.248855E-06	
1953	-3.797442E-07	-2.315081E-06	
1954	-3.529178E-07	-2.378184E-06	
1955	-3.233817E-07	-2.437064E-06	
1956	-2.915180E-07	-2.490807E-06	
1957	-2.577750E-07	-2.538730E-06	
1958	-2.226113E-07	-2.580388E-06	
1959	-1.864478E-07	-2.615551E-06	
1960	-1.496343E-07	-2.644153E-06	
1961	-1.124355E-07	-2.666239E-06	
1962	-7.503171E-08	-2.681904E-06	
1963	-3.753315E-08	-2.691253E-06	
1964	3.548613E-15	-2.694360E-06	
1965	3.753316E-08	-2.691253E-06	
1966	7.503172E-08	-2.681904E-06	
1967	1.124355E-07	-2.666239E-06	
1968	1.496343E-07	-2.644153E-06	
1969	1.864478E-07	-2.615551E-06	
1970	2.226114E-07	-2.580388E-06	
1971	2.577750E-07	-2.538730E-06	
1972	2.915180E-07	-2.490807E-06	
1973	3.233817E-07	-2.437064E-06	
1974	3.529178E-07	-2.378184E-06	
1975	3.797442E-07	-2.315081E-06	
1976	4.035959E-07	-2.248855E-06	
1977	4.243596E-07	-2.180720E-06	
1978	4.420833E-07	-2.111910E-06	
1979	4.569606E-07	-2.043602E-06	
1980	4.692943E-07	-1.976836E-06	
1981	4.794491E-07	-1.912485E-06	
1982	4.878036E-07	-1.851236E-06	
1983	4.947073E-07	-1.793605E-06	
1984	5.004479E-07	-1.739975E-06	
1985	5.052277E-07	-1.690632E-06	
1986	5.091494E-07	-1.645827E-06	
1987	5.122083E-07	-1.605831E-06	
1988	5.142904E-07	-1.571010E-06	
1989	5.151787E-07	-1.541896E-06	
1990	-4.866248E-07	-1.541280E-06	
1991	-4.865196E-07	-1.575268E-06	
1992	-4.852447E-07	-1.614492E-06	
1993	-4.831187E-07	-1.658578E-06	
1994	-4.803204E-07	-1.707333E-06	
1995	-4.768900E-07	-1.760647E-06	
1996	-4.727331E-07	-1.818424E-06	
1997	-4.676290E-07	-1.880509E-06	
1998	-4.612439E-07	-1.946627E-06	
1999	-4.531550E-07	-2.016322E-06	
2000	-4.428865E-07	-2.088911E-06	
2001	-4.299630E-07	-2.163460E-06	
2002	-4.139740E-07	-2.238787E-06	
2003	-3.946424E-07	-2.313512E-06	
2004	-3.718800E-07	-2.386152E-06	
2005	-3.458150E-07	-2.455240E-06	
2006	-3.167801E-07	-2.519461E-06	
2007	-2.852625E-07	-2.577753E-06	
2008	-2.518280E-07	-2.629375E-06	
2009	-2.170415E-07	-2.673906E-06	
2010	-1.813996E-07	-2.711200E-06	
2011	-1.452913E-07	-2.741312E-06	
2012	-1.089839E-07	-2.764415E-06	
2013	-7.263275E-08	-2.780719E-06	
2014	-3.630331E-08	-2.790415E-06	
2015	2.239534E-15	-2.793632E-06	
2016	3.630332E-08	-2.790415E-06	
2017	7.263276E-08	-2.780719E-06	
2018	1.089839E-07	-2.764415E-06	
2019	1.452913E-07	-2.741312E-06	
2020	1.813996E-07	-2.711200E-06	
2021	2.170415E-07	-2.673906E-06	
2022	2.518281E-07	-2.629375E-06	
2023	2.852625E-07	-2.577753E-06	
2024	3.167801E-07	-2.519461E-06	
2025	3.458150E-07	-2.455241E-06	
2026	3.718800E-07	-2.386152E-06	
2027	3.946424E-07	-2.313512E-06	
2028	4.139740E-07	-2.238787E-06	
2029	4.299630E-07	-2.163460E-06	
2030	4.428865E-07	-2.088911E-06	
2031	4.531550E-07	-2.016322E-06	
2032	4.612440E-07	-1.946627E-06	
2033	4.676290E-07	-1.880509E-06	
2034	4.727332E-07	-1.818424E-06	
2035	4.768901E-07	-1.760647E-06	
2036	4.803204E-07	-1.707333E-06	
2037	4.831187E-07	-1.658578E-06	
2038	4.852447E-07	-1.614492E-06	
2039	4.865196E-07	-1.575268E-06	
2040	4.866248E-07	-1.541280E-06	
2041	-4.527265E-07	-1.538142E-06	
2042	-4.533213E-07	-1.577240E-06	
2043	-4.528035E-07	-1.620920E-06	
2044	-4.515987E-07	-1.669039E-06	
2045	-4.499554E-07	-1.721620E-06	
2046	-4.479553E-07	-1.778764E-06	
2047	-4.455207E-07	-1.840566E-06	
2048	-4.424203E-07	-1.907046E-06	
2049	-4.382787E-07	-1.978074E-06	
2050	-4.325942E-07	-2.053295E-06	
2051	-4.247767E-07	-2.132061E-06	
2052	-4.142089E-07	-2.213378E-06	
2053	-4.003331E-07	-2.295902E-06	
2054	-3.827504E-07	-2.377989E-06	
2055	-3.613088E-07	-2.457823E-06	
2056	-3.361520E-07	-2.533590E-06	
2057	-3.077060E-07	-2.603678E-06	
2058	-2.766047E-07	-2.666841E-06	
2059	-2.435758E-07	-2.722277E-06	
2060	-2.093223E-07	-2.769626E-06	
2061	-1.744316E-07	-2.808888E-06	
2062	-1.393289E-07	-2.840299E-06	
2063	-1.042717E-07	-2.864208E-06	
2064	-6.937293E-08	-2.880978E-06	
2065	-3.463731E-08	-2.890909E-06	
2066	1.609225E-15	-2.894197E-06	
2067	3.463731E-08	-2.890909E-06	
2068	6.937293E-08	-2.880978E-06	
2069	1.042717E-07	-2.864208E-06	
2070	1.393289E-07	-2.840299E-06	
2071	1.744316E-07	-2.808888E-06	
2072	2.093223E-07	-2.769627E-06	
2073	2.435758E-07	-2.722277E-06	
2074	2.766047E-07	-2.666841E-06	
2075	3.077060E-07	-2.603678E-06	
2076	3.361520E-07	-2.533590E-06	
2077	3.613088E-07	-2.457823E-06	
2078	3.827504E-07	-2.377989E-06	
2079	4.003331E-07	-2.295902E-06	
2080	4.142089E-07	-2.213378E-06	
2081	4.247767E-07	-2.132061E-06	
2082	4.325943E-07	-2.053295E-06	
2083	4.382787E-07	-1.978074E-06	
2084	4.424203E-07	-1.907046E-06	
2085	4.455207E-07	-1.840566E-06	
2086	4.479553E-07	-1.778764E-06	
2087	4.499554E-07	-1.721620E-06	
2088	4.515987E-07	-1.669039E-06	
2089	4.528036E-07	-1.620920E-06	
2090	4.533213E-07	-1.577239E-06	
2091	4.527265E-07	-1.538142E-06	
2092	-4.131763E-07	-1.532866E-06	
2093	-4.143573E-07	-1.577205E-06	
2094	-4.145179E-07	-1.625295E-06	
2095	-4.141887E-07	-1.677286E-06	
2096	-4.136891E-07	-1.733472E-06	
2097	-4.131500E-07	-1.794203E-06	
2098	-4.125240E-07	-1.859805E-06	
2099	-4.115868E-07	-1.930519E-06	
2100	-4.099360E-07	-2.006409E-06	
2101	-4.069969E-07	-2.087278E-06	
2102	-4.020515E-07	-2.172557E-06	
2103	-3.943045E-07	-2.261221E-06	
2104	-3.829955E-07	-2.351745E-06	
2105	-3.675443E-07	-2.442146E-06	
2106	-3.476937E-07	-2.530150E-06	
2107	-3.235981E-07	-2.613456E-06	
2108	-2.958137E-07	-2.690038E-06	
2109	-2.651835E-07	-2.758403E-06	
2110	-2.326595E-07	-2.817705E-06	
2111	-1.991236E-07	-2.867712E-06	
2112	-1.652648E-07	-2.908658E-06	
2113	-1.315319E-07	-2.941044E-06	
2114	-9.814770E-08	-2.965463E-06	
2115	-6.515869E-08	-2.982469E-06	
2116	-3.249102E-08	-2.992492E-06	
2117	-3.370996E-16	-2.995802E-06	
2118	3.249102E-08	-2.992492E-06	
2119	6.515869E-08	-2.982469E-06	
2120	9.814770E-08	-2.965463E-06	
2121	1.315319E-07	-2.941044E-06	
2122	1.652648E-07	-2.908658E-06	
2123	1.991236E-07	-2.867712E-06	
2124	2.326595E-07	-2.817705E-06	
2125	2.651835E-07	-2.758403E-06	
2126	2.958137E-07	-2.690038E-06	
2127	3.235981E-07	-2.613456E-06	
2128	3.476937E-07	-2.530150E-06	
2129	3.675443E-07	-2.442146E-06	
2130	3.829955E-07	-2.351745E-06	
2131	3.943045E-07	-2.261221E-06	
2132	4.020515E-07	-2.172557E-06	
2133	4.069969E-07	-2.087278E-06	
2134	4.099360E-07	-2.006409E-06	
2135	4.115868E-07	-1.930519E-06	
2136	4.125240E-07	-1.859805E-06	
2137	4.131500E-07	-1.794203E-06	
2138	4.136891E-07	-1.733472E-06	
2139	4.141887E-07	-1.677286E-06	
2140	4.145179E-07	-1.625295E-06	
2141	4.143573E-07	-1.577205E-06	
2142	4.131763E-07	-1.532866E-06	
2143	-3.677856E-07	-1.525951E-06	
2144	-3.694066E-07	-1.575526E-06	
2145	-3.701337E-07	-1.627854E-06	
2146	-3.705881E-07	-1.683448E-06	
2147	-3.711561E-07	-1.742914E-06	
2148	-3.720256E-07	-1.806881E-06	
2149	-3.732001E-07	-1.875944E-06	
2150	-3.744923E-07	-1.950602E-06	
2151	-3.755056E-07	-2.031180E-06	
2152	-3.756168E-07	-2.117710E-06	
2153	-3.739809E-07	-2.209786E-06	
2154	-3.695888E-07	-2.306412E-06	
2155	-3.614014E-07	-2.405881E-06	
2156	-3.485621E-07	-2.505785E-06	
2157	-3.306337E-07	-2.603214E-06	
2158	-3.077657E-07	-2.695156E-06	
2159	-2.806977E-07	-2.778986E-06	
2160	-2.505787E-07	-2.852883E-06	
2161	-2.186753E-07	-2.915992E-06	
2162	-1.860970E-07	-2.968331E-06	
2163	-1.536324E-07	-3.010512E-06	
2164	-1.217192E-07	-3.043419E-06	
2165	-9.050402E-08	-3.067963E-06	
2166	-5.993452E-08	-3.084920E-06	
2167	-2.984218E-08	-3.094865E-06	
2168	-3.537870E-15	-3.098141E-06	
2169	2.984218E-08	-3.094865E-06	
2170	5.993451E-08	-3.084920E-06	
2171	9.050401E-08	-3.067963E-06	
2172	1.217192E-07	-3.043419E-06	
2173	1.536324E-07	-3.010512E-06	
2174	1.860970E-07	-2.968331E-06	
2175	2.186753E-07	-2.915992E-06	
2176	2.505787E-07	-2.852883E-06	
2177	2.806977E-07	-2.778986E-06	
2178	3.077657E-07	-2.695156E-06	
2179	3.306337E-07	-2.603214E-06	
2180	3.485621E-07	-2.505785E-06	
2181	3.614014E-07	-2.405881E-06	
2182	3.695888E-07	-2.306412E-06	
2183	3.739809E-07	-2.209786E-06	
2184	3.756168E-07	-2.117710E-06	
2185	3.755056E-07	-2.031180E-06	
2186	3.744923E-07	-1.950602E-06	
2187	3.732001E-07	-1.875944E-06	
2188	3.720256E-07	-1.806881E-06	
2189	3.711561E-07	-1.742914E-06	
2190	3.705881E-07	-1.683448E-06	
2191	3.701337E-07	-1.627854E-06	
2192	3.694066E-07	-1.575526E-06	
2193	3.677856E-07	-1.525951E-06	
2194	-3.165381E-07	-1.518010E-06	
2195	-3.184231E-07	-1.572638E-06	
2196	-3.195677E-07	-1.628896E-06	
2197	-3.206539E-07	-1.687715E-06	
2198	-3.221220E-07	-1.750038E-06	
2199	-3.242247E-07	-1.816790E-06	
2200	-3.270422E-07	-1.888850E-06	
2201	-3.304675E-07	-1.967016E-06	
2202	-3.341668E-07	-2.051933E-06	
2203	-3.375261E-07	-2.143963E-06	
2204	-3.396084E-07	-2.242993E-06	
2205	-3.391688E-07	-2.348180E-06	
2206	-3.347944E-07	-2.457693E-06	
2207	-3.252001E-07	-2.568609E-06	
2208	-3.096308E-07	-2.677121E-06	
2209	-2.881866E-07	-2.779142E-06	
2210	-2.618731E-07	-2.871144E-06	
2211	-2.322998E-07	-2.950858E-06	
2212	-2.011836E-07	-3.017523E-06	
2213	-1.699097E-07	-3.071626E-06	
2214	-1.393318E-07	-3.114381E-06	
2215	-1.098033E-07	-3.147211E-06	
2216	-8.132880E-08	-3.171412E-06	
2217	-5.372098E-08	-3.188002E-06	
2218	-2.671004E-08	-3.197685E-06	
2219	-4.839421E-15	-3.200868E-06	
2220	2.671003E-08	-3.197685E-06	
2221	5.372098E-08	-3.188002E-06	
2222	8.132879E-08	-3.171412E-06	
2223	1.098033E-07	-3.147211E-06	
2224	1.393317E-07	-3.114381E-06	
2225	1.699097E-07	-3.071626E-06	
2226	2.011836E-07	-3.017523E-06	
2227	2.322998E-07	-2.950858E-06	
2228	2.618731E-07	-2.871144E-06	
2229	2.881866E-07	-2.779142E-06	
2230	3.096308E-07	-2.677121E-06	
2231	3.252001E-07	-2.568609E-06	
2232	3.347944E-07	-2.457693E-06	
2233	3.391688E-07	-2.348180E-06	
2234	3.396084E-07	-2.242993E-06	
2235	3.375261E-07	-2.143963E-06	
2236	3.341668E-07	-2.051933E-06	
2237	3.304675E-07	-1.967016E-06	
2238	3.270422E-07	-1.888850E-06	
2239	3.242247E-07	-1.816790E-06	
2240	3.221220E-07	-1.750038E-06	
2241	3.206538E-07	-1.687715E-06	
2242	3.195677E-07	-1.628896E-06	
2243	3.184231E-07	-1.572638E-06	
2244	3.165381E-07	-1.518010E-06	
2245	-2.596488E-07	-1.509750E-06	
2246	-2.615987E-07	-1.569031E-06	
2247	-2.629744E-07	-1.628772E-06	
2248	-2.644682E-07	-1.690346E-06	
2249	-2.665525E-07	-1.755029E-06	
2250	-2.695474E-07	-1.824030E-06	
2251	-2.736365E-07	-1.898513E-06	
2252	-2.788459E-07	-1.979591E-06	
2253	-2.849863E-07	-2.068281E-06	
2254	-2.915593E-07	-2.165389E-06	
2255	-2.976353E-07	-2.271280E-06	
2256	-3.017712E-07	-2.385500E-06	
2257	-3.020790E-07	-2.506277E-06	
2258	-2.966117E-07	-2.630134E-06	
2259	-2.840289E-07	-2.751989E-06	
2260	-2.642735E-07	-2.866066E-06	
2261	-2.387434E-07	-2.967388E-06	
2262	-2.097775E-07	-3.053079E-06	
2263	-1.797416E-07	-3.122708E-06	
2264	-1.503222E-07	-3.177650E-06	
2265	-1.223271E-07	-3.220066E-06	
2266	-9.588963E-08	-3.252090E-06	
2267	-7.078519E-08	-3.275441E-06	
2268	-4.666656E-08	-3.291346E-06	
2269	-2.318033E-08	-3.300597E-06	
2270	-4.396973E-15	-3.303635E-06	
2271	2.318032E-08	-3.300597E-06	
2272	4.666655E-08	-3.291346E-06	
2273	7.078518E-08	-3.275441E-06	
2274	9.588962E-08	-3.252090E-06	
2275	1.223271E-07	-3.220066E-06	
2276	1.503222E-07	-3.177650E-06	
2277	1.797416E-07	-3.122708E-06	
2278	2.097775E-07	-3.053079E-06	
2279	2.387434E-07	-2.967388E-06	
2280	2.642735E-07	-2.866066E-06	
2281	2.840289E-07	-2.751989E-06	
2282	2.966117E-07	-2.630134E-06	
2283	3.020789E-07	-2.506277E-06	
2284	3.017711E-07	-2.385500E-06	
2285	2.976353E-07	-2.271280E-06	
2286	2.915593E-07	-2.165389E-06	
2287	2.849863E-07	-2.068281E-06	
2288	2.788459E-07	-1.979591E-06	
2289	2.736365E-07	-1.898513E-06	
2290	2.695474E-07	-1.824030E-06	
2291	2.665525E-07	-1.755029E-06	
2292	2.644682E-07	-1.690346E-06	
2293	2.629744E-07	-1.628772E-06	
2294	2.615987E-07	-1.569031E-06	
2295	2.596488E-07	-1.509750E-06	
2296	-1.976230E-07	-1.501926E-06	
2297	-1.994290E-07	-1.565222E-06	
2298	-2.008153E-07	-1.627876E-06	
2299	-2.024134E-07	-1.691675E-06	
2300	-2.046953E-07	-1.758184E-06	
2301	-2.080422E-07	-1.828858E-06	
2302	-2.127581E-07	-1.905113E-06	
2303	-2.190491E-07	-1.988365E-06	
2304	-2.269638E-07	-2.080026E-06	
2305	-2.362740E-07	-2.181431E-06	
2306	-2.462731E-07	-2.293652E-06	
2307	-2.554905E-07	-2.417012E-06	
2308	-2.615558E-07	-2.550254E-06	
2309	-2.615009E-07	-2.689506E-06	
2310	-2.529045E-07	-2.827913E-06	
2311	-2.352487E-07	-2.956889E-06	
2312	-2.105563E-07	-3.068976E-06	
2313	-1.823684E-07	-3.160480E-06	
2314	-1.540011E-07	-3.231887E-06	
2315	-1.273585E-07	-3.286249E-06	
2316	-1.029340E-07	-3.327161E-06	
2317	-8.042837E-08	-3.357596E-06	
2318	-5.931263E-08	-3.379630E-06	
2319	-3.910506E-08	-3.394594E-06	
2320	-1.943050E-08	-3.403290E-06	
2321	-2.750204E-15	-3.406145E-06	
2322	1.943049E-08	-3.403290E-06	
2323	3.910506E-08	-3.394594E-06	
2324	5.931263E-08	-3.379630E-06	
2325	8.042836E-08	-3.357596E-06	
2326	1.029340E-07	-3.327161E-06	
2327	1.273585E-07	-3.286249E-06	
2328	1.540011E-07	-3.231887E-06	
2329	1.823684E-07	-3.160480E-06	
2330	2.105563E-07	-3.068976E-06	
2331	2.352487E-07	-2.956889E-06	
2332	2.529045E-07	-2.827913E-06	
2333	2.615009E-07	-2.689506E-06	
2334	2.615558E-07	-2.550254E-06	
2335	2.554905E-07	-2.417012E-06	
2336	2.462731E-07	-2.293652E-06	
2337	2.362740E-07	-2.181431E-06	
2338	2.269638E-07	-2.080026E-06	
2339	2.190490E-07	-1.988365E-06	
2340	2.127580E-07	-1.905113E-06	
2341	2.080421E-07	-1.828858E-06	
2342	2.046952E-07	-1.758184E-06	
2343	2.024133E-07	-1.691675E-06	
2344	2.008152E-07	-1.627875E-06	
2345	1.994289E-07	-1.565222E-06	
2346	1.976229E-07	-1.501926E-06	
2347	-1.313025E-07	-1.495269E-06	
2348	-1.327669E-07	-1.561702E-06	
2349	-1.339187E-07	-1.626616E-06	
2350	-1.352421E-07	-1.692103E-06	
2351	-1.371692E-07	-1.759924E-06	
2352	-1.401217E-07	-1.831712E-06	
2353	-1.445152E-07	-1.909081E-06	
2354	-1.507514E-07	-1.993700E-06	
2355	-1.591839E-07	-2.087333E-06	
2356	-1.700200E-07	-2.191864E-06	
2357	-1.830918E-07	-2.309218E-06	
2358	-1.974114E-07	-2.441036E-06	
2359	-2.103677E-07	-2.587484E-06	
2360	-2.177118E-07	-2.745122E-06	
2361	-2.148069E-07	-2.904841E-06	
2362	-2.000383E-07	-3.053094E-06	
2363	-1.763220E-07	-3.177763E-06	
2364	-1.494349E-07	-3.274111E-06	
2365	-1.239802E-07	-3.345087E-06	
2366	-1.016665E-07	-3.396862E-06	
2367	-8.213056E-08	-3.434996E-06	
2368	-6.440584E-08	-3.463179E-06	
2369	-4.772320E-08	-3.483586E-06	
2370	-3.159655E-08	-3.497478E-06	
2371	-1.574329E-08	-3.505571E-06	
2372	-2.298696E-15	-3.508230E-06	
2373	1.574329E-08	-3.505571E-06	
2374	3.159654E-08	-3.497479E-06	
2375	4.772319E-08	-3.483587E-06	
2376	6.440584E-08	-3.463179E-06	
2377	8.213055E-08	-3.434996E-06	
2378	1.016664E-07	-3.396862E-06	
2379	1.239802E-07	-3.345087E-06	
2380	1.494349E-07	-3.274111E-06	
2381	1.763220E-07	-3.177763E-06	
2382	2.000383E-07	-3.053094E-06	
2383	2.148068E-07	-2.904841E-06	
2384	2.177118E-07	-2.745122E-06	
2385	2.103676E-07	-2.587484E-06	
2386	1.974114E-07	-2.441036E-06	
2387	1.830918E-07	-2.309218E-06	
2388	1.700200E-07	-2.191864E-06	
2389	1.591839E-07	-2.087333E-06	
2390	1.507514E-07	-1.993700E-06	
2391	1.445152E-07	-1.909081E-06	
2392	1.401217E-07	-1.831712E-06	
2393	1.371692E-07	-1.759924E-06	
2394	1.352421E-07	-1.692103E-06	
2395	1.339187E-07	-1.626616E-06	
2396	1.327668E-07	-1.561702E-06	
2397	1.313025E-07	-1.495269E-06	
2398	-6.188117E-08	-1.490369E-06	
2399	-6.284711E-08	-1.558878E-06	
2400	-6.351126E-08	-1.625392E-06	
2401	-6.412779E-08	-1.692085E-06	
2402	-6.504966E-08	-1.760781E-06	
2403	-6.669559E-08	-1.833214E-06	
2404	-6.954244E-08	-1.911132E-06	
2405	-7.414466E-08	-1.996368E-06	
2406	-8.114765E-08	-2.090936E-06	
2407	-9.126449E-08	-2.197146E-06	
2408	-1.051546E-07	-2.317743E-06	
2409	-1.230132E-07	-2.455873E-06	
2410	-1.435559E-07	-2.614756E-06	
2411	-1.610210E-07	-2.793748E-06	
2412	-1.673410E-07	-2.982151E-06	
2413	-1.569153E-07	-3.157192E-06	
2414	-1.347873E-07	-3.296488E-06	
2415	-1.106937E-07	-3.394800E-06	
2416	-9.080426E-08	-3.461486E-06	
2417	-7.526575E-08	-3.508322E-06	
2418	-6.195441E-08	-3.542730E-06	
2419	-4.949095E-08	-3.568357E-06	
2420	-3.722791E-08	-3.587084E-06	
2421	-2.491359E-08	-3.599930E-06	
2422	-1.249246E-08	-3.607451E-06	
2423	-2.821477E-15	-3.609929E-06	
2424	1.249246E-08	-3.607451E-06	
2425	2.491359E-08	-3.599930E-06	
2426	3.722790E-08	-3.587084E-06	
2427	4.949094E-08	-3.568357E-06	
2428	6.195440E-08	-3.542730E-06	
2429	7.526574E-08	-3.508322E-06	
2430	9.080424E-08	-3.461486E-06	
2431	1.106937E-07	-3.394800E-06	
2432	1.347873E-07	-3.296488E-06	
2433	1.569152E-07	-3.157192E-06	
2434	1.673409E-07	-2.982151E-06	
2435	1.610210E-07	-2.793748E-06	
2436	1.435559E-07	-2.614756E-06	
2437	1.230132E-07	-2.455873E-06	
2438	1.051546E-07	-2.317743E-06	
2439	9.126445E-08	-2.197146E-06	
2440	8.114761E-08	-2.090936E-06	
2441	7.414462E-08	-1.996368E-06	
2442	6.954239E-08	-1.911132E-06	
2443	6.669554E-08	-1.833214E-06	
2444	6.504961E-08	-1.760781E-06	
2445	6.412774E-08	-1.692085E-06	
2446	6.351121E-08	-1.625392E-06	
2447	6.284706E-08	-1.558878E-06	
2448	6.188111E-08	-1.490369E-06	
2449	9.148326E-09	-1.487515E-06	
2450	8.757960E-09	-1.557000E-06	
2451	8.810245E-09	-1.624558E-06	
2452	9.321630E-09	-1.692083E-06	
2453	1.006183E-08	-1.761344E-06	
2454	1.069836E-08	-1.834122E-06	
2455	1.078529E-08	-1.912226E-06	
2456	9.721369E-09	-1.997558E-06	
2457	6.699276E-09	-2.092235E-06	
2458	6.405017E-10	-2.198781E-06	
2459	-9.876214E-09	-2.320403E-06	
2460	-2.663157E-08	-2.461505E-06	
2461	-5.125218E-08	-2.627930E-06	
2462	-8.315705E-08	-2.828598E-06	
2463	-1.046273E-07	-3.057251E-06	
2464	-1.035078E-07	-3.273794E-06	
2465	-8.432914E-08	-3.429326E-06	
2466	-6.768922E-08	-3.521559E-06	
2467	-5.898383E-08	-3.578634E-06	
2468	-5.250905E-08	-3.619226E-06	
2469	-4.569076E-08	-3.649785E-06	
2470	-3.794963E-08	-3.673017E-06	
2471	-2.929940E-08	-3.690247E-06	
2472	-1.993330E-08	-3.702183E-06	
2473	-1.008651E-08	-3.709213E-06	
2474	-2.181714E-16	-3.711536E-06	
2475	1.008650E-08	-3.709213E-06	
2476	1.993329E-08	-3.702183E-06	
2477	2.929939E-08	-3.690247E-06	
2478	3.794962E-08	-3.673017E-06	
2479	4.569075E-08	-3.649785E-06	
2480	5.250904E-08	-3.619226E-06	
2481	5.898382E-08	-3.578634E-06	
2482	6.768920E-08	-3.521559E-06	
2483	8.432913E-08	-3.429326E-06	
2484	1.035078E-07	-3.273794E-06	
2485	1.046273E-07	-3.057251E-06	
2486	8.315703E-08	-2.828598E-06	
2487	5.125215E-08	-2.627930E-06	
2488	2.663154E-08	-2.461505E-06	
2489	9.876176E-09	-2.320403E-06	
2490	-6.405439E-10	-2.198781E-06	
2491	-6.699323E-09	-2.092235E-06	
2492	-9.721420E-09	-1.997558E-06	
2493	-1.078535E-08	-1.912226E-06	
2494	-1.069842E-08	-1.834122E-06	
2495	-1.006190E-08	-1.761344E-06	
2496	-9.321694E-09	-1.692083E-06	
2497	-8.810311E-09	-1.624558E-06	
2498	-8.758025E-09	-1.557000E-06	
2499	-9.148393E-09	-1.487514E-06	
2500	8.020761E-08	-1.486469E-06	
2501	8.033057E-08	-1.556122E-06	
2502	8.119163E-08	-1.624360E-06	
2503	8.306296E-08	-1.692476E-06	
2504	8.597582E-08	-1.762171E-06	
2505	8.979007E-08	-1.835228E-06	
2506	9.418007E-08	-1.913454E-06	
2507	9.862400E-08	-1.998737E-06	
2508	1.023673E-07	-2.093183E-06	
2509	1.043335E-07	-2.199311E-06	
2510	1.029377E-07	-2.320412E-06	
2511	9.570659E-08	-2.461117E-06	
2512	7.847325E-08	-2.629145E-06	
2513	4.432047E-08	-2.835772E-06	
2514	-1.680963E-08	-3.116796E-06	
2515	-3.153224E-08	-3.417187E-06	
2516	-2.525869E-08	-3.577523E-06	
2517	-3.309033E-08	-3.647944E-06	
2518	-3.909505E-08	-3.694270E-06	
2519	-3.998867E-08	-3.729269E-06	
2520	-3.727435E-08	-3.756541E-06	
2521	-3.211432E-08	-3.777738E-06	
2522	-2.531323E-08	-3.793677E-06	
2523	-1.742630E-08	-3.804817E-06	
2524	-8.872441E-09	-3.811415E-06	
2525	-6.291323E-16	-3.813601E-06	
2526	8.872453E-09	-3.811415E-06	
2527	1.742630E-08	-3.804817E-06	
2528	2.531322E-08	-3.793677E-06	
2529	3.211431E-08	-3.777738E-06	
2530	3.727434E-08	-3.756541E-06	
2531	3.998866E-08	-3.729269E-06	
2532	3.909504E-08	-3.694270E-06	
2533	3.309032E-08	-3.647944E-06	
2534	2.525867E-08	-3.577523E-06	
2535	3.153222E-08	-3.417187E-06	
2536	1.680961E-08	-3.116796E-06	
2537	-4.432050E-08	-2.835772E-06	
2538	-7.847328E-08	-2.629145E-06	
2539	-9.570663E-08	-2.461117E-06	
2540	-1.029378E-07	-2.320412E-06	
2541	-1.043336E-07	-2.199311E-06	
2542	-1.023673E-07	-2.093183E-06	
2543	-9.862406E-08	-1.998737E-06	
2544	-9.418013E-08	-1.913454E-06	
2545	-8.979014E-08	-1.835228E-06	
2546	-8.597589E-08	-1.762171E-06	
2547	-8.306303E-08	-1.692476E-06	
2548	-8.119171E-08	-1.624360E-06	
2549	-8.033065E-08	-1.556122E-06	
2550	-8.020769E-08	-1.486469E-06	
2551	1.503550E-07	-1.486331E-06	
2552	1.504936E-07	-1.555995E-06	
2553	1.515552E-07	-1.624728E-06	
2554	1.545237E-07	-1.693427E-06	
2555	1.598396E-07	-1.763694E-06	
2556	1.675353E-07	-1.837252E-06	
2557	1.773976E-07	-1.915863E-06	
2558	1.890500E-07	-2.001374E-06	
2559	2.019787E-07	-2.095838E-06	
2560	2.155127E-07	-2.201709E-06	
2561	2.287396E-07	-2.322153E-06	
2562	2.403289E-07	-2.461752E-06	
2563	2.478622E-07	-2.627317E-06	
2564	2.464901E-07	-2.834592E-06	
2565	2.149076E-07	-3.098824E-06	
2566	6.148756E-08	-3.609376E-06	
2567	-1.153016E-08	-3.723620E-06	
2568	-3.779915E-08	-3.772955E-06	
2569	-4.424724E-08	-3.810907E-06	
2570	-4.362136E-08	-3.840693E-06	
2571	-3.953492E-08	-3.864745E-06	
2572	-3.343681E-08	-3.883829E-06	
2573	-2.604514E-08	-3.898395E-06	
2574	-1.780076E-08	-3.908679E-06	
2575	-9.027821E-09	-3.914809E-06	
2576	5.492821E-14	-3.916846E-06	
2577	9.027818E-09	-3.914809E-06	
2578	1.780075E-08	-3.908679E-06	
2579	2.604513E-08	-3.898395E-06	
2580	3.343679E-08	-3.883829E-06	
2581	3.953491E-08	-3.864745E-06	
2582	4.362135E-08	-3.840693E-06	
2583	4.424723E-08	-3.810907E-06	
2584	3.779914E-08	-3.772955E-06	
2585	1.153014E-08	-3.723620E-06	
2586	-6.148758E-08	-3.609376E-06	
2587	-2.149077E-07	-3.098824E-06	
2588	-2.464901E-07	-2.834592E-06	
2589	-2.478623E-07	-2.627317E-06	
2590	-2.403289E-07	-2.461752E-06	
2591	-2.287397E-07	-2.322153E-06	
2592	-2.155127E-07	-2.201709E-06	
2593	-2.019787E-07	-2.095838E-06	
2594	-1.890500E-07	-2.001374E-06	
2595	-1.773977E-07	-1.915863E-06	
2596	-1.675354E-07	-1.837252E-06	
2597	-1.598397E-07	-1.763694E-06	
2598	-1.545238E-07	-1.693427E-06	
2599	-1.515552E-07	-1.624728E-06	
2600	-1.504937E-07	-1.555995E-06	
2601	-1.503551E-07	-1.486331E-06	
2602	-2.195499E-08	-3.631857E-06	
2603	-2.779840E-08	-3.741629E-06	
2604	-3.203852E-08	-3.787589E-06	
2605	-3.357262E-08	-3.824221E-06	
2606	-3.306965E-08	-3.853209E-06	
2607	-3.052821E-08	-3.876764E-06	
2608	-2.632915E-08	-3.895526E-06	
2609	-2.083908E-08	-3.909883E-06	
2610	-1.440619E-08	-3.920037E-06	
2611	-7.355878E-09	-3.926095E-06	
2612	-2.025629E-14	-3.928109E-06	
2613	7.355878E-09	-3.926095E-06	
2614	1.440620E-08	-3.920037E-06	
2615	2.083908E-08	-3.909883E-06	
2616	2.632915E-08	-3.895526E-06	
2617	3.052821E-08	-3.876764E-06	
2618	3.306965E-08	-3.853209E-06	
2619	3.357262E-08	-3.824221E-06	
2620	3.203852E-08	-3.787589E-06	
2621	2.779840E-08	-3.741629E-06	
2622	2.195499E-08	-3.631857E-06	
2623	-4.735711E-08	-3.774098E-06	
2624	-2.473014E-08	-3.794180E-06	
2625	-2.504094E-08	-3.835362E-06	
2626	-2.531192E-08	-3.866922E-06	
2627	-2.457382E-08	-3.893791E-06	
2628	-2.263970E-08	-3.916066E-06	
2629	-1.957378E-08	-3.934105E-06	
2630	-1.554818E-08	-3.948044E-06	
2631	-1.078262E-08	-3.957965E-06	
2632	-5.517099E-09	-3.963907E-06	
2633	1.376742E-15	-3.965886E-06	
2634	5.517096E-09	-3.963907E-06	
2635	1.078262E-08	-3.957965E-06	
2636	1.554818E-08	-3.948044E-06	
2637	1.957378E-08	-3.934105E-06	
2638	2.263970E-08	-3.916066E-06	
2639	2.457382E-08	-3.893791E-06	
2640	2.531193E-08	-3.866922E-06	
2641	2.504094E-08	-3.835362E-06	
2642	2.473015E-08	-3.794180E-06	
2643	4.735711E-08	-3.774098E-06	
2644	-6.323043E-08	-3.864284E-06	
2645	-4.365220E-08	-3.865371E-06	
2646	-3.142539E-08	-3.887057E-06	
2647	-2.648068E-08	-3.912938E-06	
2648	-2.315342E-08	-3.936364E-06	
2649	-2.009267E-08	-3.956744E-06	
2650	-1.678092E-08	-3.973649E-06	
2651	-1.306668E-08	-3.986921E-06	
2652	-8.960941E-09	-3.996461E-06	
2653	-4.559140E-09	-4.002209E-06	
2654	1.070437E-15	-4.004129E-06	
2655	4.559142E-09	-4.002209E-06	
2656	8.960941E-09	-3.996461E-06	
2657	1.306668E-08	-3.986921E-06	
2658	1.678092E-08	-3.973649E-06	
2659	2.009267E-08	-3.956744E-06	
2660	2.315342E-08	-3.936364E-06	
2661	2.648069E-08	-3.912938E-06	
2662	3.142540E-08	-3.887057E-06	
2663	4.365220E-08	-3.865371E-06	
2664	6.323043E-08	-3.864284E-06	
2665	-7.695599E-08	-3.935299E-06	
2666	-5.816002E-08	-3.932513E-06	
2667	-4.331578E-08	-3.943957E-06	
2668	-3.328671E-08	-3.962137E-06	
2669	-2.664623E-08	-3.981475E-06	
2670	-2.153962E-08	-3.999328E-06	
2671	-1.708812E-08	-4.014696E-06	
2672	-1.284625E-08	-4.027030E-06	
2673	-8.614503E-09	-4.036022E-06	
2674	-4.328963E-09	-4.041485E-06	
2675	1.704631E-15	-4.043317E-06	
2676	4.328966E-09	-4.041485E-06	
2677	8.614506E-09	-4.036022E-06	
2678	1.284625E-08	-4.027030E-06	
2679	1.708813E-08	-4.014696E-06	
2680	2.153962E-08	-3.999328E-06	
2681	2.664623E-08	-3.981475E-06	
2682	3.328672E-08	-3.962137E-06	
2683	4.331578E-08	-3.943957E-06	
2684	5.816003E-08	-3.932513E-06	
2685	7.695600E-08	-3.935299E-06	
2686	-8.704027E-08	-3.997714E-06	
2687	-6.959225E-08	-3.994441E-06	
2688	-5.404618E-08	-4.000925E-06	
2689	-4.176653E-08	-4.013603E-06	
2690	-3.248113E-08	-4.028772E-06	
2691	-2.530410E-08	-4.043884E-06	
2692	-1.938089E-08	-4.057460E-06	
2693	-1.415915E-08	-4.068661E-06	
2694	-9.302199E-09	-4.076972E-06	
2695	-4.617919E-09	-4.082075E-06	
2696	2.152256E-15	-4.083795E-06	
2697	4.617923E-09	-4.082075E-06	
2698	9.302203E-09	-4.076972E-06	
2699	1.415915E-08	-4.068661E-06	
2700	1.938089E-08	-4.057460E-06	
2701	2.530410E-08	-4.043884E-06	
2702	3.248114E-08	-4.028772E-06	
2703	4.176654E-08	-4.013603E-06	
2704	5.404620E-08	-4.000925E-06	
2705	6.959226E-08	-3.994441E-06	
2706	8.704028E-08	-3.997715E-06	
2707	-9.462778E-08	-4.055000E-06	
2708	-7.813822E-08	-4.052321E-06	
2709	-6.271482E-08	-4.056490E-06	
2710	-4.946358E-08	-4.065655E-06	
2711	-3.862804E-08	-4.077522E-06	
2712	-2.983897E-08	-4.090081E-06	
2713	-2.254257E-08	-4.101866E-06	
2714	-1.623499E-08	-4.111878E-06	
2715	-1.054042E-08	-4.119451E-06	
2716	-5.192673E-09	-4.124157E-06	
2717	0.000000E+00	-4.125752E-06	
2718	5.192676E-09	-4.124157E-06	
2719	1.054043E-08	-4.119451E-06	
2720	1.623500E-08	-4.111878E-06	
2721	2.254258E-08	-4.101866E-06	
2722	2.983898E-08	-4.090081E-06	
2723	3.862805E-08	-4.077522E-06	
2724	4.946359E-08	-4.065655E-06	
2725	6.271484E-08	-4.056490E-06	
2726	7.813823E-08	-4.052321E-06	
2727	9.462779E-08	-4.055000E-06	
2728	-9.991660E-08	-4.108907E-06	
2729	-8.415271E-08	-4.107266E-06	
2730	-6.903660E-08	-4.110431E-06	
2731	-5.547528E-08	-4.117456E-06	
2732	-4.381962E-08	-4.126947E-06	
2733	-3.397628E-08	-4.137440E-06	
2734	-2.561762E-08	-4.147648E-06	
2735	-1.836136E-08	-4.156559E-06	
2736	-1.185909E-08	-4.163427E-06	
2737	-5.819987E-09	-4.167745E-06	
2738	0.000000E+00	-4.169216E-06	
2739	5.819989E-09	-4.167745E-06	
2740	1.185910E-08	-4.163427E-06	
2741	1.836137E-08	-4.156559E-06	
2742	2.561762E-08	-4.147648E-06	
2743	3.397629E-08	-4.137440E-06	
2744	4.381963E-08	-4.126947E-06	
2745	5.547529E-08	-4.117456E-06	
2746	6.903661E-08	-4.110431E-06	
2747	8.415272E-08	-4.107266E-06	
2748	9.991661E-08	-4.108907E-06	
2749	-1.030098E-07	-4.160554E-06	
2750	-8.775227E-08	-4.160117E-06	
2751	-7.296617E-08	-4.162924E-06	
2752	-5.938870E-08	-4.168661E-06	
2753	-4.735886E-08	-4.176538E-06	
2754	-3.690105E-08	-4.185501E-06	
2755	-2.784171E-08	-4.194465E-06	
2756	-1.991305E-08	-4.202465E-06	
2757	-1.282093E-08	-4.208729E-06	
2758	-6.275739E-09	-4.212707E-06	
2759	0.000000E+00	-4.214069E-06	
2760	6.275741E-09	-4.212707E-06	
2761	1.282093E-08	-4.208729E-06	
2762	1.991306E-08	-4.202465E-06	
2763	2.784172E-08	-4.194465E-06	
2764	3.690106E-08	-4.185501E-06	
2765	4.735887E-08	-4.176538E-06	
2766	5.938871E-08	-4.168661E-06	
2767	7.296619E-08	-4.162924E-06	
2768	8.775229E-08	-4.160118E-06	
2769	1.030098E-07	-4.160554E-06	
2770	-1.040132E-07	-4.210846E-06	
2771	-8.905859E-08	-4.211532E-06	
2772	-7.452486E-08	-4.214234E-06	
2773	-6.100001E-08	-4.219188E-06	
2774	-4.878997E-08	-4.226011E-06	
2775	-3.799528E-08	-4.233923E-06	
2776	-2.855863E-08	-4.241985E-06	
2777	-2.030849E-08	-4.249292E-06	
2778	-1.299794E-08	-4.255079E-06	
2779	-6.334417E-09	-4.258780E-06	
2780	0.000000E+00	-4.260052E-06	
2781	6.334420E-09	-4.258780E-06	
2782	1.299795E-08	-4.255079E-06	
2783	2.030849E-08	-4.249292E-06	
2784	2.855864E-08	-4.241985E-06	
2785	3.799530E-08	-4.233923E-06	
2786	4.878999E-08	-4.226011E-06	
2787	6.100003E-08	-4.219188E-06	
2788	7.452488E-08	-4.214234E-06	
2789	8.905861E-08	-4.211532E-06	
2790	1.040133E-07	-4.210846E-06	
2791	-1.032702E-07	-4.260615E-06	
2792	-8.838460E-08	-4.262048E-06	
2793	-7.386127E-08	-4.264671E-06	
2794	-6.017249E-08	-4.269134E-06	
2795	-4.768362E-08	-4.275284E-06	
2796	-3.662705E-08	-4.282489E-06	
2797	-2.706815E-08	-4.289909E-06	
2798	-1.890782E-08	-4.296689E-06	
2799	-1.191044E-08	-4.302092E-06	
2800	-5.740712E-09	-4.305562E-06	
2801	0.000000E+00	-4.306757E-06	
2802	5.740716E-09	-4.305562E-06	
2803	1.191045E-08	-4.302092E-06	
2804	1.890784E-08	-4.296689E-06	
2805	2.706817E-08	-4.289909E-06	
2806	3.662706E-08	-4.282489E-06	
2807	4.768364E-08	-4.275284E-06	
2808	6.017251E-08	-4.269134E-06	
2809	7.386129E-08	-4.264672E-06	
2810	8.838462E-08	-4.262048E-06	
2811	1.032702E-07	-4.260615E-06	
2812	-1.016535E-07	-4.310485E-06	
2813	-8.652542E-08	-4.312173E-06	
2814	-7.132399E-08	-4.314718E-06	
2815	-5.670077E-08	-4.318842E-06	
2816	-4.339227E-08	-4.324488E-06	
2817	-3.190004E-08	-4.331114E-06	
2818	-2.242064E-08	-4.337960E-06	
2819	-1.486937E-08	-4.344237E-06	
2820	-8.939481E-09	-4.349253E-06	
2821	-4.168815E-09	-4.352480E-06	
2822	0.000000E+00	-4.353592E-06	
2823	4.168822E-09	-4.352480E-06	
2824	8.939492E-09	-4.349253E-06	
2825	1.486938E-08	-4.344237E-06	
2826	2.242066E-08	-4.337960E-06	
2827	3.190006E-08	-4.331114E-06	
2828	4.339230E-08	-4.324488E-06	
2829	5.670079E-08	-4.318842E-06	
2830	7.132401E-08	-4.314718E-06	
2831	8.652544E-08	-4.312173E-06	
2832	1.016535E-07	-4.310485E-06	
