nodal
3
932
2	-1.621604E-05	-6.013751E-06	-7.719033E-05	
3	-3.098067E-05	-1.684741E-05	-3.093464E-04	
4	-4.195005E-05	-3.054509E-05	-6.705970E-04	
5	-4.861766E-05	-4.525086E-05	-1.122036E-03	
6	-5.073067E-05	-5.961499E-05	-1.620366E-03	
7	-4.815904E-05	-7.258226E-05	-2.119456E-03	
8	-4.102687E-05	-8.343445E-05	-2.572065E-03	
9	-2.988011E-05	-9.163110E-05	-2.933524E-03	
10	-1.573955E-05	-9.674384E-05	-3.166800E-03	
11	1.766907E-10	-9.848271E-05	-3.247420E-03	
12	1.573989E-05	-9.674369E-05	-3.166800E-03	
13	2.988040E-05	-9.163082E-05	-2.933524E-03	
14	4.102709E-05	-8.343408E-05	-2.572065E-03	
15	4.815918E-05	-7.258186E-05	-2.119455E-03	
16	5.073073E-05	-5.961461E-05	-1.620365E-03	
17	4.861766E-05	-4.525054E-05	-1.122035E-03	
18	4.195001E-05	-3.054485E-05	-6.705967E-04	
19	3.098061E-05	-1.684726E-05	-3.093462E-04	
20	1.621599E-05	-6.013685E-06	-7.719028E-05	
23	-2.403981E-05	-5.083837E-06	-1.251888E-04	
24	-4.271149E-05	-1.604651E-05	-4.623526E-04	
25	-5.590488E-05	-3.005179E-05	-9.587463E-04	
26	-6.330101E-05	-4.513582E-05	-1.558493E-03	
27	-6.489719E-05	-5.982961E-05	-2.204102E-03	
28	-6.084299E-05	-7.302598E-05	-2.838495E-03	
29	-5.144044E-05	-8.400002E-05	-3.406298E-03	
30	-3.732277E-05	-9.225400E-05	-3.856150E-03	
31	-1.962849E-05	-9.739952E-05	-4.145256E-03	
32	1.544242E-10	-9.914365E-05	-4.244974E-03	
33	1.962879E-05	-9.739936E-05	-4.145256E-03	
34	3.732302E-05	-9.225369E-05	-3.856149E-03	
35	5.144064E-05	-8.399963E-05	-3.406297E-03	
36	6.084312E-05	-7.302556E-05	-2.838493E-03	
37	6.489726E-05	-5.982921E-05	-2.204100E-03	
38	6.330102E-05	-4.513549E-05	-1.558491E-03	
39	5.590485E-05	-3.005155E-05	-9.587455E-04	
40	4.271145E-05	-1.604636E-05	-4.623521E-04	
41	2.403978E-05	-5.083775E-06	-1.251887E-04	
44	-3.174538E-05	-4.567891E-06	-1.657452E-04	
45	-5.532198E-05	-1.512747E-05	-6.060202E-04	
46	-7.101495E-05	-2.944224E-05	-1.240909E-03	
47	-7.908827E-05	-4.512772E-05	-1.993572E-03	
48	-7.990927E-05	-6.030327E-05	-2.790442E-03	
49	-7.399613E-05	-7.364124E-05	-3.562295E-03	
50	-6.201257E-05	-8.433100E-05	-4.245389E-03	
51	-4.478078E-05	-9.211387E-05	-4.782788E-03	
52	-2.350619E-05	-9.687814E-05	-5.127028E-03	
53	1.594918E-10	-9.850930E-05	-5.245621E-03	
54	2.350649E-05	-9.687795E-05	-5.127027E-03	
55	4.478104E-05	-9.211353E-05	-4.782786E-03	
56	6.201276E-05	-8.433057E-05	-4.245387E-03	
57	7.399624E-05	-7.364079E-05	-3.562293E-03	
58	7.990931E-05	-6.030285E-05	-2.790439E-03	
59	7.908826E-05	-4.512738E-05	-1.993571E-03	
60	7.101491E-05	-2.944199E-05	-1.240907E-03	
61	5.532194E-05	-1.512733E-05	-6.060195E-04	
62	3.174535E-05	-4.567827E-06	-1.657450E-04	
65	-3.882487E-05	-4.251004E-06	-2.022265E-04	
66	-6.774060E-05	-1.423444E-05	-7.403852E-04	
67	-8.665332E-05	-2.854573E-05	-1.515231E-03	
68	-9.560227E-05	-4.497483E-05	-2.427271E-03	
69	-9.527157E-05	-6.083828E-05	-3.380705E-03	
70	-8.686609E-05	-7.405221E-05	-4.290309E-03	
71	-7.171746E-05	-8.369269E-05	-5.082822E-03	
72	-5.124991E-05	-8.974702E-05	-5.698452E-03	
73	-2.681822E-05	-9.303675E-05	-6.090112E-03	
74	1.820722E-10	-9.411750E-05	-6.225079E-03	
75	2.681856E-05	-9.303654E-05	-6.090111E-03	
76	5.125019E-05	-8.974663E-05	-5.698450E-03	
77	7.171764E-05	-8.369222E-05	-5.082818E-03	
78	8.686617E-05	-7.405172E-05	-4.290306E-03	
79	9.527157E-05	-6.083785E-05	-3.380702E-03	
80	9.560222E-05	-4.497450E-05	-2.427268E-03	
81	8.665325E-05	-2.854549E-05	-1.515229E-03	
82	6.774054E-05	-1.423430E-05	-7.403843E-04	
83	3.882483E-05	-4.250942E-06	-2.022262E-04	
86	-4.533917E-05	-3.908485E-06	-2.353918E-04	
87	-7.967297E-05	-1.326859E-05	-8.652577E-04	
88	-1.025230E-04	-2.710371E-05	-1.777343E-03	
89	-1.131043E-04	-4.376739E-05	-2.853831E-03	
90	-1.112691E-04	-6.059064E-05	-3.971214E-03	
91	-9.913494E-05	-7.352163E-05	-5.015876E-03	
92	-7.969103E-05	-8.113362E-05	-5.903675E-03	
93	-5.546723E-05	-8.385176E-05	-6.573897E-03	
94	-2.838989E-05	-8.367449E-05	-6.990637E-03	
95	2.153996E-10	-8.288932E-05	-7.131529E-03	
96	2.839028E-05	-8.367423E-05	-6.990635E-03	
97	5.546753E-05	-8.385130E-05	-6.573894E-03	
98	7.969120E-05	-8.113307E-05	-5.903671E-03	
99	9.913498E-05	-7.352109E-05	-5.015871E-03	
100	1.112691E-04	-6.059020E-05	-3.971210E-03	
101	1.131042E-04	-4.376708E-05	-2.853828E-03	
102	1.025229E-04	-2.710351E-05	-1.777341E-03	
103	7.967289E-05	-1.326847E-05	-8.652568E-04	
104	4.533913E-05	-3.908431E-06	-2.353915E-04	
107	-5.159538E-05	-3.660356E-06	-2.658744E-04	
108	-9.113880E-05	-1.250517E-05	-9.815878E-04	
109	-1.179070E-04	-2.542790E-05	-2.023209E-03	
110	-1.308552E-04	-4.075242E-05	-3.258078E-03	
111	-1.283581E-04	-5.673939E-05	-4.541823E-03	
112	-1.111155E-04	-7.055454E-05	-5.721304E-03	
113	-8.512759E-05	-7.503797E-05	-6.679667E-03	
114	-5.551479E-05	-7.316226E-05	-7.367597E-03	
115	-2.623845E-05	-6.624710E-05	-7.761572E-03	
116	2.417145E-10	-6.330490E-05	-7.885213E-03	
117	2.623890E-05	-6.624681E-05	-7.761570E-03	
118	5.551512E-05	-7.316171E-05	-7.367593E-03	
119	8.512775E-05	-7.503731E-05	-6.679662E-03	
120	1.111155E-04	-7.055394E-05	-5.721299E-03	
121	1.283580E-04	-5.673897E-05	-4.541818E-03	
122	1.308550E-04	-4.075214E-05	-3.258075E-03	
123	1.179069E-04	-2.542774E-05	-2.023207E-03	
124	9.113872E-05	-1.250507E-05	-9.815869E-04	
125	5.159534E-05	-3.660312E-06	-2.658742E-04	
128	-5.706636E-05	-3.971559E-06	-2.972709E-04	
129	-1.011872E-04	-1.284966E-05	-1.096441E-03	
130	-1.305994E-04	-2.460765E-05	-2.257116E-03	
131	-1.441894E-04	-3.621603E-05	-3.624377E-03	
132	-1.430156E-04	-4.655961E-05	-5.040440E-03	
133	-1.238225E-04	-5.757673E-05	-6.351617E-03	
134	-8.742696E-05	-6.673509E-05	-7.372766E-03	
135	-4.918082E-05	-5.139429E-05	-8.009300E-03	
136	-2.059268E-05	-4.115524E-05	-8.316647E-03	
137	2.308248E-10	-3.779640E-05	-8.408873E-03	
138	2.059313E-05	-4.115497E-05	-8.316644E-03	
139	4.918122E-05	-5.139368E-05	-8.009296E-03	
140	8.742711E-05	-6.673419E-05	-7.372761E-03	
141	1.238224E-04	-5.757611E-05	-6.351612E-03	
142	1.430155E-04	-4.655924E-05	-5.040435E-03	
143	1.441892E-04	-3.621583E-05	-3.624374E-03	
144	1.305994E-04	-2.460754E-05	-2.257115E-03	
145	1.011872E-04	-1.284960E-05	-1.096440E-03	
146	5.706634E-05	-3.971528E-06	-2.972707E-04	
149	-6.693800E-05	-5.219962E-06	-3.378972E-04	
150	-1.143723E-04	-1.654319E-05	-1.231797E-03	
151	-1.427028E-04	-2.572199E-05	-2.495666E-03	
152	-1.539006E-04	-2.925537E-05	-3.939744E-03	
153	-1.511130E-04	-3.123340E-05	-5.409979E-03	
154	-1.393980E-04	-3.167393E-05	-6.778964E-03	
155	-9.365691E-05	-2.962061E-05	-7.872740E-03	
156	-3.818387E-05	-2.154776E-05	-8.376449E-03	
157	-1.665725E-05	-1.397215E-05	-8.598471E-03	
158	1.533678E-10	-1.042210E-05	-8.661569E-03	
159	1.665758E-05	-1.397196E-05	-8.598469E-03	
160	3.818422E-05	-2.154722E-05	-8.376445E-03	
161	9.365712E-05	-2.961942E-05	-7.872735E-03	
162	1.393979E-04	-3.167335E-05	-6.778960E-03	
163	1.511129E-04	-3.123313E-05	-5.409976E-03	
164	1.539005E-04	-2.925525E-05	-3.939742E-03	
165	1.427028E-04	-2.572194E-05	-2.495665E-03	
166	1.143723E-04	-1.654315E-05	-1.231797E-03	
167	6.693799E-05	-5.219941E-06	-3.378971E-04	
170	-6.989056E-05	-1.039074E-05	-4.075746E-04	
171	-1.150333E-04	-2.519802E-05	-1.433440E-03	
172	-1.325228E-04	-2.589323E-05	-2.752638E-03	
173	-1.393666E-04	-1.938246E-05	-4.174715E-03	
174	-1.387014E-04	-1.188828E-05	-5.616207E-03	
175	-1.167164E-04	-6.373599E-06	-6.940907E-03	
176	-7.701845E-05	4.550143E-06	-7.912110E-03	
177	-3.736362E-05	4.713290E-06	-8.443062E-03	
178	-9.997661E-06	9.695294E-06	-8.617500E-03	
179	2.868484E-11	1.128386E-05	-8.648965E-03	
180	9.997736E-06	9.695368E-06	-8.617499E-03	
181	3.736377E-05	4.713708E-06	-8.443060E-03	
182	7.701845E-05	4.551242E-06	-7.912107E-03	
183	1.167162E-04	-6.373088E-06	-6.940905E-03	
184	1.387013E-04	-1.188815E-05	-5.616206E-03	
185	1.393666E-04	-1.938242E-05	-4.174714E-03	
186	1.325228E-04	-2.589321E-05	-2.752638E-03	
187	1.150333E-04	-2.519800E-05	-1.433440E-03	
188	6.989058E-05	-1.039073E-05	-4.075746E-04	
191	-1.245620E-04	-2.425923E-05	-5.683138E-04	
192	-1.542608E-04	-2.547150E-05	-1.709816E-03	
193	-1.646798E-04	-1.852626E-05	-2.983289E-03	
194	-1.690288E-04	-8.845906E-06	-4.312328E-03	
195	-1.662299E-04	2.461347E-06	-5.642762E-03	
196	-1.525784E-04	1.067605E-05	-6.897770E-03	
197	-9.851078E-05	1.423383E-06	-7.857220E-03	
198	-3.506064E-05	1.852955E-05	-8.301430E-03	
199	-1.286045E-05	1.835529E-05	-8.448434E-03	
200	-6.274542E-11	1.700291E-05	-8.485512E-03	
201	1.286029E-05	1.835529E-05	-8.448433E-03	
202	3.506041E-05	1.852967E-05	-8.301430E-03	
203	9.851060E-05	1.424828E-06	-7.857219E-03	
204	1.525784E-04	1.067620E-05	-6.897770E-03	
205	1.662300E-04	2.461369E-06	-5.642762E-03	
206	1.690289E-04	-8.845905E-06	-4.312328E-03	
207	1.646799E-04	-1.852626E-05	-2.983289E-03	
208	1.542608E-04	-2.547149E-05	-1.709816E-03	
209	1.245620E-04	-2.425922E-05	-5.683139E-04	
212	0.000000E+00	0.000000E+00	-7.835454E-04	
213	0.000000E+00	0.000000E+00	-1.865399E-03	
214	0.000000E+00	0.000000E+00	-3.088098E-03	
215	0.000000E+00	0.000000E+00	-4.354122E-03	
216	0.000000E+00	0.000000E+00	-5.611054E-03	
217	0.000000E+00	0.000000E+00	-6.795478E-03	
218	0.000000E+00	0.000000E+00	-7.828612E-03	
219	0.000000E+00	0.000000E+00	-8.157346E-03	
220	0.000000E+00	0.000000E+00	-8.323207E-03	
221	0.000000E+00	0.000000E+00	-8.372343E-03	
222	0.000000E+00	0.000000E+00	-8.323208E-03	
223	0.000000E+00	0.000000E+00	-8.157347E-03	
224	0.000000E+00	0.000000E+00	-7.828613E-03	
225	0.000000E+00	0.000000E+00	-6.795478E-03	
226	0.000000E+00	0.000000E+00	-5.611055E-03	
227	0.000000E+00	0.000000E+00	-4.354123E-03	
228	0.000000E+00	0.000000E+00	-3.088098E-03	
229	0.000000E+00	0.000000E+00	-1.865399E-03	
230	0.000000E+00	0.000000E+00	-7.835455E-04	
233	-1.245628E-04	2.425833E-05	-5.683159E-04	
234	-1.542628E-04	2.546845E-05	-1.709826E-03	
235	-1.646833E-04	1.851907E-05	-2.983318E-03	
236	-1.690345E-04	8.831231E-06	-4.312391E-03	
237	-1.662399E-04	-2.490331E-06	-5.642888E-03	
238	-1.526047E-04	-1.073054E-05	-6.898057E-03	
239	-9.849794E-05	-1.525989E-06	-7.857755E-03	
240	-3.502254E-05	-1.858918E-05	-8.301749E-03	
241	-1.284886E-05	-1.839574E-05	-8.448614E-03	
242	-3.318848E-11	-1.703705E-05	-8.485666E-03	
243	1.284881E-05	-1.839588E-05	-8.448615E-03	
244	3.502262E-05	-1.858944E-05	-8.301751E-03	
245	9.849805E-05	-1.525923E-06	-7.857756E-03	
246	1.526048E-04	-1.073087E-05	-6.898059E-03	
247	1.662401E-04	-2.490568E-06	-5.642890E-03	
248	1.690346E-04	8.831093E-06	-4.312392E-03	
249	1.646834E-04	1.851900E-05	-2.983319E-03	
250	1.542629E-04	2.546842E-05	-1.709827E-03	
251	1.245629E-04	2.425832E-05	-5.683160E-04	
254	-6.989284E-05	1.038898E-05	-4.075836E-04	
255	-1.150384E-04	2.519216E-05	-1.433481E-03	
256	-1.325316E-04	2.588027E-05	-2.752744E-03	
257	-1.393810E-04	1.935801E-05	-4.174934E-03	
258	-1.387251E-04	1.184775E-05	-5.616624E-03	
259	-1.167363E-04	6.313910E-06	-6.941612E-03	
260	-7.701703E-05	-4.621051E-06	-7.912982E-03	
261	-3.734086E-05	-4.779561E-06	-8.443860E-03	
262	-9.977543E-06	-9.752604E-06	-8.618106E-03	
263	-5.815570E-11	-1.133767E-05	-8.649495E-03	
264	9.977438E-06	-9.752764E-06	-8.618109E-03	
265	3.734078E-05	-4.779904E-06	-8.443864E-03	
266	7.701717E-05	-4.621618E-06	-7.912987E-03	
267	1.167366E-04	6.313477E-06	-6.941617E-03	
268	1.387255E-04	1.184747E-05	-5.616628E-03	
269	1.393812E-04	1.935784E-05	-4.174936E-03	
270	1.325318E-04	2.588017E-05	-2.752745E-03	
271	1.150386E-04	2.519211E-05	-1.433482E-03	
272	6.989290E-05	1.038896E-05	-4.075838E-04	
275	-6.694229E-05	5.217423E-06	-3.379177E-04	
276	-1.143814E-04	1.653523E-05	-1.231885E-03	
277	-1.427176E-04	2.570573E-05	-2.495877E-03	
278	-1.539217E-04	2.922859E-05	-3.940152E-03	
279	-1.511362E-04	3.119679E-05	-5.410655E-03	
280	-1.394158E-04	3.162839E-05	-6.779916E-03	
281	-9.365488E-05	2.954504E-05	-7.873883E-03	
282	-3.817078E-05	2.149444E-05	-8.377579E-03	
283	-1.664708E-05	1.391764E-05	-8.599507E-03	
284	-7.941240E-11	1.036584E-05	-8.662553E-03	
285	1.664693E-05	1.391751E-05	-8.599510E-03	
286	3.817070E-05	2.149416E-05	-8.377585E-03	
287	9.365521E-05	2.954435E-05	-7.873892E-03	
288	1.394163E-04	3.162807E-05	-6.779924E-03	
289	1.511366E-04	3.119657E-05	-5.410661E-03	
290	1.539220E-04	2.922844E-05	-3.940156E-03	
291	1.427178E-04	2.570564E-05	-2.495879E-03	
292	1.143816E-04	1.653518E-05	-1.231886E-03	
293	6.694237E-05	5.217407E-06	-3.379179E-04	
296	-5.707301E-05	3.968449E-06	-2.973053E-04	
297	-1.012004E-04	1.284077E-05	-1.096580E-03	
298	-1.306186E-04	2.459136E-05	-2.257432E-03	
299	-1.442121E-04	3.619250E-05	-3.624935E-03	
300	-1.430373E-04	4.652993E-05	-5.041273E-03	
301	-1.238368E-04	5.753801E-05	-6.352707E-03	
302	-8.743613E-05	6.668810E-05	-7.374033E-03	
303	-4.918517E-05	5.134919E-05	-8.010650E-03	
304	-2.059245E-05	4.110957E-05	-8.318006E-03	
305	-8.440786E-11	3.774899E-05	-8.410229E-03	
306	2.059231E-05	4.110949E-05	-8.318009E-03	
307	4.918517E-05	5.134902E-05	-8.010657E-03	
308	8.743627E-05	6.668790E-05	-7.374042E-03	
309	1.238370E-04	5.753787E-05	-6.352716E-03	
310	1.430377E-04	4.652981E-05	-5.041280E-03	
311	1.442125E-04	3.619241E-05	-3.624940E-03	
312	1.306189E-04	2.459129E-05	-2.257435E-03	
313	1.012005E-04	1.284074E-05	-1.096581E-03	
314	5.707310E-05	3.968438E-06	-2.973056E-04	
317	-5.160421E-05	3.657031E-06	-2.659221E-04	
318	-9.115493E-05	1.249667E-05	-9.817708E-04	
319	-1.179283E-04	2.541371E-05	-2.023600E-03	
320	-1.308782E-04	4.073296E-05	-3.258727E-03	
321	-1.283792E-04	5.671450E-05	-4.542740E-03	
322	-1.111331E-04	7.052369E-05	-5.722465E-03	
323	-8.514201E-05	7.500217E-05	-6.681020E-03	
324	-5.552581E-05	7.312515E-05	-7.369086E-03	
325	-2.624446E-05	6.620961E-05	-7.763140E-03	
326	-7.216349E-11	6.326723E-05	-7.886807E-03	
327	2.624436E-05	6.620960E-05	-7.763143E-03	
328	5.552580E-05	7.312512E-05	-7.369092E-03	
329	8.514209E-05	7.500213E-05	-6.681028E-03	
330	1.111332E-04	7.052367E-05	-5.722473E-03	
331	1.283795E-04	5.671448E-05	-4.542747E-03	
332	1.308785E-04	4.073293E-05	-3.258732E-03	
333	1.179285E-04	2.541369E-05	-2.023603E-03	
334	9.115512E-05	1.249665E-05	-9.817723E-04	
335	5.160431E-05	3.657027E-06	-2.659225E-04	
338	-4.534947E-05	3.905295E-06	-2.354488E-04	
339	-7.969069E-05	1.326114E-05	-8.654683E-04	
340	-1.025451E-04	2.709173E-05	-1.777775E-03	
341	-1.131276E-04	4.375083E-05	-2.854523E-03	
342	-1.112913E-04	6.056928E-05	-3.972172E-03	
343	-9.915495E-05	7.349540E-05	-5.017080E-03	
344	-7.970839E-05	8.110378E-05	-5.905090E-03	
345	-5.548081E-05	8.382044E-05	-6.575476E-03	
346	-2.839767E-05	8.364324E-05	-6.992323E-03	
347	-4.477287E-11	8.285832E-05	-7.133254E-03	
348	2.839761E-05	8.364326E-05	-6.992326E-03	
349	5.548080E-05	8.382047E-05	-6.575481E-03	
350	7.970845E-05	8.110382E-05	-5.905097E-03	
351	9.915507E-05	7.349545E-05	-5.017086E-03	
352	1.112915E-04	6.056933E-05	-3.972178E-03	
353	1.131278E-04	4.375087E-05	-2.854528E-03	
354	1.025454E-04	2.709174E-05	-1.777778E-03	
355	7.969086E-05	1.326115E-05	-8.654699E-04	
356	4.534957E-05	3.905298E-06	-2.354493E-04	
359	-3.883576E-05	4.248074E-06	-2.022880E-04	
360	-6.775884E-05	1.422789E-05	-7.406076E-04	
361	-8.667567E-05	2.853518E-05	-1.515679E-03	
362	-9.562602E-05	4.495999E-05	-2.427980E-03	
363	-9.529482E-05	6.081897E-05	-3.381683E-03	
364	-8.688762E-05	7.402881E-05	-4.291542E-03	
365	-7.173612E-05	8.366645E-05	-5.084278E-03	
366	-5.126411E-05	8.971956E-05	-5.700086E-03	
367	-2.682610E-05	9.300927E-05	-6.091861E-03	
368	-1.661033E-11	9.409028E-05	-6.226869E-03	
369	2.682608E-05	9.300930E-05	-6.091863E-03	
370	5.126412E-05	8.971961E-05	-5.700089E-03	
371	7.173617E-05	8.366652E-05	-5.084282E-03	
372	8.688772E-05	7.402889E-05	-4.291547E-03	
373	9.529496E-05	6.081905E-05	-3.381687E-03	
374	9.562619E-05	4.496006E-05	-2.427984E-03	
375	8.667584E-05	2.853522E-05	-1.515682E-03	
376	6.775898E-05	1.422792E-05	-7.406089E-04	
377	3.883584E-05	4.248082E-06	-2.022884E-04	
380	-3.175615E-05	4.565157E-06	-1.658074E-04	
381	-5.533992E-05	1.512142E-05	-6.062443E-04	
382	-7.103704E-05	2.943235E-05	-1.241360E-03	
383	-7.911212E-05	4.511367E-05	-1.994287E-03	
384	-7.993301E-05	6.028505E-05	-2.791430E-03	
385	-7.401820E-05	7.361945E-05	-3.563546E-03	
386	-6.203142E-05	8.430675E-05	-4.246872E-03	
387	-4.479475E-05	9.208848E-05	-4.784453E-03	
388	-2.351373E-05	9.685252E-05	-5.128810E-03	
389	1.086080E-11	9.848378E-05	-5.247445E-03	
390	2.351375E-05	9.685255E-05	-5.128812E-03	
391	4.479479E-05	9.208854E-05	-4.784455E-03	
392	6.203148E-05	8.430683E-05	-4.246875E-03	
393	7.401828E-05	7.361954E-05	-3.563550E-03	
394	7.993312E-05	6.028514E-05	-2.791434E-03	
395	7.911224E-05	4.511375E-05	-1.994290E-03	
396	7.103717E-05	2.943242E-05	-1.241362E-03	
397	5.534003E-05	1.512145E-05	-6.062453E-04	
398	3.175622E-05	4.565170E-06	-1.658077E-04	
401	-2.404982E-05	5.081214E-06	-1.252497E-04	
402	-4.272820E-05	1.604060E-05	-4.625730E-04	
403	-5.592592E-05	3.004210E-05	-9.591943E-04	
404	-6.332421E-05	4.512205E-05	-1.559208E-03	
405	-6.492059E-05	5.981187E-05	-2.205097E-03	
406	-6.086477E-05	7.300491E-05	-2.839760E-03	
407	-5.145886E-05	8.397665E-05	-3.407801E-03	
408	-3.733621E-05	9.222942E-05	-3.857838E-03	
409	-1.963564E-05	9.737453E-05	-4.147062E-03	
410	4.146699E-11	9.911865E-05	-4.246821E-03	
411	1.963572E-05	9.737456E-05	-4.147063E-03	
412	3.733629E-05	9.222948E-05	-3.857839E-03	
413	5.145894E-05	8.397674E-05	-3.407802E-03	
414	6.086484E-05	7.300501E-05	-2.839762E-03	
415	6.492066E-05	5.981197E-05	-2.205099E-03	
416	6.332429E-05	4.512214E-05	-1.559209E-03	
417	5.592600E-05	3.004217E-05	-9.591954E-04	
418	4.272827E-05	1.604064E-05	-4.625736E-04	
419	2.404986E-05	5.081231E-06	-1.252499E-04	
422	-1.622364E-05	6.011002E-06	-7.724689E-05	
423	-3.099474E-05	1.684144E-05	-3.095594E-04	
424	-4.196877E-05	3.053542E-05	-6.710387E-04	
425	-4.863900E-05	4.523720E-05	-1.122750E-03	
426	-5.075268E-05	5.959746E-05	-1.621368E-03	
427	-4.817979E-05	7.256148E-05	-2.120735E-03	
428	-4.104452E-05	8.341136E-05	-2.573587E-03	
429	-2.989300E-05	9.160673E-05	-2.935234E-03	
430	-1.574640E-05	9.671895E-05	-3.168629E-03	
431	7.899830E-11	9.845775E-05	-3.249290E-03	
432	1.574655E-05	9.671898E-05	-3.168629E-03	
433	2.989313E-05	9.160679E-05	-2.935234E-03	
434	4.104462E-05	8.341145E-05	-2.573587E-03	
435	4.817986E-05	7.256158E-05	-2.120735E-03	
436	5.075272E-05	5.959756E-05	-1.621368E-03	
437	4.863904E-05	4.523729E-05	-1.122750E-03	
438	4.196881E-05	3.053549E-05	-6.710390E-04	
439	3.099477E-05	1.684149E-05	-3.095595E-04	
440	1.622366E-05	6.011022E-06	-7.724693E-05	
443	1.541590E-05	4.732317E-06	-7.716167E-05	
444	3.001212E-05	1.454830E-05	-3.093527E-04	
445	4.125868E-05	2.764051E-05	-6.706097E-04	
446	4.842760E-05	4.224415E-05	-1.122054E-03	
447	5.111641E-05	5.702092E-05	-1.620383E-03	
448	4.902867E-05	7.084703E-05	-2.119467E-03	
449	4.213679E-05	8.282849E-05	-2.572067E-03	
450	3.089699E-05	9.215663E-05	-2.933515E-03	
451	1.634541E-05	9.810556E-05	-3.166783E-03	
452	1.703708E-10	1.001527E-04	-3.247400E-03	
453	-1.634509E-05	9.810564E-05	-3.166783E-03	
454	-3.089672E-05	9.215677E-05	-2.933515E-03	
455	-4.213659E-05	8.282868E-05	-2.572067E-03	
456	-4.902855E-05	7.084724E-05	-2.119467E-03	
457	-5.111635E-05	5.702111E-05	-1.620383E-03	
458	-4.842759E-05	4.224433E-05	-1.122054E-03	
459	-4.125870E-05	2.764065E-05	-6.706094E-04	
460	-3.001215E-05	1.454840E-05	-3.093525E-04	
461	-1.541593E-05	4.732364E-06	-7.716161E-05	
464	2.375166E-05	3.861844E-06	-1.251724E-04	
465	4.217567E-05	1.371815E-05	-4.623450E-04	
466	5.532548E-05	2.705002E-05	-9.587446E-04	
467	6.285551E-05	4.198228E-05	-1.558495E-03	
468	6.469645E-05	5.707633E-05	-2.204106E-03	
469	6.090540E-05	7.116759E-05	-2.838498E-03	
470	5.169067E-05	8.335240E-05	-3.406301E-03	
471	3.762064E-05	9.283724E-05	-3.856151E-03	
472	1.982422E-05	9.890080E-05	-4.145255E-03	
473	1.091783E-10	1.009844E-04	-4.244973E-03	
474	-1.982401E-05	9.890089E-05	-4.145255E-03	
475	-3.762045E-05	9.283740E-05	-3.856150E-03	
476	-5.169052E-05	8.335261E-05	-3.406300E-03	
477	-6.090529E-05	7.116781E-05	-2.838497E-03	
478	-6.469636E-05	5.707654E-05	-2.204104E-03	
479	-6.285545E-05	4.198246E-05	-1.558494E-03	
480	-5.532543E-05	2.705017E-05	-9.587437E-04	
481	-4.217563E-05	1.371825E-05	-4.623445E-04	
482	-2.375164E-05	3.861890E-06	-1.251722E-04	
485	3.139193E-05	3.265586E-06	-1.657223E-04	
486	5.465043E-05	1.274599E-05	-6.060063E-04	
487	7.012548E-05	2.634119E-05	-1.240897E-03	
488	7.813954E-05	4.180199E-05	-1.993565E-03	
489	7.907567E-05	5.732546E-05	-2.790437E-03	
490	7.340332E-05	7.157605E-05	-3.562295E-03	
491	6.168742E-05	8.357256E-05	-4.245391E-03	
492	4.465492E-05	9.273590E-05	-4.782796E-03	
493	2.348133E-05	9.854347E-05	-5.127039E-03	
494	7.166711E-11	1.005635E-04	-5.245633E-03	
495	-2.348120E-05	9.854357E-05	-5.127038E-03	
496	-4.465479E-05	9.273608E-05	-4.782795E-03	
497	-6.168731E-05	8.357279E-05	-4.245389E-03	
498	-7.340322E-05	7.157629E-05	-3.562293E-03	
499	-7.907558E-05	5.732570E-05	-2.790435E-03	
500	-7.813945E-05	4.180219E-05	-1.993563E-03	
501	-7.012540E-05	2.634135E-05	-1.240896E-03	
502	-5.465037E-05	1.274609E-05	-6.060056E-04	
503	-3.139189E-05	3.265637E-06	-1.657221E-04	
506	3.828427E-05	2.891731E-06	-2.021957E-04	
507	6.664290E-05	1.178780E-05	-7.403628E-04	
508	8.510594E-05	2.531535E-05	-1.515209E-03	
509	9.380204E-05	4.137895E-05	-2.427252E-03	
510	9.350708E-05	5.745817E-05	-3.380691E-03	
511	8.540461E-05	7.156478E-05	-4.290299E-03	
512	7.070102E-05	8.269544E-05	-5.082834E-03	
513	5.067177E-05	9.039323E-05	-5.698468E-03	
514	2.655714E-05	9.496771E-05	-6.090137E-03	
515	4.682453E-11	9.652278E-05	-6.225109E-03	
516	-2.655704E-05	9.496782E-05	-6.090136E-03	
517	-5.067168E-05	9.039344E-05	-5.698466E-03	
518	-7.070094E-05	8.269571E-05	-5.082831E-03	
519	-8.540452E-05	7.156507E-05	-4.290296E-03	
520	-9.350699E-05	5.745843E-05	-3.380688E-03	
521	-9.380195E-05	4.137917E-05	-2.427250E-03	
522	-8.510584E-05	2.531551E-05	-1.515207E-03	
523	-6.664281E-05	1.178791E-05	-7.403619E-04	
524	-3.828422E-05	2.891785E-06	-2.021954E-04	
527	4.454719E-05	2.580395E-06	-2.353505E-04	
528	7.798830E-05	1.085226E-05	-8.652269E-04	
529	1.000168E-04	2.380054E-05	-1.777310E-03	
530	1.099922E-04	3.985453E-05	-2.853802E-03	
531	1.079827E-04	5.657685E-05	-3.971183E-03	
532	9.621726E-05	7.029496E-05	-5.015874E-03	
533	7.750835E-05	7.957009E-05	-5.903641E-03	
534	5.400606E-05	8.448927E-05	-6.573932E-03	
535	2.770054E-05	8.595121E-05	-6.990685E-03	
536	2.665756E-11	8.578394E-05	-7.131579E-03	
537	-2.770048E-05	8.595137E-05	-6.990683E-03	
538	-5.400599E-05	8.448956E-05	-6.573929E-03	
539	-7.750828E-05	7.957045E-05	-5.903637E-03	
540	-9.621719E-05	7.029532E-05	-5.015870E-03	
541	-1.079826E-04	5.657717E-05	-3.971179E-03	
542	-1.099921E-04	3.985478E-05	-2.853799E-03	
543	-1.000167E-04	2.380073E-05	-1.777308E-03	
544	-7.798821E-05	1.085238E-05	-8.652259E-04	
545	-4.454714E-05	2.580451E-06	-2.353502E-04	
548	5.054560E-05	2.493449E-06	-2.658233E-04	
549	8.881265E-05	1.031334E-05	-9.815488E-04	
550	1.142648E-04	2.227697E-05	-2.023166E-03	
551	1.259537E-04	3.670004E-05	-3.258030E-03	
552	1.226284E-04	5.201691E-05	-4.541796E-03	
553	1.055309E-04	6.598412E-05	-5.721199E-03	
554	8.050806E-05	7.272234E-05	-6.679832E-03	
555	5.251032E-05	7.363481E-05	-7.367622E-03	
556	2.441030E-05	6.893385E-05	-7.761652E-03	
557	5.391575E-12	6.648177E-05	-7.885297E-03	
558	-2.441027E-05	6.893407E-05	-7.761650E-03	
559	-5.251026E-05	7.363522E-05	-7.367618E-03	
560	-8.050799E-05	7.272285E-05	-6.679827E-03	
561	-1.055308E-04	6.598461E-05	-5.721194E-03	
562	-1.226283E-04	5.201730E-05	-4.541792E-03	
563	-1.259536E-04	3.670033E-05	-3.258027E-03	
564	-1.142647E-04	2.227717E-05	-2.023164E-03	
565	-8.881256E-05	1.031346E-05	-9.815478E-04	
566	-5.054554E-05	2.493502E-06	-2.658231E-04	
569	5.582662E-05	3.110017E-06	-2.972132E-04	
570	9.835118E-05	1.113621E-05	-1.096397E-03	
571	1.259373E-04	2.196618E-05	-2.257060E-03	
572	1.374762E-04	3.256513E-05	-3.624327E-03	
573	1.339177E-04	4.170445E-05	-5.040295E-03	
574	1.130457E-04	5.161864E-05	-6.351838E-03	
575	7.872327E-05	6.097872E-05	-7.371944E-03	
576	4.150460E-05	5.233827E-05	-8.009567E-03	
577	1.680424E-05	4.346655E-05	-8.316743E-03	
578	-2.135525E-11	4.069830E-05	-8.409019E-03	
579	-1.680426E-05	4.346682E-05	-8.316740E-03	
580	-4.150454E-05	5.233887E-05	-8.009562E-03	
581	-7.872320E-05	6.097954E-05	-7.371939E-03	
582	-1.130456E-04	5.161932E-05	-6.351833E-03	
583	-1.339176E-04	4.170491E-05	-5.040291E-03	
584	-1.374761E-04	3.256545E-05	-3.624325E-03	
585	-1.259372E-04	2.196639E-05	-2.257058E-03	
586	-9.835109E-05	1.113633E-05	-1.096396E-03	
587	-5.582657E-05	3.110064E-06	-2.972130E-04	
590	6.566627E-05	4.766977E-06	-3.378396E-04	
591	1.113920E-04	1.550640E-05	-1.231749E-03	
592	1.376490E-04	2.396608E-05	-2.495617E-03	
593	1.461013E-04	2.660860E-05	-3.939624E-03	
594	1.401262E-04	2.743804E-05	-5.410073E-03	
595	1.214074E-04	2.721079E-05	-6.777777E-03	
596	6.631602E-05	2.206674E-05	-7.875737E-03	
597	2.631058E-05	2.076175E-05	-8.376233E-03	
598	1.080658E-05	1.514609E-05	-8.598774E-03	
599	-5.964194E-11	1.208092E-05	-8.661695E-03	
600	-1.080667E-05	1.514642E-05	-8.598772E-03	
601	-2.631058E-05	2.076245E-05	-8.376229E-03	
602	-6.631581E-05	2.206835E-05	-7.875732E-03	
603	-1.214073E-04	2.721160E-05	-6.777772E-03	
604	-1.401260E-04	2.743857E-05	-5.410070E-03	
605	-1.461012E-04	2.660891E-05	-3.939622E-03	
606	-1.376489E-04	2.396627E-05	-2.495616E-03	
607	-1.113919E-04	1.550650E-05	-1.231748E-03	
608	-6.566623E-05	4.767016E-06	-3.378395E-04	
611	6.881051E-05	1.033609E-05	-4.075247E-04	
612	1.124879E-04	2.485443E-05	-1.433399E-03	
613	1.280874E-04	2.514833E-05	-2.752583E-03	
614	1.323715E-04	1.808687E-05	-4.174655E-03	
615	1.279306E-04	9.928220E-06	-5.616045E-03	
616	1.027782E-04	2.660090E-06	-6.941156E-03	
617	6.506061E-05	-7.680263E-06	-7.911473E-03	
618	2.491585E-05	-7.097352E-06	-8.443346E-03	
619	3.864061E-06	-9.991956E-06	-8.617694E-03	
620	-1.007251E-10	-1.135392E-05	-8.649160E-03	
621	-3.864242E-06	-9.991690E-06	-8.617693E-03	
622	-2.491593E-05	-7.096493E-06	-8.443343E-03	
623	-6.506061E-05	-7.678795E-06	-7.911470E-03	
624	-1.027782E-04	2.661072E-06	-6.941153E-03	
625	-1.279304E-04	9.928661E-06	-5.616044E-03	
626	-1.323714E-04	1.808714E-05	-4.174654E-03	
627	-1.280873E-04	2.514848E-05	-2.752582E-03	
628	-1.124878E-04	2.485451E-05	-1.433399E-03	
629	-6.881049E-05	1.033612E-05	-4.075247E-04	
632	1.239103E-04	2.441699E-05	-5.682762E-04	
633	1.527671E-04	2.555100E-05	-1.709784E-03	
634	1.620665E-04	1.848239E-05	-2.983245E-03	
635	1.647156E-04	8.690147E-06	-4.312271E-03	
636	1.595881E-04	-3.005989E-06	-5.642684E-03	
637	1.396548E-04	-1.199201E-05	-6.897316E-03	
638	7.516230E-05	-7.013165E-06	-7.857407E-03	
639	2.536290E-05	-1.978224E-05	-8.302022E-03	
640	8.369475E-06	-1.969809E-05	-8.448563E-03	
641	-8.447731E-11	-1.799986E-05	-8.485742E-03	
642	-8.369667E-06	-1.969788E-05	-8.448563E-03	
643	-2.536313E-05	-1.978189E-05	-8.302021E-03	
644	-7.516253E-05	-7.010827E-06	-7.857406E-03	
645	-1.396547E-04	-1.199159E-05	-6.897315E-03	
646	-1.595880E-04	-3.005674E-06	-5.642684E-03	
647	-1.647155E-04	8.690304E-06	-4.312271E-03	
648	-1.620664E-04	1.848249E-05	-2.983245E-03	
649	-1.527670E-04	2.555105E-05	-1.709784E-03	
650	-1.239103E-04	2.441701E-05	-5.682763E-04	
653	0.000000E+00	0.000000E+00	-7.835368E-04	
654	0.000000E+00	0.000000E+00	-1.865383E-03	
655	0.000000E+00	0.000000E+00	-3.088123E-03	
656	0.000000E+00	0.000000E+00	-4.354005E-03	
657	0.000000E+00	0.000000E+00	-5.611496E-03	
658	0.000000E+00	0.000000E+00	-6.793901E-03	
659	0.000000E+00	0.000000E+00	-7.835042E-03	
660	0.000000E+00	0.000000E+00	-8.155777E-03	
661	0.000000E+00	0.000000E+00	-8.323748E-03	
662	0.000000E+00	0.000000E+00	-8.372179E-03	
663	0.000000E+00	0.000000E+00	-8.323748E-03	
664	0.000000E+00	0.000000E+00	-8.155778E-03	
665	0.000000E+00	0.000000E+00	-7.835043E-03	
666	0.000000E+00	0.000000E+00	-6.793901E-03	
667	0.000000E+00	0.000000E+00	-5.611497E-03	
668	0.000000E+00	0.000000E+00	-4.354006E-03	
669	0.000000E+00	0.000000E+00	-3.088123E-03	
670	0.000000E+00	0.000000E+00	-1.865383E-03	
671	0.000000E+00	0.000000E+00	-7.835369E-04	
674	1.239104E-04	-2.441698E-05	-5.682782E-04	
675	1.527677E-04	-2.554979E-05	-1.709794E-03	
676	1.620681E-04	-1.847851E-05	-2.983273E-03	
677	1.647190E-04	-8.681105E-06	-4.312333E-03	
678	1.595965E-04	3.023487E-06	-5.642810E-03	
679	1.396822E-04	1.202670E-05	-6.897600E-03	
680	7.518177E-05	7.013663E-06	-7.857946E-03	
681	2.535092E-05	1.982198E-05	-8.302337E-03	
682	8.368560E-06	1.972436E-05	-8.448743E-03	
683	8.137400E-11	1.802319E-05	-8.485895E-03	
684	-8.368406E-06	1.972446E-05	-8.448744E-03	
685	-2.535081E-05	1.982211E-05	-8.302339E-03	
686	-7.518160E-05	7.014280E-06	-7.857947E-03	
687	-1.396821E-04	1.202684E-05	-6.897602E-03	
688	-1.595964E-04	3.023627E-06	-5.642812E-03	
689	-1.647190E-04	-8.681026E-06	-4.312335E-03	
690	-1.620681E-04	-1.847848E-05	-2.983274E-03	
691	-1.527677E-04	-2.554979E-05	-1.709795E-03	
692	-1.239104E-04	-2.441698E-05	-5.682783E-04	
695	6.881213E-05	-1.033591E-05	-4.075336E-04	
696	1.124921E-04	-2.485229E-05	-1.433440E-03	
697	1.280956E-04	-2.514216E-05	-2.752688E-03	
698	1.323867E-04	-1.807458E-05	-4.174874E-03	
699	1.279584E-04	-9.908918E-06	-5.616462E-03	
700	1.028105E-04	-2.652090E-06	-6.941860E-03	
701	6.507014E-05	7.666933E-06	-7.912343E-03	
702	2.490567E-05	7.113767E-06	-8.444143E-03	
703	3.853051E-06	1.002641E-05	-8.618300E-03	
704	1.678775E-10	1.138832E-05	-8.649689E-03	
705	-3.852724E-06	1.002649E-05	-8.618302E-03	
706	-2.490541E-05	7.113969E-06	-8.444148E-03	
707	-6.506993E-05	7.667280E-06	-7.912349E-03	
708	-1.028103E-04	-2.651874E-06	-6.941865E-03	
709	-1.279584E-04	-9.908775E-06	-5.616466E-03	
710	-1.323866E-04	-1.807448E-05	-4.174876E-03	
711	-1.280956E-04	-2.514210E-05	-2.752690E-03	
712	-1.124921E-04	-2.485228E-05	-1.433441E-03	
713	-6.881214E-05	-1.033591E-05	-4.075338E-04	
716	6.567047E-05	-4.766814E-06	-3.378601E-04	
717	1.114016E-04	-1.550416E-05	-1.231836E-03	
718	1.376658E-04	-2.396037E-05	-2.495828E-03	
719	1.461275E-04	-2.659974E-05	-3.940031E-03	
720	1.401597E-04	-2.743345E-05	-5.410749E-03	
721	1.214402E-04	-2.721827E-05	-6.778729E-03	
722	6.633785E-05	-2.210817E-05	-7.876882E-03	
723	2.630741E-05	-2.075982E-05	-8.377362E-03	
724	1.079928E-05	-1.512465E-05	-8.599809E-03	
725	2.506000E-10	-1.205086E-05	-8.662679E-03	
726	-1.079877E-05	-1.512463E-05	-8.599812E-03	
727	-2.630686E-05	-2.075977E-05	-8.377368E-03	
728	-6.633732E-05	-2.210863E-05	-7.876891E-03	
729	-1.214401E-04	-2.721818E-05	-6.778736E-03	
730	-1.401597E-04	-2.743336E-05	-5.410754E-03	
731	-1.461276E-04	-2.659965E-05	-3.940035E-03	
732	-1.376658E-04	-2.396031E-05	-2.495831E-03	
733	-1.114016E-04	-1.550413E-05	-1.231837E-03	
734	-6.567049E-05	-4.766809E-06	-3.378604E-04	
737	5.583379E-05	-3.110231E-06	-2.972476E-04	
738	9.836614E-05	-1.113516E-05	-1.096536E-03	
739	1.259606E-04	-2.196393E-05	-2.257376E-03	
740	1.375065E-04	-3.256476E-05	-3.624886E-03	
741	1.339512E-04	-4.171100E-05	-5.041129E-03	
742	1.130762E-04	-5.163791E-05	-6.352929E-03	
743	7.873933E-05	-6.100599E-05	-7.373212E-03	
744	4.150794E-05	-5.234860E-05	-8.010916E-03	
745	1.680344E-05	-4.345946E-05	-8.318101E-03	
746	2.960883E-10	-4.068499E-05	-8.410374E-03	
747	-1.680285E-05	-4.345952E-05	-8.318105E-03	
748	-4.150741E-05	-5.234883E-05	-8.010923E-03	
749	-7.873905E-05	-6.100637E-05	-7.373221E-03	
750	-1.130762E-04	-5.163808E-05	-6.352938E-03	
751	-1.339512E-04	-4.171100E-05	-5.041136E-03	
752	-1.375066E-04	-3.256473E-05	-3.624890E-03	
753	-1.259606E-04	-2.196390E-05	-2.257379E-03	
754	-9.836621E-05	-1.113514E-05	-1.096537E-03	
755	-5.583383E-05	-3.110224E-06	-2.972479E-04	
758	5.055541E-05	-2.494383E-06	-2.658710E-04	
759	8.883144E-05	-1.031456E-05	-9.817318E-04	
760	1.142910E-04	-2.227964E-05	-2.023557E-03	
761	1.259845E-04	-3.670672E-05	-3.258678E-03	
762	1.226596E-04	-5.203027E-05	-4.542714E-03	
763	1.055574E-04	-6.600433E-05	-5.722360E-03	
764	8.052658E-05	-7.274329E-05	-6.681186E-03	
765	5.252042E-05	-7.364957E-05	-7.369111E-03	
766	2.441449E-05	-6.893974E-05	-7.763219E-03	
767	2.877485E-10	-6.648391E-05	-7.886891E-03	
768	-2.441395E-05	-6.893988E-05	-7.763223E-03	
769	-5.252000E-05	-7.364984E-05	-7.369117E-03	
770	-8.052633E-05	-7.274360E-05	-6.681194E-03	
771	-1.055573E-04	-6.600457E-05	-5.722368E-03	
772	-1.226597E-04	-5.203039E-05	-4.542721E-03	
773	-1.259846E-04	-3.670676E-05	-3.258683E-03	
774	-1.142911E-04	-2.227964E-05	-2.023561E-03	
775	-8.883153E-05	-1.031455E-05	-9.817333E-04	
776	-5.055547E-05	-2.494378E-06	-2.658714E-04	
779	4.455875E-05	-2.582187E-06	-2.354076E-04	
780	7.800903E-05	-1.085592E-05	-8.654375E-04	
781	1.000438E-04	-2.380717E-05	-1.777743E-03	
782	1.100224E-04	-3.986549E-05	-2.854494E-03	
783	1.080123E-04	-5.659268E-05	-3.972141E-03	
784	9.624338E-05	-7.031423E-05	-5.017079E-03	
785	7.752872E-05	-7.958991E-05	-5.905057E-03	
786	5.401983E-05	-8.450657E-05	-6.575511E-03	
787	2.770755E-05	-8.596533E-05	-6.992371E-03	
788	2.373155E-10	-8.579657E-05	-7.133303E-03	
789	-2.770711E-05	-8.596547E-05	-6.992374E-03	
790	-5.401949E-05	-8.450681E-05	-6.575516E-03	
791	-7.752850E-05	-7.959019E-05	-5.905063E-03	
792	-9.624329E-05	-7.031449E-05	-5.017085E-03	
793	-1.080124E-04	-5.659286E-05	-3.972147E-03	
794	-1.100224E-04	-3.986559E-05	-2.854499E-03	
795	-1.000439E-04	-2.380722E-05	-1.777746E-03	
796	-7.800913E-05	-1.085593E-05	-8.654391E-04	
797	-4.455882E-05	-2.582188E-06	-2.354080E-04	
800	3.829666E-05	-2.894200E-06	-2.022572E-04	
801	6.666441E-05	-1.179319E-05	-7.405852E-04	
802	8.513324E-05	-2.532433E-05	-1.515658E-03	
803	9.383195E-05	-4.139187E-05	-2.427962E-03	
804	9.353668E-05	-5.747463E-05	-3.381669E-03	
805	8.543136E-05	-7.158365E-05	-4.291532E-03	
806	7.072291E-05	-8.271516E-05	-5.084290E-03	
807	5.068727E-05	-9.041253E-05	-5.700101E-03	
808	2.656524E-05	-9.498619E-05	-6.091886E-03	
809	1.815282E-10	-9.654091E-05	-6.226899E-03	
810	-2.656490E-05	-9.498631E-05	-6.091888E-03	
811	-5.068699E-05	-9.041274E-05	-5.700105E-03	
812	-7.072272E-05	-8.271541E-05	-5.084295E-03	
813	-8.543126E-05	-7.158389E-05	-4.291536E-03	
814	-9.353666E-05	-5.747483E-05	-3.381674E-03	
815	-9.383200E-05	-4.139201E-05	-2.427966E-03	
816	-8.513332E-05	-2.532440E-05	-1.515661E-03	
817	-6.666449E-05	-1.179322E-05	-7.405865E-04	
818	-3.829672E-05	-2.894206E-06	-2.022576E-04	
821	3.140466E-05	-3.268397E-06	-1.657847E-04	
822	5.467240E-05	-1.275233E-05	-6.062304E-04	
823	7.015332E-05	-2.635132E-05	-1.241349E-03	
824	7.817014E-05	-4.181564E-05	-1.994279E-03	
825	7.910618E-05	-5.734203E-05	-2.791426E-03	
826	7.343121E-05	-7.159469E-05	-3.563546E-03	
827	6.171049E-05	-8.359237E-05	-4.246873E-03	
828	4.467139E-05	-9.275617E-05	-4.784461E-03	
829	2.348993E-05	-9.856380E-05	-5.128822E-03	
830	1.352014E-10	-1.005838E-04	-5.247457E-03	
831	-2.348967E-05	-9.856390E-05	-5.128823E-03	
832	-4.467117E-05	-9.275635E-05	-4.784463E-03	
833	-6.171033E-05	-8.359260E-05	-4.246876E-03	
834	-7.343111E-05	-7.159492E-05	-3.563550E-03	
835	-7.910615E-05	-5.734223E-05	-2.791429E-03	
836	-7.817016E-05	-4.181579E-05	-1.994282E-03	
837	-7.015337E-05	-2.635141E-05	-1.241350E-03	
838	-5.467245E-05	-1.275238E-05	-6.062314E-04	
839	-3.140470E-05	-3.268406E-06	-1.657850E-04	
842	2.376468E-05	-3.864946E-06	-1.252334E-04	
843	4.219857E-05	-1.372518E-05	-4.625654E-04	
844	5.535478E-05	-2.706072E-05	-9.591926E-04	
845	6.288788E-05	-4.199618E-05	-1.559210E-03	
846	6.472879E-05	-5.709281E-05	-2.205101E-03	
847	6.093495E-05	-7.118597E-05	-2.839764E-03	
848	5.171504E-05	-8.337201E-05	-3.407804E-03	
849	3.763795E-05	-9.285751E-05	-3.857838E-03	
850	1.983319E-05	-9.892136E-05	-4.147061E-03	
851	9.905567E-11	-1.010050E-04	-4.246820E-03	
852	-1.983300E-05	-9.892145E-05	-4.147062E-03	
853	-3.763778E-05	-9.285768E-05	-3.857840E-03	
854	-5.171491E-05	-8.337222E-05	-3.407805E-03	
855	-6.093485E-05	-7.118619E-05	-2.839765E-03	
856	-6.472873E-05	-5.709301E-05	-2.205103E-03	
857	-6.288786E-05	-4.199633E-05	-1.559212E-03	
858	-5.535479E-05	-2.706082E-05	-9.591937E-04	
859	-4.219859E-05	-1.372523E-05	-4.625660E-04	
860	-2.376471E-05	-3.864957E-06	-1.252336E-04	
863	1.543033E-05	-4.736478E-06	-7.721849E-05	
864	3.003746E-05	-1.455608E-05	-3.095657E-04	
865	4.129093E-05	-2.765165E-05	-6.710516E-04	
866	4.846308E-05	-4.225815E-05	-1.122768E-03	
867	5.115166E-05	-5.703718E-05	-1.621385E-03	
868	4.906056E-05	-7.086496E-05	-2.120746E-03	
869	4.216277E-05	-8.284752E-05	-2.573589E-03	
870	3.091519E-05	-9.217630E-05	-2.935225E-03	
871	1.635471E-05	-9.812554E-05	-3.168612E-03	
872	7.540991E-11	-1.001728E-04	-3.249270E-03	
873	-1.635457E-05	-9.812562E-05	-3.168612E-03	
874	-3.091505E-05	-9.217646E-05	-2.935225E-03	
875	-4.216265E-05	-8.284772E-05	-2.573589E-03	
876	-4.906047E-05	-7.086517E-05	-2.120747E-03	
877	-5.115159E-05	-5.703737E-05	-1.621385E-03	
878	-4.846304E-05	-4.225830E-05	-1.122768E-03	
879	-4.129091E-05	-2.765175E-05	-6.710518E-04	
880	-3.003746E-05	-1.455613E-05	-3.095659E-04	
881	-1.543033E-05	-4.736487E-06	-7.721853E-05	
883	-1.491811E-05	-1.260321E-06	-7.868627E-03	
884	-1.118799E-05	1.068391E-05	-7.951510E-03	
885	-1.017079E-10	1.510856E-05	-7.980231E-03	
886	1.118770E-05	1.068372E-05	-7.951509E-03	
887	1.491763E-05	-1.261223E-06	-7.868626E-03	
888	-1.440718E-05	2.448617E-06	-7.867939E-03	
889	-1.047547E-05	7.359867E-06	-7.909063E-03	
890	-3.681733E-11	1.030102E-05	-7.929191E-03	
891	1.047541E-05	7.359759E-06	-7.909063E-03	
892	1.440709E-05	2.447956E-06	-7.867939E-03	
893	0.000000E+00	0.000000E+00	-7.843821E-03	
894	0.000000E+00	0.000000E+00	-7.891621E-03	
895	0.000000E+00	0.000000E+00	-7.903260E-03	
896	0.000000E+00	0.000000E+00	-7.891621E-03	
897	0.000000E+00	0.000000E+00	-7.843821E-03	
898	-1.422992E-05	-2.621958E-06	-7.868851E-03	
899	-1.037612E-05	-7.460402E-06	-7.909290E-03	
900	1.224826E-11	-1.035907E-05	-7.929279E-03	
901	1.037613E-05	-7.460258E-06	-7.909290E-03	
902	1.422987E-05	-2.621723E-06	-7.868851E-03	
903	-1.476738E-05	1.195912E-06	-7.869790E-03	
904	-1.107836E-05	-1.078729E-05	-7.952171E-03	
905	2.267457E-11	-1.518523E-05	-7.980601E-03	
906	1.107838E-05	-1.078714E-05	-7.952170E-03	
907	1.476726E-05	1.196619E-06	-7.869788E-03	
908	2.116821E-05	-6.569300E-06	-7.877124E-03	
909	1.638909E-05	-1.295961E-05	-7.950076E-03	
910	-2.147855E-10	-1.616214E-05	-7.981329E-03	
911	-1.638960E-05	-1.295966E-05	-7.950076E-03	
912	-2.116882E-05	-6.569666E-06	-7.877123E-03	
913	1.632779E-05	-6.933695E-06	-7.866184E-03	
914	1.157005E-05	-8.194498E-06	-7.909815E-03	
915	-8.827770E-11	-9.988056E-06	-7.928969E-03	
916	-1.157020E-05	-8.194525E-06	-7.909815E-03	
917	-1.632797E-05	-6.933932E-06	-7.866184E-03	
918	0.000000E+00	0.000000E+00	-7.854215E-03	
919	0.000000E+00	0.000000E+00	-7.889521E-03	
920	0.000000E+00	0.000000E+00	-7.904658E-03	
921	0.000000E+00	0.000000E+00	-7.889521E-03	
922	0.000000E+00	0.000000E+00	-7.854215E-03	
923	1.617363E-05	7.100914E-06	-7.867018E-03	
924	1.145722E-05	8.295864E-06	-7.910060E-03	
925	-8.219622E-11	1.004522E-05	-7.929051E-03	
926	-1.145735E-05	8.295770E-06	-7.910059E-03	
927	-1.617373E-05	7.100828E-06	-7.867018E-03	
928	2.099935E-05	6.620873E-06	-7.878325E-03	
929	1.628024E-05	1.306664E-05	-7.950729E-03	
930	-1.613701E-10	1.623360E-05	-7.981702E-03	
931	-1.628062E-05	1.306653E-05	-7.950728E-03	
932	-2.099976E-05	6.620694E-06	-7.878324E-03	
