stress
2
2142
-1
0
6.959090815037515
1104420.6896096498
1	-3.487073E+01	-2.398059E+03	1.165835E+03	
2	-9.072667E+02	-1.033120E+03	1.663815E+03	
3	1.014517E+03	1.082668E+03	-6.036577E+02	
4	-2.069247E+03	-5.058832E+02	1.419997E+03	
5	4.951871E+03	6.027778E+03	-5.206225E+03	
6	1.239234E+03	2.129693E+03	-2.670141E+03	
7	1.647182E+04	1.354751E+04	-1.322441E+04	
8	1.546653E+04	8.572107E+03	-1.304536E+04	
9	4.283213E+04	2.481090E+04	-2.608396E+04	
10	4.931032E+04	2.013332E+04	-3.386090E+04	
11	8.450630E+04	3.011177E+04	-3.551249E+04	
12	1.049348E+05	3.590100E+04	-5.878123E+04	
13	1.329242E+05	2.788976E+04	-3.799213E+04	
14	1.689682E+05	5.194752E+04	-8.113721E+04	
15	1.707996E+05	1.526316E+04	-2.966011E+04	
16	2.184180E+05	6.200003E+04	-9.025269E+04	
17	1.770362E+05	-4.777728E+03	-1.201692E+04	
18	2.268975E+05	6.061945E+04	-7.801480E+04	
19	1.479966E+05	-1.584610E+04	6.686234E+02	
20	1.891728E+05	4.978508E+04	-5.767799E+04	
21	8.721941E+04	-2.986584E+04	1.744178E+04	
22	1.165207E+05	2.836574E+04	-2.328049E+04	
23	-4.117339E+04	-7.018180E+04	5.874377E+04	
24	-2.954273E+04	-2.657842E+04	6.831578E+04	
25	-2.345266E+05	-8.849299E+04	8.320154E+04	
26	-2.660487E+05	-9.419198E+04	1.683708E+05	
27	-4.103919E+05	-7.132549E+04	8.672651E+04	
28	-4.872339E+05	-1.515500E+05	2.391536E+05	
29	-5.439190E+05	-5.238750E+04	8.209049E+04	
30	-6.598473E+05	-1.955445E+05	2.906048E+05	
31	-5.750085E+05	1.171797E+04	3.270245E+04	
32	-6.746760E+05	-1.734037E+05	2.437103E+05	
33	-5.293900E+05	2.101509E+04	2.450561E+04	
34	-6.322243E+05	-1.513281E+05	2.019924E+05	
35	-4.594736E+05	1.806698E+04	2.698843E+04	
36	-5.540450E+05	-1.267119E+05	1.657987E+05	
37	-3.918003E+05	1.418190E+04	2.665818E+04	
38	-4.771203E+05	-1.049552E+05	1.351757E+05	
39	-3.293489E+05	1.257583E+04	2.340386E+04	
40	-4.045351E+05	-8.499975E+04	1.077616E+05	
41	-2.712986E+05	1.291217E+04	1.815296E+04	
42	-3.357099E+05	-6.622506E+04	8.198549E+04	
43	-2.162427E+05	1.460013E+04	1.129943E+04	
44	-2.678157E+05	-4.784116E+04	5.658931E+04	
45	-1.630734E+05	1.656264E+04	3.567113E+03	
46	-1.992586E+05	-3.017233E+04	3.159272E+04	
47	-1.122171E+05	1.681272E+04	-3.410753E+03	
48	-1.318160E+05	-1.541825E+04	9.463212E+03	
49	-6.608836E+04	1.328687E+04	-7.578864E+03	
50	-7.081221E+04	-6.062835E+03	-5.628414E+03	
51	-2.862115E+04	5.230478E+03	-6.682052E+03	
52	-2.498971E+04	-3.064348E+03	-9.439597E+03	
53	-5.152548E+03	-4.951304E+03	4.032933E+01	
54	-2.750030E+03	-1.111881E+03	-1.418841E+03	
55	-1.047869E+03	-3.003539E+03	1.182006E+03	
56	6.895253E+02	4.241743E+03	-1.277761E+02	
57	-1.772039E+03	4.117570E+03	-8.074383E+02	
58	1.764851E+03	1.092398E+04	-2.968891E+03	
59	-3.006522E+03	1.252141E+04	-6.833833E+03	
60	4.097399E+03	2.033908E+04	-1.134236E+04	
61	-1.391321E+03	2.396563E+04	-1.826791E+04	
62	1.102096E+04	3.203915E+04	-2.717886E+04	
63	1.230144E+04	4.038507E+04	-3.830300E+04	
64	2.738715E+04	3.841293E+04	-5.219747E+04	
65	3.764174E+04	4.024295E+04	-5.118555E+04	
66	5.987242E+04	4.232351E+04	-7.388109E+04	
67	7.154171E+04	2.862926E+04	-5.086226E+04	
68	1.024587E+05	4.143943E+04	-8.490680E+04	
69	1.021429E+05	2.956733E+03	-3.167338E+04	
70	1.420738E+05	3.682380E+04	-7.693491E+04	
71	1.122168E+05	-2.796851E+04	2.537991E+03	
72	1.589052E+05	3.207825E+04	-4.989915E+04	
73	1.022529E+05	-3.599305E+04	2.484487E+04	
74	1.384587E+05	1.285862E+04	-2.248436E+04	
75	7.611875E+04	-5.063237E+04	4.394225E+04	
76	9.065985E+04	-2.926545E+04	2.200245E+04	
77	4.082078E+03	-1.034099E+05	9.481340E+04	
78	4.566717E+03	-7.500522E+04	1.238111E+05	
79	-1.113361E+05	-1.057407E+05	1.263066E+05	
80	-1.505971E+05	-1.146199E+05	2.085713E+05	
81	-2.293773E+05	-6.510645E+04	1.126840E+05	
82	-3.115113E+05	-1.418383E+05	2.481765E+05	
83	-3.339601E+05	-2.947483E+04	8.467698E+04	
84	-4.405711E+05	-1.361798E+05	2.543263E+05	
85	-3.829904E+05	6.673358E+04	-6.991149E+03	
86	-4.978699E+05	-1.288062E+05	1.882448E+05	
87	-3.629117E+05	6.323382E+04	-3.122965E+04	
88	-4.788140E+05	-1.111932E+05	1.403546E+05	
89	-3.220090E+05	5.216609E+04	-3.179958E+04	
90	-4.283430E+05	-9.050752E+04	1.077030E+05	
91	-2.784104E+05	4.520726E+04	-2.852006E+04	
92	-3.736044E+05	-7.098021E+04	8.134667E+04	
93	-2.379062E+05	4.135519E+04	-2.739533E+04	
94	-3.207257E+05	-5.236448E+04	5.782830E+04	
95	-2.012500E+05	3.974047E+04	-2.848288E+04	
96	-2.707351E+05	-3.439499E+04	3.530243E+04	
97	-1.683220E+05	3.953055E+04	-3.172250E+04	
98	-2.229972E+05	-1.791292E+04	1.318802E+04	
99	-1.376267E+05	3.920258E+04	-3.643626E+04	
100	-1.767737E+05	-5.581762E+03	-7.759320E+03	
101	-1.068178E+05	3.579268E+04	-4.089814E+04	
102	-1.319734E+05	-9.720107E+02	-2.463906E+04	
103	-7.403980E+04	2.615646E+04	-4.219363E+04	
104	-8.919529E+04	-5.443822E+03	-3.312497E+04	
105	-4.003471E+04	9.018979E+03	-3.616015E+04	
106	-5.020158E+04	-1.409528E+04	-2.990597E+04	
107	-9.833746E+03	-1.192884E+04	-1.894014E+04	
108	-1.766680E+04	-1.185239E+04	-1.491679E+04	
109	-1.828552E+03	-1.185412E+03	2.039978E+03	
110	1.228646E+03	1.125514E+04	-5.966835E+02	
111	-5.863196E+03	8.018999E+03	1.434714E+03	
112	1.480778E+03	2.428177E+04	-3.276145E+03	
113	-1.422067E+04	2.028825E+04	-3.174125E+03	
114	3.192014E+02	4.069244E+04	-1.197222E+04	
115	-2.439414E+04	3.686219E+04	-1.521486E+04	
116	-1.590261E+03	5.670453E+04	-2.987194E+04	
117	-2.025019E+04	6.246519E+04	-4.431324E+04	
118	-7.354647E+02	5.225561E+04	-6.048024E+04	
119	-6.912922E+03	5.065972E+04	-6.040581E+04	
120	1.550586E+04	4.050916E+04	-8.195923E+04	
121	1.685932E+04	2.467004E+04	-5.953739E+04	
122	4.308702E+04	2.082618E+04	-8.760090E+04	
123	4.190562E+04	-1.924191E+04	-3.247779E+04	
124	7.623384E+04	3.816034E+03	-6.788069E+04	
125	5.139131E+04	-6.311253E+04	1.628545E+04	
126	9.796341E+04	1.066756E+03	-2.726471E+04	
127	5.671800E+04	-5.951464E+04	4.243089E+04	
128	8.882217E+04	-2.569198E+04	2.665273E+03	
129	6.858487E+04	-6.986603E+04	5.689007E+04	
130	6.880448E+04	-8.655666E+04	4.623515E+04	
131	5.203235E+04	-1.398789E+05	1.143355E+05	
132	4.484539E+04	-1.134419E+05	1.547846E+05	
133	4.918104E+03	-1.194664E+05	1.493187E+05	
134	-3.906059E+04	-1.170871E+05	2.304086E+05	
135	-5.620988E+04	-4.268277E+04	1.213479E+05	
136	-1.444172E+05	-1.132380E+05	2.470936E+05	
137	-1.350733E+05	8.749330E+03	8.124874E+04	
138	-2.381244E+05	-6.683424E+04	2.304333E+05	
139	-1.807833E+05	1.469381E+05	-4.601996E+04	
140	-3.165219E+05	-8.091724E+04	1.362303E+05	
141	-1.816884E+05	1.119710E+05	-8.446246E+04	
142	-3.136678E+05	-7.185073E+04	8.376463E+04	
143	-1.674273E+05	8.677152E+04	-8.549218E+04	
144	-2.868490E+05	-5.600277E+04	5.436068E+04	
145	-1.492330E+05	7.423340E+04	-7.852903E+04	
146	-2.553374E+05	-3.924387E+04	3.268403E+04	
147	-1.321094E+05	6.743220E+04	-7.253198E+04	
148	-2.239152E+05	-2.263248E+04	1.413547E+04	
149	-1.178339E+05	6.344094E+04	-6.846055E+04	
150	-1.945824E+05	-6.509928E+03	-3.236980E+03	
151	-1.073121E+05	6.099888E+04	-6.660832E+04	
152	-1.680003E+05	7.138416E+03	-2.006780E+04	
153	-9.953316E+04	5.816514E+04	-6.709973E+04	
154	-1.439501E+05	1.389723E+04	-3.644416E+04	
155	-9.067873E+04	5.107340E+04	-6.953812E+04	
156	-1.207756E+05	8.475683E+03	-5.079154E+04	
157	-7.493633E+04	3.487726E+04	-7.152327E+04	
158	-9.539233E+04	-1.095555E+04	-5.894753E+04	
159	-4.874232E+04	6.259670E+03	-6.666618E+04	
160	-6.562516E+04	-3.771725E+04	-5.545759E+04	
161	-1.513248E+04	-3.217287E+04	-4.567059E+04	
162	-3.263895E+04	-5.561871E+04	-3.543058E+04	
163	-2.119440E+02	-1.834596E+02	4.082423E+03	
164	1.753903E+03	1.639890E+04	9.205577E+02	
165	-4.858742E+03	1.031501E+04	7.064746E+03	
166	1.307825E+03	3.599945E+04	1.692135E+03	
167	-2.003981E+04	2.653324E+04	7.425843E+03	
168	-3.713679E+03	6.185881E+04	-2.995660E+03	
169	-4.575460E+04	5.035430E+04	-1.597459E+03	
170	-1.544013E+04	8.616163E+04	-1.986309E+04	
171	-5.084844E+04	9.689357E+04	-4.698786E+04	
172	-3.218778E+04	6.290806E+04	-6.101212E+04	
173	-5.073473E+04	6.080586E+04	-6.451637E+04	
174	-2.857609E+04	3.271929E+04	-8.422448E+04	
175	-3.776568E+04	1.621239E+04	-6.452553E+04	
176	-1.353838E+04	-9.252189E+03	-8.993159E+04	
177	-1.722817E+04	-5.266657E+04	-3.103381E+04	
178	1.572978E+04	-3.785911E+04	-6.231550E+04	
179	-1.032729E+04	-1.131101E+05	3.297028E+04	
180	4.265319E+04	-2.854494E+04	-7.787051E+03	
181	5.193634E+03	-8.315476E+04	5.494266E+04	
182	3.785384E+04	-5.962647E+04	1.632274E+04	
183	5.318015E+04	-8.295106E+04	5.395528E+04	
184	4.202434E+04	-1.423484E+05	4.515721E+04	
185	9.400071E+04	-1.804472E+05	1.159487E+05	
186	8.443805E+04	-1.418688E+05	1.599397E+05	
187	1.154576E+05	-1.277374E+05	1.510867E+05	
188	6.859076E+04	-1.023235E+05	2.316389E+05	
189	1.184426E+05	3.053600E+02	1.066431E+05	
190	1.674072E+04	-7.183004E+04	2.325434E+05	
191	7.043008E+04	6.006337E+04	6.831289E+04	
192	-3.688045E+04	1.882275E+04	2.138595E+05	
193	3.577369E+04	2.586808E+05	-9.345117E+04	
194	-1.310649E+05	-3.112067E+04	8.450731E+04	
195	1.785119E+04	1.657367E+05	-1.368126E+05	
196	-1.342144E+05	-3.454218E+04	3.203261E+04	
197	6.088030E+03	1.197783E+05	-1.333121E+05	
198	-1.280388E+05	-2.459832E+04	7.639448E+03	
199	-1.792149E+03	9.993100E+04	-1.212765E+05	
200	-1.201212E+05	-1.151292E+04	-8.508421E+03	
201	-8.670368E+03	8.943105E+04	-1.098567E+05	
202	-1.113415E+05	1.932951E+03	-2.108456E+04	
203	-1.653433E+04	8.245212E+04	-9.987941E+04	
204	-1.034777E+05	1.496080E+04	-3.178709E+04	
205	-2.734173E+04	7.721690E+04	-9.173266E+04	
206	-9.803323E+04	2.541672E+04	-4.143453E+04	
207	-4.217855E+04	7.185938E+04	-8.647933E+04	
208	-9.589648E+04	2.816276E+04	-5.167725E+04	
209	-5.902278E+04	6.224359E+04	-8.615567E+04	
210	-9.570736E+04	1.494204E+04	-6.400606E+04	
211	-6.898867E+04	4.142649E+04	-9.146895E+04	
212	-9.216173E+04	-2.130441E+04	-7.595756E+04	
213	-5.898206E+04	1.144542E+03	-9.559175E+04	
214	-7.849965E+04	-7.779455E+04	-7.882572E+04	
215	-2.491825E+04	-6.230927E+04	-8.174820E+04	
216	-5.210038E+04	-1.385002E+05	-6.011710E+04	
217	2.447852E+03	-4.670738E+03	4.587272E+03	
218	2.293405E+03	1.442395E+04	2.500531E+03	
219	6.089863E+03	8.658865E+03	1.180472E+04	
220	4.722532E+03	3.910047E+04	1.038402E+04	
221	-7.711959E+03	2.752271E+04	2.212794E+04	
222	-1.425348E+02	7.973799E+04	1.659380E+04	
223	-5.362025E+04	6.058300E+04	2.463846E+04	
224	-2.193403E+04	1.251372E+05	5.541395E+03	
225	-6.437861E+04	1.552152E+05	-5.083773E+04	
226	-6.523130E+04	6.800849E+04	-5.692789E+04	
227	-8.623155E+04	6.571247E+04	-6.101181E+04	
228	-7.139668E+04	2.151590E+04	-7.955901E+04	
229	-9.233492E+04	3.948507E+03	-6.245560E+04	
230	-7.299777E+04	-4.694094E+04	-9.150544E+04	
231	-7.795183E+04	-9.603795E+04	-2.517023E+04	
232	-4.670242E+04	-8.800681E+04	-5.965717E+04	
233	-7.222377E+04	-1.767965E+05	5.457869E+04	
234	-9.730434E+03	-5.000840E+04	1.196339E+04	
235	-5.043812E+04	-9.697737E+04	6.297752E+04	
236	-1.932497E+04	-7.891614E+04	1.949170E+04	
237	2.061430E+04	-8.098920E+04	3.618493E+04	
238	-8.534993E+02	-1.910764E+05	1.647734E+04	
239	1.104851E+05	-2.241408E+05	1.008292E+05	
240	1.159716E+05	-1.558253E+05	1.378806E+05	
241	2.009656E+05	-1.285281E+05	1.294561E+05	
242	1.718771E+05	-6.754114E+04	2.084572E+05	
243	2.784163E+05	6.504823E+04	6.155182E+04	
244	1.768668E+05	-2.399419E+04	1.960291E+05	
245	2.699111E+05	1.098060E+05	4.277728E+04	
246	1.828983E+05	1.267878E+05	2.011070E+05	
247	2.463602E+05	3.961751E+05	-1.502959E+05	
248	6.395602E+04	1.898318E+04	2.855281E+04	
249	2.061812E+05	2.055775E+05	-1.808558E+05	
250	6.519629E+04	9.558580E+02	-1.417295E+04	
251	1.701952E+05	1.375420E+05	-1.671452E+05	
252	5.165690E+04	4.293358E+03	-3.019236E+04	
253	1.397988E+05	1.123849E+05	-1.495152E+05	
254	3.522133E+04	1.251814E+04	-3.972783E+04	
255	1.126439E+05	9.928914E+04	-1.332034E+05	
256	2.049066E+04	2.110566E+04	-4.579474E+04	
257	8.707963E+04	8.977403E+04	-1.179320E+05	
258	6.723963E+03	2.913805E+04	-4.919554E+04	
259	6.103155E+04	8.207492E+04	-1.037732E+05	
260	-7.950901E+03	3.526726E+04	-5.034102E+04	
261	3.137908E+04	7.507413E+04	-9.190331E+04	
262	-2.609845E+04	3.564624E+04	-5.166166E+04	
263	-5.335538E+03	6.565405E+04	-8.606736E+04	
264	-4.942582E+04	2.056527E+04	-5.843239E+04	
265	-4.705749E+04	4.605358E+04	-9.293880E+04	
266	-7.489605E+04	-2.883787E+04	-7.534338E+04	
267	-6.705226E+04	9.582752E+02	-1.139258E+05	
268	-8.966868E+04	-1.266849E+05	-9.389183E+04	
269	-3.433097E+04	-8.876337E+04	-1.273034E+05	
270	-7.946078E+04	-2.621578E+05	-8.819316E+04	
271	2.095518E+03	-8.179213E+03	1.243345E+03	
272	1.940568E+03	8.060391E+03	-5.212147E+02	
273	1.445433E+04	4.308967E+03	9.009052E+03	
274	9.268367E+03	2.643917E+04	1.005779E+04	
275	3.799672E+04	1.912582E+04	3.013635E+04	
276	1.940148E+04	8.704608E+04	3.911127E+04	
277	-2.492243E+04	5.773526E+04	6.440053E+04	
278	-2.533757E+03	1.837802E+05	5.281626E+04	
279	-5.165854E+04	2.564739E+05	-6.494007E+04	
280	-8.872650E+04	6.131222E+04	-5.209142E+04	
281	-1.130408E+05	4.876170E+04	-4.310904E+04	
282	-9.864051E+04	1.344651E+04	-6.012597E+04	
283	-1.627889E+05	-1.352693E+04	-4.493700E+04	
284	-1.328679E+05	-8.380763E+04	-8.826992E+04	
285	-1.670480E+05	-1.497361E+05	-8.717701E+03	
286	-1.182141E+05	-1.439653E+05	-6.438971E+04	
287	-1.412086E+05	-2.551540E+05	8.176207E+04	
288	-5.747113E+04	-5.811849E+04	3.396045E+04	
289	-1.064117E+05	-9.432240E+04	6.720522E+04	
290	-7.443677E+04	-7.593938E+04	2.243401E+04	
291	-4.541131E+04	-6.190072E+04	1.301957E+04	
292	-6.942792E+04	-2.325632E+05	-3.616615E+04	
293	9.174301E+04	-2.725488E+05	7.502699E+04	
294	1.191015E+05	-1.593713E+05	9.035968E+04	
295	2.742079E+05	-1.154709E+05	8.318268E+04	
296	2.535419E+05	-1.891878E+04	1.644007E+05	
297	4.364009E+05	1.601264E+05	-2.048469E+04	
298	3.100238E+05	5.472947E+03	1.259742E+05	
299	5.138149E+05	1.525476E+05	-7.360131E+03	
300	4.180527E+05	2.445948E+05	2.014664E+05	
301	4.768255E+05	5.635686E+05	-2.203376E+05	
302	2.496800E+05	5.400822E+04	-2.729566E+04	
303	3.963400E+05	2.265339E+05	-2.156744E+05	
304	2.561869E+05	2.482525E+04	-4.900380E+04	
305	3.370379E+05	1.462834E+05	-1.893750E+05	
306	2.227442E+05	2.342289E+04	-5.482544E+04	
307	2.867326E+05	1.202212E+05	-1.668451E+05	
308	1.845725E+05	2.729190E+04	-5.801032E+04	
309	2.409537E+05	1.050165E+05	-1.462282E+05	
310	1.494587E+05	3.091675E+04	-5.851944E+04	
311	1.994684E+05	9.247980E+04	-1.265420E+05	
312	1.176233E+05	3.326730E+04	-5.604452E+04	
313	1.621079E+05	8.174193E+04	-1.078393E+05	
314	8.776664E+04	3.362891E+04	-4.995433E+04	
315	1.269267E+05	7.284663E+04	-9.076137E+04	
316	5.678584E+04	3.037191E+04	-4.121977E+04	
317	8.765592E+04	6.479470E+04	-7.825148E+04	
318	1.949289E+04	1.751213E+04	-3.499638E+04	
319	3.018904E+04	5.238918E+04	-7.963797E+04	
320	-2.972711E+04	-2.683147E+04	-4.369817E+04	
321	-5.691213E+04	1.815195E+04	-1.154571E+05	
322	-8.922044E+04	-1.666025E+05	-8.667139E+04	
323	-4.267705E+04	-7.915447E+04	-1.917725E+05	
324	-1.140744E+05	-4.235146E+05	-1.219981E+05	
325	-3.691002E+03	-2.172666E+03	-2.368744E+03	
326	1.109838E+03	7.463980E+03	-5.535678E+03	
327	-4.601978E+03	-2.996330E+02	3.248357E+03	
328	7.556691E+03	1.353470E+04	-3.743512E+03	
329	2.172236E+04	1.762031E+03	1.747431E+04	
330	2.816038E+04	2.873511E+04	1.317782E+04	
331	2.173299E+05	2.772695E+04	8.002807E+04	
332	1.042891E+05	2.988440E+05	1.600615E+05	
333	-2.634427E+04	4.431932E+05	-8.520929E+04	
334	-1.059946E+05	1.875663E+04	-5.799482E+04	
335	-1.185553E+05	-2.972794E+04	4.858405E+03	
336	-9.727475E+04	1.103138E+04	-8.202207E+03	
337	-2.501380E+05	-3.722842E+04	5.792155E+03	
338	-1.970884E+05	-1.061990E+05	-6.040997E+04	
339	-3.510513E+05	-2.182082E+05	4.156100E+04	
340	-2.396536E+05	-2.128981E+05	-8.749495E+04	
341	-2.235192E+05	-3.471138E+05	1.041166E+05	
342	-1.140193E+05	-5.968574E+04	5.180863E+04	
343	-1.192405E+05	-6.138333E+04	5.235489E+04	
344	-1.089935E+05	-4.010706E+04	4.486733E+04	
345	-1.739189E+05	-2.828436E+04	6.014361E+03	
346	-1.837283E+05	-2.638404E+05	-1.088139E+05	
347	-1.799667E+02	-3.311317E+05	4.796517E+04	
348	6.872057E+04	-1.577755E+05	3.404491E+03	
349	3.690667E+05	-7.548869E+04	-6.718119E+03	
350	3.398447E+05	6.710004E+04	1.109827E+05	
351	5.405806E+05	2.956004E+05	-1.362655E+05	
352	3.918061E+05	-1.084396E+04	-2.313464E+04	
353	8.898775E+05	1.852030E+05	-1.225152E+05	
354	7.421042E+05	3.870306E+05	2.279179E+05	
355	7.401745E+05	7.644424E+05	-2.958285E+05	
356	4.519846E+05	7.241386E+04	-8.481642E+04	
357	5.758978E+05	2.065182E+05	-2.278108E+05	
358	4.521064E+05	4.012472E+04	-7.387518E+04	
359	5.035579E+05	1.434780E+05	-1.993195E+05	
360	3.961418E+05	3.600985E+04	-6.929949E+04	
361	4.386213E+05	1.227025E+05	-1.747616E+05	
362	3.382531E+05	3.595012E+04	-6.627583E+04	
363	3.751778E+05	1.054728E+05	-1.498601E+05	
364	2.842727E+05	3.488584E+04	-6.192090E+04	
365	3.174690E+05	8.962254E+04	-1.262998E+05	
366	2.355613E+05	3.171359E+04	-5.549152E+04	
367	2.693920E+05	7.612692E+04	-1.053431E+05	
368	1.927261E+05	2.516520E+04	-4.582324E+04	
369	2.354753E+05	6.640330E+04	-8.818753E+04	
370	1.547868E+05	1.325540E+04	-3.152629E+04	
371	2.192545E+05	6.199880E+04	-7.677690E+04	
372	1.173530E+05	-7.477115E+03	-1.208229E+04	
373	2.136341E+05	6.270674E+04	-7.604260E+04	
374	6.943155E+04	-4.515421E+04	8.505986E+03	
375	1.732004E+05	6.222826E+04	-1.044202E+05	
376	-1.246654E+04	-1.431049E+05	1.939965E+03	
377	-1.305373E+05	1.717744E+04	-2.610673E+05	
378	-1.699429E+05	-6.581094E+05	-1.678278E+05	
379	-4.766600E+03	-2.996844E+02	2.252461E+03	
380	-2.848382E+03	-1.793630E+03	3.110075E+03	
381	-1.534634E+03	-3.235734E+02	1.797905E+03	
382	-3.695976E+03	-6.154275E+03	5.655219E+03	
383	4.945702E+03	2.046618E+03	-3.484489E+03	
384	-2.225469E+03	-7.660274E+03	3.414191E+03	
385	1.625901E+04	1.394308E+04	-1.473000E+04	
386	4.577337E+03	4.305650E+03	-7.795820E+03	
387	3.482588E+04	4.746835E+04	-3.478667E+04	
388	2.051684E+04	4.518104E+04	-3.541727E+04	
389	5.570852E+04	1.143999E+05	-6.024260E+04	
390	4.787283E+04	1.306178E+05	-8.221219E+04	
391	6.559975E+04	2.125767E+05	-7.842209E+04	
392	8.379805E+04	2.580615E+05	-1.373324E+05	
393	6.035103E+04	3.226233E+05	-8.249689E+04	
394	1.213771E+05	3.989367E+05	-1.862011E+05	
395	5.253236E+04	4.256600E+05	-8.153466E+04	
396	1.551690E+05	5.255260E+05	-2.310128E+05	
397	1.876660E+04	4.872866E+05	-5.518243E+04	
398	1.689781E+05	5.994730E+05	-2.371647E+05	
399	-2.855544E+04	4.586971E+05	-1.209009E+04	
400	1.467736E+05	5.615632E+05	-1.864822E+05	
401	-7.303633E+04	3.147438E+05	3.277755E+04	
402	7.492932E+04	3.826390E+05	-7.699063E+04	
403	-9.999240E+04	9.316661E+04	6.528963E+04	
404	-3.026972E+03	1.274137E+05	5.054167E+04	
405	-7.941093E+04	-1.320033E+05	6.664567E+04	
406	-7.488186E+04	-1.581419E+05	1.461057E+05	
407	-1.190855E+04	-2.621556E+05	2.282590E+04	
408	-1.024722E+05	-3.340042E+05	1.504799E+05	
409	4.844618E+04	-2.316469E+05	-2.327071E+04	
410	-6.223646E+04	-2.845905E+05	6.962870E+04	
411	5.219093E+04	-1.112035E+05	-2.897705E+04	
412	-1.888998E+04	-1.411339E+05	8.848206E+01	
413	1.090293E+04	-2.517653E+04	-1.081844E+03	
414	-2.483463E+02	-2.601871E+04	-7.781228E+03	
415	-1.921509E+03	-9.224023E+02	3.221620E+03	
416	2.681972E+03	4.299204E+03	-5.059325E+03	
417	-2.997739E+03	3.246744E+03	2.449021E+03	
418	1.981070E+03	7.395764E+03	-2.399057E+03	
419	-1.897003E+03	2.701448E+03	1.351849E+03	
420	1.077628E+03	5.072292E+03	-9.750193E+02	
421	-9.645117E+02	1.639308E+03	6.675164E+02	
422	5.136067E+02	2.808356E+03	-3.414690E+02	
423	-4.395089E+02	8.827182E+02	3.132576E+02	
424	2.207021E+02	1.398662E+03	-8.764484E+01	
425	-1.842966E+02	4.426042E+02	1.428720E+02	
426	8.395591E+01	6.405334E+02	4.563180E+00	
427	-6.778073E+01	2.052842E+02	6.426859E+01	
428	2.648124E+01	2.581484E+02	3.159551E+01	
429	-1.391445E+01	7.912220E+01	2.563721E+01	
430	9.763320E+00	7.676563E+01	2.810080E+01	
431	1.369613E+01	1.401528E+01	9.354685E-01	
432	3.395999E+00	8.539446E+00	4.279127E+00	
433	-1.015213E+04	-8.186065E+02	2.762039E+03	
434	8.309057E+02	5.151943E+02	1.444949E+03	
435	-1.476547E+02	-6.440309E+02	2.400141E+03	
436	9.944261E+03	1.837992E+03	8.219970E+02	
437	1.267910E+04	-2.563944E+03	-4.491542E+03	
438	2.410153E+04	3.467583E+03	-8.143154E+03	
439	3.127515E+04	-3.047564E+03	-2.034009E+04	
440	4.481357E+04	1.037733E+04	-2.955382E+04	
441	5.950676E+04	9.165158E+03	-5.033752E+04	
442	6.694269E+04	3.091192E+04	-6.884715E+04	
443	8.435210E+04	4.563352E+04	-8.788307E+04	
444	8.463410E+04	7.767172E+04	-1.211575E+05	
445	8.303216E+04	1.049487E+05	-1.094984E+05	
446	1.009365E+05	1.569375E+05	-1.677674E+05	
447	5.854717E+04	1.746881E+05	-1.028665E+05	
448	1.194854E+05	2.550492E+05	-1.966172E+05	
449	3.967507E+04	2.515057E+05	-8.722363E+04	
450	1.180937E+05	3.462884E+05	-2.142289E+05	
451	-1.954948E+04	3.098187E+05	-3.607506E+04	
452	1.008130E+05	4.141353E+05	-1.849657E+05	
453	-8.290047E+04	3.171904E+05	3.611205E+04	
454	6.219362E+04	4.134481E+05	-1.062046E+05	
455	-1.273300E+05	2.518604E+05	1.005757E+05	
456	1.685656E+01	3.164029E+05	9.798082E+03	
457	-1.457966E+05	1.169915E+05	1.428947E+05	
458	-4.053076E+04	1.538260E+05	1.287902E+05	
459	-9.274002E+04	-3.982641E+04	1.341447E+05	
460	-4.630098E+04	-4.482172E+04	1.760245E+05	
461	2.266601E+04	-1.498738E+05	4.409014E+04	
462	-3.964061E+04	-2.007199E+05	1.175726E+05	
463	9.322444E+04	-1.637103E+05	-5.377465E+04	
464	-2.462570E+04	-2.200199E+05	1.812960E+04	
465	7.551150E+04	-9.211773E+04	-7.640607E+04	
466	-1.760429E+04	-1.344970E+05	-3.711142E+04	
467	2.097702E+03	-3.347118E+04	-2.946271E+04	
468	-3.826822E+03	-4.074530E+04	-1.756331E+04	
469	-4.941200E+03	-8.643652E+03	-4.910856E+03	
470	1.236144E+02	-6.824317E+03	-5.666291E+03	
471	-3.598947E+03	-1.305358E+03	1.402719E+03	
472	7.082381E+02	1.566391E+03	-1.162492E+03	
473	-1.875135E+03	3.655238E+02	2.002280E+03	
474	5.420661E+02	2.443713E+03	1.507071E+02	
475	-8.513141E+02	5.231933E+02	1.417414E+03	
476	3.229356E+02	1.754271E+03	3.813584E+02	
477	-3.501222E+02	3.810027E+02	8.390546E+02	
478	1.733444E+02	1.041330E+03	3.210370E+02	
479	-1.278879E+02	2.361193E+02	4.599294E+02	
480	9.016108E+01	5.680696E+02	2.218004E+02	
481	-3.283510E+01	1.375212E+02	2.432932E+02	
482	5.284670E+01	2.917221E+02	1.423352E+02	
483	1.136296E+01	7.266951E+01	1.240368E+02	
484	4.353144E+01	1.368999E+02	8.584090E+01	
485	3.871663E+01	2.114834E+01	5.246068E+01	
486	3.270542E+01	4.670432E+01	3.966539E+01	
487	-1.333767E+04	-1.984966E+03	2.956144E+03	
488	7.622885E+03	1.192899E+03	-6.007672E+02	
489	2.710528E+03	-3.888585E+03	4.449437E+03	
490	2.755500E+04	3.849572E+03	-9.572510E+02	
491	2.248595E+04	-1.315350E+04	1.850813E+02	
492	5.528309E+04	3.919277E+03	-1.024774E+04	
493	4.984882E+04	-2.984689E+04	-1.439970E+04	
494	8.970424E+04	1.580315E+03	-3.414341E+04	
495	9.218087E+04	-3.911018E+04	-5.165610E+04	
496	1.126382E+05	5.037820E+02	-8.072764E+04	
497	1.207409E+05	-2.650890E+04	-1.013043E+05	
498	1.112903E+05	1.491652E+04	-1.397801E+05	
499	9.740298E+04	1.973022E+03	-1.250107E+05	
500	1.024599E+05	5.762648E+04	-1.818102E+05	
501	4.232309E+04	3.319734E+04	-1.069166E+05	
502	1.019439E+05	1.190850E+05	-1.949484E+05	
503	1.472235E+04	8.595277E+04	-8.552485E+04	
504	6.431893E+04	1.771976E+05	-1.987445E+05	
505	-7.594359E+04	1.393909E+05	-1.741855E+04	
506	2.284258E+04	2.406545E+05	-1.466060E+05	
507	-1.526938E+05	1.744052E+05	7.377225E+04	
508	-2.144035E+04	2.703792E+05	-5.003575E+04	
509	-1.872145E+05	1.789636E+05	1.480938E+05	
510	-6.759892E+04	2.440276E+05	6.905006E+04	
511	-1.925246E+05	1.250403E+05	2.010280E+05	
512	-5.540974E+04	1.710123E+05	1.864929E+05	
513	-9.451063E+04	2.272773E+04	1.893774E+05	
514	7.579496E+03	3.987067E+04	2.098930E+05	
515	8.779845E+04	-6.355497E+04	6.291907E+04	
516	2.848525E+04	-1.037201E+05	1.060461E+05	
517	1.611311E+05	-9.456770E+04	-7.463807E+04	
518	6.859292E+03	-1.608801E+05	-1.996628E+04	
519	1.024502E+05	-5.737012E+04	-1.166409E+05	
520	-2.861055E+04	-1.155971E+05	-7.292051E+04	
521	-2.261379E+04	-2.681551E+04	-5.051008E+04	
522	-1.160241E+04	-3.633984E+04	-2.869820E+04	
523	-1.703323E+04	-1.096446E+04	-1.239086E+04	
524	-3.282233E+03	-1.048732E+04	-8.040365E+03	
525	-7.124772E+03	-4.345462E+03	-5.892430E+02	
526	-4.609320E+02	-2.355589E+03	-1.138623E+03	
527	-2.340946E+03	-1.713377E+03	1.689481E+03	
528	2.623944E+02	-1.260965E+02	5.812116E+02	
529	-5.377591E+02	-6.665550E+02	1.503235E+03	
530	3.373504E+02	3.297022E+02	7.379098E+02	
531	2.935960E+01	-2.435542E+02	9.664278E+02	
532	2.581848E+02	3.214731E+02	5.460451E+02	
533	1.544729E+02	-7.203202E+01	5.536295E+02	
534	1.743678E+02	2.318328E+02	3.494068E+02	
535	1.506455E+02	-8.664651E-01	3.017663E+02	
536	1.223916E+02	1.532278E+02	2.113478E+02	
537	1.268737E+02	2.650633E+01	1.612865E+02	
538	1.073891E+02	9.785625E+01	1.257187E+02	
539	1.187087E+02	2.454204E+01	8.466110E+01	
540	1.276784E+02	5.580838E+01	6.971707E+01	
541	-1.505470E+04	-8.248215E+02	3.598587E+03	
542	1.296936E+04	1.478785E+03	-1.346283E+03	
543	4.731163E+03	-1.826258E+03	8.928257E+03	
544	4.257524E+04	4.483460E+03	2.259396E+03	
545	3.017302E+04	-1.614118E+04	1.231296E+04	
546	8.559873E+04	2.241787E+03	-3.153261E+02	
547	6.720935E+04	-5.153705E+04	6.563923E+03	
548	1.389717E+05	-1.050423E+04	-1.842883E+04	
549	1.345654E+05	-8.558344E+04	-3.829878E+04	
550	1.598764E+05	-3.611812E+04	-7.093309E+04	
551	1.690882E+05	-9.581164E+04	-1.043580E+05	
552	1.273102E+05	-5.347541E+04	-1.409553E+05	
553	1.065554E+05	-9.579860E+04	-1.268336E+05	
554	8.726423E+04	-3.997869E+04	-1.796489E+05	
555	5.759423E+03	-1.073750E+05	-9.000053E+04	
556	7.457047E+04	-9.679557E+03	-1.775017E+05	
557	-1.888853E+04	-8.348437E+04	-7.350099E+04	
558	-2.940429E+03	1.071054E+04	-1.837007E+05	
559	-1.519555E+05	-4.019596E+04	5.226509E+03	
560	-6.137313E+04	6.918935E+04	-1.197640E+05	
561	-2.376367E+05	1.426228E+04	1.055398E+05	
562	-1.013375E+05	1.219646E+05	-1.667904E+04	
563	-2.495407E+05	8.461527E+04	1.758114E+05	
564	-1.303780E+05	1.560309E+05	9.664106E+04	
565	-2.411130E+05	1.184837E+05	2.371328E+05	
566	-5.499555E+04	1.757261E+05	2.236913E+05	
567	-8.472734E+04	7.624715E+04	2.304781E+05	
568	8.615763E+04	1.096536E+05	2.473426E+05	
569	1.907607E+05	1.892960E+04	7.096642E+04	
570	1.068065E+05	-2.688989E+04	1.071601E+05	
571	2.539078E+05	-2.194554E+04	-9.501629E+04	
572	3.534433E+04	-1.068039E+05	-4.807131E+04	
573	1.336109E+05	-1.474801E+04	-1.524174E+05	
574	-5.517684E+04	-9.129251E+04	-1.091158E+05	
575	-7.109879E+04	-1.184841E+04	-5.955761E+04	
576	-2.344520E+04	-1.624562E+04	-3.557206E+04	
577	-3.705952E+04	-9.147720E+03	-1.424629E+04	
578	-7.420518E+03	-6.353561E+03	-9.326274E+03	
579	-1.281115E+04	-5.596409E+03	-1.592507E+03	
580	-1.563967E+03	-3.532819E+03	-1.387025E+03	
581	-3.098820E+03	-2.968547E+03	9.355300E+02	
582	1.490190E+02	-1.952281E+03	4.967622E+02	
583	-7.126471E+01	-1.455785E+03	9.739058E+02	
584	4.723022E+02	-1.010773E+03	6.766117E+02	
585	5.926255E+02	-6.725847E+02	6.268627E+02	
586	4.123071E+02	-4.884009E+02	4.945451E+02	
587	5.671859E+02	-2.898643E+02	3.485749E+02	
588	2.950754E+02	-2.145956E+02	3.073920E+02	
589	4.124683E+02	-1.060885E+02	1.822282E+02	
590	2.099982E+02	-7.535824E+01	1.779753E+02	
591	2.834117E+02	-1.708613E+01	9.638393E+01	
592	1.781358E+02	-4.052323E+00	1.011938E+02	
593	2.124735E+02	2.550141E+01	6.382729E+01	
594	2.139796E+02	3.145679E+01	6.127928E+01	
595	-1.913679E+04	7.419235E+02	2.220374E+03	
596	1.111512E+04	1.892487E+03	-1.690182E+03	
597	3.737038E+03	8.733530E+03	1.090316E+04	
598	4.446862E+04	7.819880E+03	8.547436E+03	
599	3.045728E+04	2.777247E+03	2.622173E+04	
600	1.033052E+05	8.546632E+03	2.122553E+04	
601	7.550327E+04	-4.553787E+04	4.104508E+04	
602	1.896355E+05	-1.056715E+04	2.098635E+04	
603	1.905209E+05	-1.045778E+05	-1.277352E+04	
604	2.084111E+05	-6.774657E+04	-3.912885E+04	
605	2.349891E+05	-1.399263E+05	-1.009393E+05	
606	1.265085E+05	-1.240418E+05	-1.287519E+05	
607	1.051540E+05	-1.700060E+05	-1.150590E+05	
608	4.959482E+04	-1.346666E+05	-1.609958E+05	
609	-5.796309E+04	-2.324882E+05	-4.576692E+04	
610	4.432766E+04	-1.316626E+05	-1.370091E+05	
611	-4.757998E+04	-2.434269E+05	-4.829468E+04	
612	-8.016064E+04	-1.657848E+05	-1.663682E+05	
613	-2.400002E+05	-2.210362E+05	3.605439E+04	
614	-1.455771E+05	-1.139579E+05	-9.921912E+04	
615	-3.246234E+05	-1.578566E+05	1.337527E+05	
616	-1.696739E+05	-4.635763E+04	-1.998184E+03	
617	-2.984545E+05	-3.212992E+04	1.814141E+05	
618	-1.881257E+05	3.719597E+04	8.883805E+04	
619	-2.836156E+05	9.602935E+04	2.415467E+05	
620	-4.798452E+04	1.645815E+05	2.341974E+05	
621	-6.187944E+04	1.357439E+05	2.434775E+05	
622	1.853581E+05	1.810840E+05	2.823283E+05	
623	3.342364E+05	1.199553E+05	5.483210E+04	
624	1.933563E+05	4.876046E+04	1.114141E+05	
625	3.600286E+05	5.701432E+04	-1.167315E+05	
626	6.311869E+04	-5.006094E+04	-6.796667E+04	
627	1.596721E+05	2.062798E+04	-1.773308E+05	
628	-1.002581E+05	-6.866247E+04	-1.462196E+05	
629	-1.549543E+05	-5.186704E+03	-4.845096E+04	
630	-3.603712E+04	1.684499E+04	-3.192016E+04	
631	-5.952836E+04	-8.419467E+03	-8.102002E+03	
632	-1.065499E+04	2.805726E+03	-6.815149E+03	
633	-1.682519E+04	-5.575148E+03	-1.163147E+03	
634	-2.111653E+03	-2.461895E+03	-9.503195E+02	
635	-2.787175E+03	-2.879002E+03	-1.583279E+02	
636	2.422516E+02	-2.662342E+03	2.038594E+02	
637	7.745055E+02	-1.331670E+03	-7.340983E+01	
638	6.439955E+02	-1.771372E+03	2.890001E+02	
639	1.206812E+03	-5.727035E+02	-7.630019E+01	
640	5.424271E+02	-9.982399E+02	1.928701E+02	
641	9.222320E+02	-2.278518E+02	-6.696987E+01	
642	3.777163E+02	-5.125653E+02	1.054679E+02	
643	5.977330E+02	-7.753532E+01	-4.894593E+01	
644	2.587382E+02	-2.391748E+02	5.096155E+01	
645	3.709137E+02	-1.278903E+01	-2.617966E+01	
646	2.001802E+02	-9.009909E+01	2.398600E+01	
647	2.417033E+02	2.323612E+01	5.650785E+00	
648	2.022504E+02	-6.514601E+00	2.299039E+01	
649	-1.730731E+04	-9.715458E+02	-2.122297E+03	
650	6.767044E+03	1.381241E+03	-5.857046E+03	
651	1.197593E+03	1.208448E+04	5.566649E+03	
652	3.032386E+04	1.060230E+04	4.293657E+03	
653	1.943569E+04	4.135813E+04	3.002889E+04	
654	9.699073E+04	2.679252E+04	3.648524E+04	
655	6.277438E+04	1.538011E+04	7.996316E+04	
656	2.413362E+05	2.328611E+04	7.905443E+04	
657	2.655356E+05	-6.202157E+04	1.599324E+04	
658	2.651005E+05	-6.409944E+04	1.752441E+04	
659	3.207512E+05	-1.587295E+05	-9.236412E+04	
660	1.110695E+05	-1.745193E+05	-1.060074E+05	
661	7.944173E+04	-2.411605E+05	-8.522981E+04	
662	-1.026819E+04	-2.112411E+05	-1.322727E+05	
663	-1.635945E+05	-3.492653E+05	3.248310E+04	
664	3.091007E+04	-2.233913E+05	-6.390970E+04	
665	-6.181347E+04	-4.200504E+05	-3.441891E+03	
666	-1.535944E+05	-3.398724E+05	-1.452873E+05	
667	-3.446898E+05	-4.361580E+05	8.625769E+04	
668	-2.155978E+05	-2.999653E+05	-8.179013E+04	
669	-4.113989E+05	-3.645735E+05	1.672418E+05	
670	-2.117758E+05	-2.253256E+05	1.195061E+03	
671	-3.296359E+05	-1.968967E+05	1.743928E+05	
672	-2.355167E+05	-1.167203E+05	4.239055E+04	
673	-3.204311E+05	4.183103E+04	2.149409E+05	
674	-4.518627E+04	1.255837E+05	2.000066E+05	
675	-2.610132E+04	2.372362E+05	2.121886E+05	
676	2.933968E+05	2.702448E+05	3.069645E+05	
677	5.192030E+05	2.864186E+05	-4.181706E+02	
678	2.750213E+05	1.510206E+05	1.183800E+05	
679	4.628070E+05	1.629604E+05	-1.377859E+05	
680	9.063197E+04	2.516877E+04	-6.765193E+04	
681	1.732371E+05	2.704585E+04	-1.814965E+05	
682	-1.665678E+05	-6.716163E+04	-1.861227E+05	
683	-2.786377E+05	-1.817517E+04	-1.383518E+04	
684	-4.394907E+04	4.613828E+04	-1.572409E+04	
685	-7.001543E+04	-8.227999E+03	1.592158E+03	
686	-1.113475E+04	8.545894E+03	-1.333054E+03	
687	-1.377688E+04	-2.624033E+03	-1.536037E+03	
688	-1.732036E+03	-1.091783E+03	-1.716879E+02	
689	-3.077203E+02	-5.404165E+02	-1.955018E+03	
690	4.923168E+02	-2.112516E+03	-2.307510E+02	
691	1.864383E+03	4.229351E+01	-1.386860E+03	
692	7.378376E+02	-1.459373E+03	-2.377200E+02	
693	1.556604E+03	1.367186E+02	-8.202685E+02	
694	5.571171E+02	-8.119160E+02	-1.830439E+02	
695	9.767193E+02	1.079620E+02	-4.463305E+02	
696	3.615943E+02	-4.091533E+02	-1.242635E+02	
697	5.560527E+02	6.487494E+01	-2.297632E+02	
698	2.296071E+02	-1.898388E+02	-7.722046E+01	
699	3.062608E+02	3.413474E+01	-1.059632E+02	
700	1.535387E+02	-7.715015E+01	-4.016860E+01	
701	1.710958E+02	1.945130E+01	-3.107631E+01	
702	9.720393E+01	-2.075525E+01	-5.322118E+00	
703	-4.105695E+03	-6.974851E+03	-4.476229E+03	
704	1.004487E+04	6.298817E+02	-9.367102E+03	
705	-1.840199E+03	-1.534893E+04	1.576729E+03	
706	2.072472E+04	5.491351E+03	-1.032838E+04	
707	-1.531381E+03	1.079352E+03	1.899118E+04	
708	3.976056E+04	2.709339E+04	3.224579E+03	
709	1.961507E+04	1.805987E+05	8.425858E+04	
710	2.758353E+05	1.094706E+05	1.366506E+05	
711	3.842914E+05	1.772837E+05	9.794110E+03	
712	3.334587E+05	2.848123E+04	1.179295E+05	
713	4.275137E+05	-1.130976E+05	-6.141854E+04	
714	9.506995E+04	-1.814093E+05	-4.570943E+04	
715	2.238653E+03	-4.092663E+05	4.113058E+03	
716	-1.240369E+05	-3.137720E+05	-1.154624E+05	
717	-3.269740E+05	-4.057156E+05	1.339938E+05	
718	4.958486E+04	-2.679516E+05	7.142052E+04	
719	-4.430488E+04	-6.286959E+05	7.672674E+04	
720	-2.248472E+05	-5.378200E+05	-1.102614E+05	
721	-4.779181E+05	-7.261342E+05	1.753344E+05	
722	-2.759936E+05	-5.273581E+05	-6.391631E+04	
723	-4.908674E+05	-6.089253E+05	2.056827E+05	
724	-2.213038E+05	-4.332362E+05	6.298204E+03	
725	-3.349095E+05	-4.331996E+05	1.637708E+05	
726	-2.599828E+05	-3.316289E+05	-3.644715E+04	
727	-3.493464E+05	-1.146854E+05	1.624900E+05	
728	-6.154032E+04	1.049169E+04	8.191386E+04	
729	4.334414E+04	4.409271E+05	8.548312E+04	
730	4.075935E+05	4.136450E+05	3.066260E+05	
731	7.632607E+05	5.921393E+05	-1.245692E+05	
732	3.404874E+05	3.323016E+05	1.250172E+05	
733	5.392780E+05	3.397865E+05	-1.479094E+05	
734	1.325128E+05	1.676575E+05	-1.698605E+04	
735	1.535514E+05	-5.930864E+04	-1.246817E+05	
736	-2.620167E+05	-1.215607E+05	-2.368597E+05	
737	-4.558633E+05	-7.421731E+04	4.819239E+04	
738	-4.090426E+04	5.955041E+04	1.163280E+04	
739	-4.611695E+04	2.765880E+03	-7.918181E+02	
740	-8.188189E+03	8.834062E+03	3.846771E+03	
741	-6.614385E+02	7.953622E+03	-6.890275E+03	
742	-6.358437E+02	1.907023E+03	1.969938E+02	
743	3.526368E+03	5.085522E+03	-4.472045E+03	
744	7.117853E+02	6.842369E+02	-6.104185E+02	
745	2.376697E+03	2.576381E+03	-2.263293E+03	
746	6.724939E+02	3.428520E+02	-5.578316E+02	
747	1.221902E+03	1.161019E+03	-1.036214E+03	
748	4.376221E+02	1.870583E+02	-3.632983E+02	
749	5.650756E+02	4.678937E+02	-4.427748E+02	
750	2.549256E+02	9.852145E+01	-2.096545E+02	
751	2.406811E+02	1.521205E+02	-1.713653E+02	
752	1.410315E+02	4.786641E+01	-1.097289E+02	
753	9.173315E+01	2.584250E+01	-4.902236E+01	
754	6.932504E+01	1.946673E+01	-4.431089E+01	
755	2.942826E+01	-1.050554E+00	3.886920E+00	
756	3.572407E+00	3.525533E+00	4.820526E+00	
757	-7.472101E+03	4.635955E+03	6.578173E+03	
758	1.895650E+03	2.677524E+03	-1.599776E+03	
759	-2.237667E+03	-9.926937E+04	-1.482114E+04	
760	6.127805E+02	1.853376E+02	-2.118100E+02	
761	2.019396E+03	2.989125E+03	-2.148745E+03	
762	-2.827604E+04	2.551930E+04	-2.827289E+04	
763	9.968792E+02	-3.610043E+04	-1.644011E+04	
764	-5.367131E+03	3.602428E+03	-2.156290E+03	
765	-2.027534E+02	-1.040194E+03	-5.951557E+02	
766	1.771217E+02	-9.814781E+02	-5.695374E+02	
767	6.659257E+00	-3.263527E+04	-7.082452E+03	
768	1.543077E+04	-3.066412E+04	-1.323514E+04	
769	1.640128E+04	5.006712E+04	3.913642E+04	
770	9.161386E+03	-2.426507E+04	1.544890E+03	
771	-4.604762E+03	-5.631863E+04	3.125252E+04	
772	-7.014917E+04	-2.056686E+05	4.213910E+04	
773	-3.887055E+03	4.008947E+04	-3.652524E+04	
774	9.690205E+02	7.619885E+01	-3.363328E+02	
775	-4.091066E+03	3.811454E+03	-1.377012E+03	
776	5.216372E+02	-7.191403E+02	-2.805785E+02	
777	-1.604119E+04	-1.126406E+04	2.268820E+04	
778	-2.390810E+03	1.423729E+04	8.581070E+03	
779	1.248700E+04	-1.244963E+03	3.834815E+03	
780	-2.638901E+04	-8.747215E+04	2.136494E+04	
781	1.904633E+04	5.373322E+04	3.074332E+04	
782	1.833436E+04	1.346369E+04	2.235486E+04	
783	9.064620E+02	2.826520E+02	-6.027972E+02	
784	4.384660E+02	-4.055140E+02	-1.791350E+02	
785	1.650587E+03	3.042318E+02	-2.844012E+02	
786	-2.335105E+03	-2.951874E+03	-1.714978E+03	
787	-5.989499E+02	2.678985E+03	-1.270154E+03	
788	2.926196E+03	7.396226E+02	2.593640E+02	
789	-6.701941E+03	-5.121535E+03	-1.725954E+03	
790	1.570171E+03	3.314827E+02	-2.734494E+02	
791	1.916915E+03	4.452448E+04	2.297876E+04	
792	-3.605699E+03	7.298503E+03	-6.486962E+03	
793	2.001700E+02	-1.227547E+03	-3.731722E+02	
794	9.175393E+02	-4.415633E+03	5.072059E+03	
795	7.825253E+02	-2.374833E+02	-2.158124E+02	
796	9.145245E+02	2.672490E+02	-3.222348E+02	
797	-4.561763E+03	-1.229436E+04	6.389704E+03	
798	-6.561105E+02	5.319922E+02	-2.954632E+03	
799	8.794200E+03	-1.209788E+04	-6.928173E+03	
800	2.831641E+04	3.854956E+03	2.009258E+03	
801	-5.093853E+02	-4.912069E+03	-1.266769E+03	
802	-5.534395E+03	-1.777633E+03	-1.391792E+03	
803	-4.790525E+04	7.919558E+04	-1.185516E+05	
804	3.000827E+03	-6.267100E+04	-1.101271E+04	
805	-1.665576E+03	2.056297E+03	-1.617929E+03	
806	-1.701029E+03	2.581377E+03	-1.599485E+03	
807	7.823266E+02	3.579794E+02	-1.407946E+02	
808	-4.323054E+04	-5.893275E+04	7.434331E+03	
809	7.378215E+03	1.137761E+05	-1.878687E+04	
810	-2.191118E+03	4.697417E+02	1.272823E+03	
811	-7.379329E+03	4.971184E+03	-1.290427E+03	
812	2.684416E+03	-7.723063E+03	-6.507528E+03	
813	-8.736382E+03	1.328020E+04	-8.118924E+03	
814	-3.901028E+03	-3.292125E+04	-1.998686E+04	
815	1.126926E+02	-1.228258E+03	-2.633196E+02	
816	-2.604029E+03	1.608573E+03	-1.807930E+03	
817	1.322281E+02	1.285454E+03	6.928816E+01	
818	-4.190251E+03	7.003747E+03	-2.219499E+03	
819	7.596109E+03	-1.820977E+04	-2.092589E+03	
820	4.394561E+02	-2.705294E+01	-9.893272E+01	
821	1.417487E+04	1.679138E+03	2.303177E+04	
822	-4.906675E+03	7.949770E+03	8.800473E+03	
823	-4.007147E+03	2.687301E+03	-5.557552E+02	
824	-7.701448E+03	2.637503E+04	1.581440E+04	
825	2.037979E+03	5.390909E+03	-3.794211E+03	
826	1.755582E+02	1.480971E+04	1.449078E+04	
827	-7.955207E+03	5.356971E+03	-6.110691E+03	
828	4.133338E+04	1.285449E+04	2.628907E+04	
829	4.780868E+02	-5.481080E+02	-3.908055E+02	
830	-6.971677E+03	1.353498E+04	-3.787397E+03	
831	-1.480351E+04	7.835498E+04	-2.249004E+04	
832	9.050510E+04	3.442306E+05	6.378434E+04	
833	1.100976E+03	-2.058234E+04	-1.979659E+03	
834	7.258995E+03	5.002158E+04	2.220376E+04	
835	-5.649303E+03	-1.711812E+04	7.170761E+03	
836	-1.680177E+03	2.712121E+03	-1.369368E+03	
837	-9.948128E+03	1.023421E+04	-1.435423E+03	
838	7.086636E+02	-2.819004E+02	-5.170526E+02	
839	-3.171865E+03	-4.019339E+03	-2.463305E+03	
840	-2.806230E+02	-1.638654E+03	2.177592E+02	
841	-2.185599E+03	-7.086231E+02	-7.270995E+02	
842	1.072446E+03	-9.820309E+02	-9.150058E+02	
843	-4.309698E+03	2.313290E+04	1.188931E+04	
844	-2.018586E+03	3.506131E+03	-3.642830E+02	
845	4.332227E+01	-6.279545E+03	4.686543E+03	
846	8.843751E+03	-1.449985E+04	6.401487E+03	
847	-7.307407E+03	1.498528E+04	2.379903E+03	
848	3.767965E+03	1.457339E+04	-7.206896E+03	
849	-2.012522E+04	-6.643700E+03	-4.477407E+04	
850	2.559868E+04	8.243689E+03	2.401208E+04	
851	-3.129011E+03	2.630498E+04	3.830157E+03	
852	-6.289463E+03	-2.914469E+04	1.408115E+04	
853	-1.190871E+03	1.508018E+04	1.669051E+04	
854	9.457656E+03	-1.651874E+04	-1.450693E+04	
855	7.643403E+02	4.471504E+02	-2.318234E+02	
856	6.933706E+01	-1.606145E+04	-8.095841E+03	
857	-8.370124E+03	9.759110E+03	-5.999191E+03	
858	-8.304336E+02	7.245751E+02	-1.707127E+03	
859	8.472594E+03	-8.423678E+02	1.752610E+04	
860	-2.079373E+03	2.948493E+04	1.520023E+04	
861	-2.723076E+03	1.083278E+03	9.594992E+03	
862	-2.554763E+03	-2.998415E+03	-1.903090E+03	
863	-6.338623E+03	-4.425533E+04	1.750457E+04	
864	3.092558E+03	-1.243511E+04	2.544623E+03	
865	-5.132162E+03	1.140493E+04	5.889611E+03	
866	-5.162137E+03	5.522510E+03	3.393489E+03	
867	6.083584E+02	-2.061886E+03	1.734490E+03	
868	2.275456E+03	2.524153E+02	4.231963E+01	
869	5.067077E+03	2.119626E+03	1.524038E+03	
870	1.543562E+03	4.639658E+03	-5.051015E+04	
871	-1.244523E+03	-1.161912E+03	-6.300471E+02	
872	2.214120E+03	-7.673627E+03	1.547095E+03	
873	1.760429E+03	1.168795E+03	-9.251584E+02	
874	-1.057828E+04	9.919075E+03	3.897319E+03	
875	3.547935E+02	-2.336166E+02	2.623819E+00	
876	-4.676391E+03	3.217732E+04	1.455029E+04	
877	2.679744E+03	3.332172E+02	5.764261E+01	
878	1.573035E+03	4.530858E+02	-2.502670E+02	
879	2.005751E+04	-1.544373E+04	5.352700E+03	
880	-2.166340E+03	-2.985465E+02	-6.505615E+02	
881	-4.228892E+03	1.029658E+03	1.787471E+03	
882	9.133821E+02	5.951585E+02	-3.406384E+02	
883	-1.896248E+03	-9.064595E+02	-7.629753E+02	
884	9.434487E+04	1.554047E+05	-3.495705E+04	
885	-3.423382E+03	4.659078E+03	-7.512543E+02	
886	1.946683E+03	3.196127E+02	-9.791243E+01	
887	6.574242E+02	-7.658955E+02	-7.948579E+02	
888	1.770698E+03	3.416217E+02	-2.998574E+02	
889	-1.309802E+02	-1.512347E+03	1.632908E+02	
890	8.820303E+02	4.171851E+02	-2.440500E+02	
891	-1.712322E+03	-3.369467E+03	1.186221E+03	
892	-3.860464E+04	-8.617619E+04	-1.533823E+04	
893	6.217407E+03	-1.231750E+04	1.049726E+04	
894	-3.001730E+02	-8.340766E+02	-7.579819E+02	
895	-1.014612E+05	-9.075037E+04	-2.089521E+04	
896	9.441650E+02	5.675476E+02	-4.510912E+02	
897	7.303428E+02	-3.916762E+03	-6.820594E+03	
898	2.824180E+05	1.442385E+05	1.421233E+05	
899	1.028222E+03	5.024409E+02	-3.466542E+02	
900	-1.168739E+03	1.445640E+03	-2.229385E+03	
901	-1.584369E+05	-1.509958E+05	-3.998805E+04	
902	9.221829E+02	1.499366E+04	1.526962E+04	
903	-3.311160E+04	6.556018E+04	-1.569573E+04	
904	7.695090E+02	2.379226E+01	-3.637776E+02	
905	1.221141E+04	-2.411787E+04	-7.373111E+03	
906	7.203227E+02	4.221628E+02	-1.658153E+02	
907	1.238910E+04	-2.681471E+04	4.670372E+03	
908	1.482434E+03	4.646203E+02	-4.258398E+02	
909	1.450423E+03	7.447969E+03	1.287948E+04	
910	-2.769568E+02	2.818218E+02	-7.035674E+03	
911	-3.436648E+03	3.292748E+03	-8.417541E+03	
912	2.354262E+03	2.443754E+02	6.224867E+02	
913	-2.160382E+02	-1.416646E+03	-1.935466E+02	
914	-6.170079E+04	-4.977991E+04	-4.775972E+04	
915	8.798687E+03	-1.360151E+04	5.296245E+03	
916	-1.946260E+01	-1.671424E+03	-1.565012E+02	
917	-2.270830E+02	-9.536991E+02	-8.328056E+02	
918	-6.957167E+02	2.568266E+03	-1.638276E+03	
919	-9.195952E+02	-4.104486E+02	-5.422750E+02	
920	8.329114E+02	4.249233E+02	-8.306083E+01	
921	-1.594951E+03	3.946959E+01	6.666286E+02	
922	-2.596987E+03	-2.086871E+04	1.298046E+04	
923	1.466965E+03	2.863541E+02	-2.817076E+02	
924	-7.631291E+02	-3.364928E+03	2.194568E+02	
925	7.398353E+02	2.223169E+03	-1.095932E+03	
926	-1.738649E+04	2.107549E+04	-6.342102E+03	
927	-1.639898E+03	4.457576E+02	2.637223E+03	
928	-1.012587E+03	5.955139E+02	-1.848915E+03	
929	-1.971872E+03	-1.085093E+02	-4.868555E+02	
930	8.179796E+03	3.355868E+02	1.280745E+04	
931	-3.992640E+03	-2.399806E+03	7.817938E+03	
932	-4.088198E+02	-1.039324E+03	-4.531399E+02	
933	2.694634E+03	5.981092E+02	1.455649E+01	
934	1.881490E+02	-1.201702E+03	-2.378580E+02	
935	-2.611899E+03	-1.782362E+04	2.126580E+03	
936	1.922328E+04	1.366651E+03	9.451650E+03	
937	-4.560190E+03	-1.871843E+03	8.508075E+03	
938	-2.649133E+04	-4.655334E+03	-7.350393E+03	
939	-4.688483E+03	-4.749039E+03	6.869894E+03	
940	1.975267E+04	-2.465438E+03	1.719757E+04	
941	3.598387E+02	9.331091E+02	-1.715081E+03	
942	1.989677E+03	2.977454E+02	-1.069716E+02	
943	-3.890895E+03	1.890884E+03	2.090059E+03	
944	2.680491E+04	-8.110730E+04	3.003077E+04	
945	-1.099001E+03	-8.299415E+02	-1.291324E+03	
946	-6.615296E+03	2.135603E+04	7.175985E+03	
947	-3.230990E+01	-3.497059E+03	3.412256E+03	
948	6.825386E+02	1.865507E+02	-2.137292E+02	
949	1.789693E+03	-1.788512E+03	1.791455E+03	
950	-5.055752E+04	-1.208189E+05	-4.196341E+03	
951	-1.316205E+03	1.188165E+04	-1.854852E+04	
952	1.067638E+04	3.304163E+04	2.211656E+04	
953	-5.153559E+02	1.200353E+03	4.273434E+01	
954	-1.554444E+02	-7.735984E+02	-7.393959E+02	
955	1.406534E+03	-5.134261E+03	-4.494210E+02	
956	9.967739E+02	4.735505E+02	-8.439556E+01	
957	-4.929196E+03	6.824110E+03	-4.719070E+02	
958	5.227122E+03	-1.046197E+04	1.134450E+04	
959	5.966106E+02	3.417733E+02	-7.552613E+01	
960	-6.253738E+03	8.404691E+03	1.003353E+03	
961	4.402450E+02	2.068028E+02	-8.720092E+02	
962	-3.939276E+03	5.148307E+03	5.605938E+02	
963	-6.186146E+03	4.609874E+04	-3.888359E+03	
964	-1.847770E+02	-1.591818E+03	-1.448969E+02	
965	-3.863177E+03	1.560937E+03	-2.453018E+03	
966	-3.555811E+02	-8.292924E+02	-5.377813E+02	
967	-8.493343E+03	4.624299E+03	2.910551E+03	
968	1.370693E+04	-1.049334E+04	1.085103E+04	
969	-1.220975E+04	2.412008E+04	-2.004408E+04	
970	-1.349162E+04	-2.429117E+04	-1.346183E+04	
971	-2.169113E+03	1.163204E+03	-1.618899E+03	
972	-4.791864E+02	-2.154607E+03	-1.281594E+02	
973	1.916153E+03	-6.832622E+03	9.541241E+03	
974	5.021444E+03	-1.305209E+04	-4.343943E+03	
975	-5.245686E+03	-9.041116E+03	4.927680E+03	
976	-5.007587E+03	-8.801252E+03	5.325809E+03	
977	2.800019E+02	-6.275379E+02	-5.977436E+01	
978	-1.101761E+04	-8.752219E+03	-2.197236E+04	
979	2.371922E+04	-1.774407E+04	1.473863E+04	
980	-1.099081E+03	-1.866086E+04	2.592189E+03	
981	9.435642E+01	-1.505113E+04	9.744976E+02	
982	1.296818E+03	6.964122E+02	-4.961759E+02	
983	1.938885E+04	1.516337E+05	5.530796E+04	
984	-2.579059E+03	1.882954E+03	-3.510435E+02	
985	1.967986E+03	3.685698E+02	-3.243135E+02	
986	-3.814867E+02	1.250042E+03	1.132728E+02	
987	6.014054E+02	1.177381E+02	-1.610210E+01	
988	-4.606973E+04	6.831874E+04	-7.835507E+04	
989	5.767203E+03	-1.535556E+04	7.985141E+02	
990	-6.176020E+02	2.466394E+03	-1.486226E+03	
991	-1.821901E+03	8.089452E+03	-8.622392E+02	
992	5.294765E+02	2.681245E+03	-1.279123E+03	
993	-7.606245E+03	2.186190E+04	-5.564224E+02	
994	1.243661E+02	-1.274053E+03	-2.466202E+02	
995	-2.958538E+02	2.954370E+03	-8.720134E+02	
996	2.953546E+03	7.108489E+02	3.255458E+01	
997	-1.285679E+03	4.763879E+03	1.451316E+03	
998	8.810009E+03	-1.317552E+04	6.370476E+03	
999	3.679807E+04	4.455372E+02	1.225254E+04	
1000	-1.528969E+03	2.167686E+03	-1.301221E+03	
1001	-2.653993E+03	9.161226E+02	4.643582E+02	
1002	1.260432E+03	4.037276E+02	-4.073703E+02	
1003	4.604409E+04	1.238377E+04	1.130819E+04	
1004	6.302722E+02	-7.324970E+02	2.533614E+03	
1005	4.113120E+01	-1.286285E+04	-9.465933E+02	
1006	-2.525804E+03	3.141993E+03	-1.775974E+03	
1007	2.037539E+03	9.055265E+02	-7.870579E+02	
1008	2.364015E+02	-3.961403E+02	-1.062416E+02	
1009	-1.245139E+04	-2.072431E+04	-1.014429E+05	
1010	-2.398034E+03	3.284155E+02	-1.812168E+03	
1011	-3.794297E+03	2.403877E+03	1.110220E+00	
1012	3.673834E+02	-5.561523E+03	1.553928E+03	
1013	-1.765181E+04	3.127111E+03	-3.237000E+04	
1014	6.096248E+02	3.122440E+01	-8.358183E+01	
1015	1.107232E+03	4.652031E+02	-6.169763E+02	
1016	-1.057136E+03	6.502279E+01	-2.950629E+03	
1017	-5.572124E+03	1.626870E+04	8.208435E+03	
1018	-2.838191E+02	8.973376E+02	-1.823952E+03	
1019	-1.947053E+02	-6.601155E+03	-2.925924E+03	
1020	-4.765998E+03	-4.090164E+03	6.699859E+03	
1021	1.404725E+03	-2.660519E+02	-1.271384E+03	
1022	2.222464E+03	3.703010E+02	-1.174019E+02	
1023	1.089161E+03	9.692006E+02	-2.212861E+03	
1024	-3.303554E+02	-2.776621E+03	2.767497E+03	
1025	1.392347E+03	-4.700154E+04	-2.084510E+03	
1026	-1.279855E+03	1.179575E+04	-1.814319E+03	
1027	-5.013276E+03	2.098818E+02	4.769582E+03	
1028	-2.959729E+03	-2.772517E+04	1.474990E+04	
1029	1.525565E+04	-2.927244E+04	1.064437E+04	
1030	-7.283771E+03	1.335700E+05	-4.424997E+04	
1031	1.648234E+04	-3.356304E+03	1.679200E+04	
1032	-6.264575E+03	1.701312E+03	1.816526E+04	
1033	-1.055934E+04	7.418074E+03	1.877676E+03	
1034	8.662397E+02	-4.691367E+02	-5.824190E+02	
1035	-4.528562E+02	2.982903E+01	-2.059193E+03	
1036	6.894017E+03	-3.630865E+03	4.531425E+03	
1037	6.618841E+02	-2.591103E+03	3.103714E+03	
1038	4.041156E+04	2.226304E+04	2.679243E+04	
1039	4.016579E+02	-6.837261E+02	-1.845585E+02	
1040	6.477667E+03	-4.879493E+04	1.418345E+04	
1041	2.442798E+04	-6.786071E+03	7.633211E+03	
1042	6.001605E+03	-1.430866E+04	5.370048E+03	
1043	1.304896E+03	5.947012E+03	3.293378E+02	
1044	1.051338E+04	5.502876E+02	3.760107E+04	
1045	1.938583E+02	8.450554E+03	2.246580E+03	
1046	-1.096652E+04	1.257942E+04	-4.716066E+02	
1047	4.390578E+02	-1.154068E+02	-1.684357E+02	
1048	1.214281E+03	3.204945E+02	-2.322176E+02	
1049	1.329555E+02	-8.072349E+02	-2.303328E+02	
1050	1.376722E+03	3.832467E+02	-2.127049E+02	
1051	5.525629E+01	-7.034165E+02	-3.725483E+00	
1052	3.640624E+01	-7.537507E+02	8.858983E+01	
1053	1.993106E+04	2.364738E+04	2.549740E+04	
1054	-6.908642E+03	-1.269555E+03	-1.034963E+04	
1055	-2.443839E+03	-9.842446E+03	8.281064E+03	
1056	1.106452E+03	5.557759E+02	-5.632962E+02	
1057	-2.697765E+04	2.636653E+04	-5.967528E+04	
1058	-1.172151E+04	1.952652E+04	-1.705595E+04	
1059	-3.037263E+03	-6.777143E+04	7.481560E+03	
1060	-2.542590E+02	3.060815E+03	-1.139197E+03	
1061	-4.138635E+03	-9.317811E+02	-6.615496E+03	
1062	1.098732E+04	-8.482239E+03	4.288224E+03	
1063	8.668812E+03	-3.968784E+04	6.962506E+02	
1064	2.026101E+03	3.787186E+02	-3.326057E+02	
1065	-2.492810E+02	-1.416158E+03	-1.308841E+02	
1066	8.237189E+01	-9.462824E+02	-1.286022E+02	
1067	9.879601E+02	5.557969E+02	-2.212738E+02	
1068	5.679022E+02	2.070027E+02	-3.093768E+01	
1069	8.497035E+02	2.341573E+03	-1.337085E+03	
1070	6.825547E+01	1.326628E+03	-2.032439E+03	
1071	-7.303370E+04	-3.387922E+04	-4.216563E+04	
1072	5.766586E+02	2.158251E+03	-1.088413E+03	
1073	-2.148856E+03	-5.195805E+02	1.302574E+03	
1074	-9.699574E+03	-9.101681E+03	-6.698192E+03	
1075	-6.656553E+03	1.295427E+04	-2.640954E+02	
1076	-1.105346E+02	-9.959605E+02	-3.283535E+02	
1077	-3.814095E+01	-4.386833E+03	1.242494E+03	
1078	8.564145E+01	-8.359233E+02	7.318771E+01	
1079	-8.269397E+03	2.841570E+04	-2.697978E+03	
1080	6.276355E+02	-1.667814E+02	-2.038849E+02	
1081	-2.402673E+03	-3.785589E+03	-5.169767E+03	
1082	-6.261227E+03	-1.904390E+02	3.953726E+03	
1083	6.072330E+02	-2.941290E+03	-5.439750E+03	
1084	4.898137E+04	3.611326E+04	3.818962E+04	
1085	-1.826915E+03	2.365373E+03	-1.360319E+03	
1086	-6.155896E+03	3.373218E+03	-1.179364E+02	
1087	5.617990E+02	-7.711748E+02	-3.633168E+02	
1088	-2.312702E+03	-1.124979E+03	-9.658327E+02	
1089	-2.963240E+03	4.529196E+03	-2.690324E+03	
1090	-6.297442E+02	1.741915E+03	-1.129469E+03	
1091	1.309522E+03	5.343695E+02	-4.334124E+02	
1092	1.781962E+03	2.765685E+03	-1.707816E+03	
1093	2.861954E+03	-8.921369E+03	8.444202E+03	
1094	-1.540126E+03	6.238799E+02	-1.098674E+03	
1095	-3.834434E+03	-1.781898E+04	5.322300E+03	
1096	4.618796E+02	-3.218529E+02	-1.432940E+02	
1097	-1.960284E+05	-1.249750E+05	-1.010302E+05	
1098	1.278624E+03	6.409156E+02	-4.381662E+02	
1099	8.625936E+01	-1.175607E+03	-3.938869E+02	
1100	4.402097E+03	-8.632706E+03	5.979678E+03	
1101	1.412868E+03	-3.066303E+03	3.785556E+03	
1102	-3.182825E+03	5.843050E+03	-4.129080E+03	
1103	1.716002E+02	-9.832390E+03	7.539412E+03	
1104	-8.847076E+03	-3.944759E+03	-1.481247E+04	
1105	1.150239E+03	-3.145974E+03	3.206963E+03	
1106	2.925378E+03	5.003497E+03	1.785837E+03	
1107	5.820616E+02	-7.712193E+02	-9.222698E+02	
1108	1.651228E+04	-7.455594E+03	1.266237E+04	
1109	-4.397396E+03	4.486476E+03	5.636927E+02	
1110	-1.229804E+04	-9.111813E+04	-2.770911E+04	
1111	-7.506149E+03	4.743092E+03	8.298619E+02	
1112	3.045634E+02	-8.027208E+02	-3.076840E+02	
1113	-9.532709E+03	6.143338E+03	7.736260E-01	
1114	2.528604E+03	4.675068E+02	-1.172342E+02	
1115	1.412403E+03	3.061641E+02	-2.727615E+02	
1116	5.831840E+03	1.254810E+04	-7.584946E+03	
1117	-9.977087E+02	-6.870501E+03	-3.389222E+03	
1118	1.437629E+04	1.122455E+05	3.893054E+04	
1119	5.474387E+02	-2.656620E+02	-2.670228E+02	
1120	-1.449139E+03	-2.673826E+03	-2.206798E+00	
1121	2.145160E+02	-1.941018E+04	3.405660E+03	
1122	-8.187822E+03	4.268343E+03	5.427051E+03	
1123	2.366394E+03	4.140308E+02	-9.826451E+01	
1124	-1.637636E+04	-7.938721E+04	-2.206746E+04	
1125	-1.812119E+03	3.555832E+03	-9.478973E+02	
1126	2.824347E+02	1.079342E+04	-1.260338E+03	
1127	5.625347E+04	4.427263E+04	3.740213E+04	
1128	-2.143626E+03	2.149224E+03	-2.491355E+03	
1129	5.333273E+00	-1.506554E+03	-1.617671E+02	
1130	-7.391123E+03	3.974389E+03	-3.484630E+03	
1131	-1.849274E+03	2.087447E+03	-1.469480E+03	
1132	-1.790547E+03	-2.001427E+04	4.628332E+03	
1133	2.052903E+03	4.539702E+03	1.404810E+03	
1134	8.664025E+02	4.419363E+02	-8.363906E+01	
1135	6.905206E+04	1.134033E+05	6.189086E+04	
1136	1.834496E+03	3.467699E+02	-1.639788E+02	
1137	1.708811E+03	2.360554E+02	-9.258554E+01	
1138	-1.218927E+04	-8.595408E+04	-1.135227E+04	
1139	9.177208E+02	2.835008E+02	-2.583196E+02	
1140	1.209270E+03	4.455808E+02	-6.348251E+01	
1141	2.859849E+03	7.329960E+02	-2.204035E+00	
1142	3.332332E+02	-1.002349E+03	-2.827701E+02	
1143	2.556492E+03	-1.060120E+03	2.182724E+03	
1144	-2.555499E+03	-1.777223E+03	2.201506E+03	
1145	-2.136472E+02	-1.056483E+03	-4.239891E+02	
1146	1.243186E+04	-1.299584E+04	1.039954E+04	
1147	-2.090411E+02	-1.666905E+03	-2.310653E+02	
1148	-1.098672E+04	4.086676E+04	1.912673E+04	
1149	-1.696710E+03	5.789089E+03	6.494555E+02	
1150	2.485018E+04	-9.374987E+04	1.907244E+04	
1151	1.971204E+03	1.046947E+03	-2.184403E+03	
1152	1.185175E+04	8.334765E+04	2.836002E+04	
1153	-6.800073E+03	3.219205E+03	4.674302E+03	
1154	-2.740012E+03	2.954810E+03	-1.238282E+03	
1155	-4.079805E+02	-1.855502E+03	5.626455E+01	
1156	-8.147216E+01	-2.914197E+04	-8.065013E+03	
1157	-2.046059E+03	9.891004E+02	-1.019860E+03	
1158	-3.054213E+02	-5.863565E+02	-1.331698E+03	
1159	-4.588065E+03	9.361039E+03	-4.498325E+03	
1160	-1.848240E+04	5.356627E+04	-5.885998E+04	
1161	-5.792546E+03	3.434950E+03	1.168443E+03	
1162	7.734229E+02	4.309459E+02	-8.247169E+01	
1163	1.508078E+03	1.169337E+03	-8.923079E+02	
1164	-4.844349E+04	-1.319655E+05	4.031313E+04	
1165	1.830215E+03	-1.149872E+04	7.461198E+03	
1166	-1.888188E+04	-1.119493E+05	-1.140197E+04	
1167	-1.445510E+04	2.581276E+04	4.312654E+03	
1168	-6.437548E+03	1.618843E+03	-5.553285E+03	
1169	7.320964E+02	-6.462812E+04	-1.804271E+04	
1170	2.224595E+02	-1.288324E+03	-3.178970E+02	
1171	7.126009E+04	1.460347E+05	-2.365033E+04	
1172	1.155147E+02	4.969821E+03	-1.359579E+03	
1173	1.549191E+03	2.893982E+02	-6.247378E+01	
1174	2.752467E+04	4.880395E+03	5.156508E+03	
1175	1.133252E+03	4.547579E+02	-1.004404E+02	
1176	1.086772E+02	-2.171897E+04	7.630577E+03	
1177	-9.560241E+03	6.524858E+03	-3.251508E+03	
1178	2.480252E+04	1.310444E+05	3.482515E+04	
1179	1.325127E+03	3.015826E+02	-2.885047E+02	
1180	2.252301E+03	8.914631E+02	1.718646E+02	
1181	1.872187E+04	-2.422283E+04	1.018426E+04	
1182	1.152125E+03	3.143830E+02	-9.957012E+01	
1183	2.037268E+02	-1.044033E+03	-4.209376E+02	
1184	2.199725E+03	3.433723E+02	5.174010E+01	
1185	-2.079408E+03	2.738307E+03	-3.743784E+03	
1186	-2.707765E+04	4.900662E+04	-8.706617E+03	
1187	-5.071964E+03	1.530946E+03	-3.616095E+03	
1188	-3.211349E+03	2.610213E+03	8.737294E+02	
1189	-5.496253E+02	2.318925E+03	-8.892227E+02	
1190	-5.696458E+03	1.653150E+03	6.381009E+03	
1191	2.047726E+03	1.198280E+04	-3.460329E+04	
1192	-2.334271E+02	-7.313389E+03	7.623513E+03	
1193	8.892862E+03	-4.216703E+04	-3.547238E+04	
1194	-6.654365E+02	5.360198E+03	-1.058048E+03	
1195	-4.036248E+02	2.754419E+03	-3.502230E+02	
1196	2.705312E+03	4.494673E+02	5.241865E+01	
1197	-4.193792E+03	-1.872004E+04	4.121480E+03	
1198	5.632443E+00	-2.039501E+04	-6.623215E+03	
1199	3.163925E+03	2.613776E+03	7.934117E+02	
1200	-8.132849E+03	2.674648E+04	2.479490E+03	
1201	1.224894E+05	4.115971E+04	3.969764E+04	
1202	1.656527E+03	3.035492E+02	-6.207737E+01	
1203	1.042005E+03	4.475454E+02	-2.419559E+02	
1204	-1.050484E+01	-1.062178E+03	-2.611247E+02	
1205	8.859525E+02	-6.738699E+04	7.579940E+03	
1206	6.209715E+02	2.131564E+02	-8.240453E+01	
1207	-6.827262E+04	-2.534999E+05	-5.621944E+04	
1208	-1.108433E+04	-1.140068E+04	-2.927532E+04	
1209	-3.766388E+03	6.464166E+03	7.990643E+03	
1210	-7.759376E+03	8.565715E+04	-8.879579E+02	
1211	-1.311669E+04	4.572029E+04	-2.083189E+04	
1212	1.886536E+03	-3.829117E+03	2.714407E+03	
1213	2.392810E+04	5.762115E+04	-2.333208E+04	
1214	-5.147035E+03	1.017629E+04	-1.681686E+03	
1215	-2.662881E+02	1.419538E+03	-3.456140E+02	
1216	-7.186076E+03	-2.261124E+03	6.409299E+03	
1217	-3.155481E+03	-1.152708E+04	-6.825146E+03	
1218	2.751612E+01	-1.132842E+03	-2.890793E+02	
1219	1.356530E+03	3.158182E+02	-2.821663E+02	
1220	-9.397308E+03	-5.884579E+04	-3.772523E+04	
1221	7.316609E+00	-1.391995E+03	-4.438802E+01	
1222	7.045158E+02	2.760604E+03	-1.437058E+03	
1223	1.561224E+03	2.316511E+02	-1.684802E+02	
1224	-6.725296E+03	-9.758288E+03	6.230298E+03	
1225	-3.069207E+03	-1.967620E+03	-1.753452E+03	
1226	1.274609E+03	-6.422621E+04	-1.784955E+04	
1227	1.156812E+03	4.958636E+02	-2.373026E+02	
1228	-1.842457E+03	3.481117E+02	-2.763746E+02	
1229	-2.045557E+03	-3.039192E+02	-6.006077E+02	
1230	-2.637501E+03	2.468640E+03	2.463166E+02	
1231	2.204012E+02	-1.159624E+03	-3.869112E+02	
1232	2.653583E+03	7.203944E+02	-3.363904E+01	
1233	-8.402550E+03	-6.412702E+04	-5.620302E+04	
1234	-5.239450E+03	8.971781E+03	9.994284E+03	
1235	7.269018E+04	7.284412E+04	4.045271E+04	
1236	-8.917236E+02	-8.948408E+02	1.050753E+03	
1237	1.035488E+03	3.819849E+02	-1.894535E+02	
1238	-1.397446E+04	4.375977E+04	-1.132351E+04	
1239	-2.017064E+03	-1.482305E+03	-7.346069E+01	
1240	2.273951E+03	4.235502E+02	-3.717851E+02	
1241	-6.576390E+03	-3.884616E+03	5.081492E+03	
1242	-3.313009E+03	2.935355E+03	-1.664825E+03	
1243	1.311018E+03	4.295913E+02	-3.484020E+02	
1244	1.014885E+03	4.569982E+02	-3.298677E+02	
1245	6.753171E+04	1.377992E+04	1.065264E+04	
1246	5.183946E+04	1.236852E+04	1.051913E+04	
1247	1.126720E+03	5.021902E+02	-3.286520E+02	
1248	-1.808540E+04	7.466932E+04	1.609310E+04	
1249	2.253434E+03	-9.849519E+03	-6.335395E+03	
1250	-1.002883E+03	1.546655E+02	5.362780E+02	
1251	-4.772103E+03	-8.943657E+03	6.624557E+03	
1252	-4.448067E+03	-2.051668E+04	7.445127E+03	
1253	3.827398E+03	-1.937220E+04	-8.610046E+03	
1254	-4.088629E+04	4.061355E+04	-5.124839E+04	
1255	2.823376E+01	-9.827217E+02	-1.130152E+02	
1256	-5.905383E+03	-4.733978E+03	4.312143E+03	
1257	5.447044E+03	-1.782421E+04	-5.405000E+03	
1258	1.026829E+03	-1.081883E+04	-3.066044E+03	
1259	2.187717E+02	-4.235368E+02	-1.341051E+02	
1260	2.025474E+05	3.419813E+05	-1.000413E+05	
1261	-4.274117E+04	-9.732017E+04	-1.697697E+04	
1262	1.665852E+04	2.680186E+03	1.665497E+04	
1263	2.453178E+03	4.961134E+02	-3.491880E+02	
1264	1.261670E+03	3.112296E+02	-3.571665E+02	
1265	1.469844E+04	-1.323045E+04	1.484895E+04	
1266	2.866608E+03	8.404068E+02	2.542291E+02	
1267	2.404410E+02	-3.867164E+03	2.881616E+03	
1268	-1.241846E+05	-2.137933E+05	7.038949E+04	
1269	1.654716E+03	-3.630931E+03	3.271294E+03	
1270	1.357176E+03	3.645116E+02	-3.329368E+02	
1271	-6.121777E+03	5.261255E+03	2.901052E+03	
1272	3.385619E+03	-1.080603E+04	-2.389494E+03	
1273	1.789377E+04	-2.426285E+04	1.086972E+04	
1274	1.278370E+04	1.173728E+04	1.857463E+04	
1275	5.761621E+02	-5.463158E+02	-3.826207E+02	
1276	-1.095425E+03	-2.639825E+03	6.161032E+03	
1277	-1.799378E+04	3.222746E+04	1.288587E+03	
1278	1.190565E+04	-2.919907E+04	7.145037E+03	
1279	1.399443E+03	2.483114E+02	-1.951844E+02	
1280	5.480580E+04	-1.223615E+04	1.042492E+05	
1281	1.594677E+03	3.326591E+02	-1.876881E+02	
1282	1.819509E+01	-7.397990E+02	-6.750998E+01	
1283	-3.447185E+03	2.628789E+02	3.229231E+03	
1284	1.253923E+03	5.934964E+02	-4.705767E+02	
1285	2.042002E+03	-1.612787E+04	4.391335E+03	
1286	3.681300E+03	8.129624E+02	-2.568685E+02	
1287	1.553787E+03	5.603483E+02	-4.710320E+02	
1288	1.401350E+03	2.551086E+03	3.460077E+02	
1289	2.603260E+03	4.068304E+02	-3.427746E+02	
1290	1.068923E+03	-3.815306E+03	-2.180024E+04	
1291	3.759735E+02	-1.042482E+03	-3.969241E+02	
1292	3.749770E+04	2.190075E+04	2.641971E+04	
1293	1.372948E+03	2.826864E+02	-2.830448E+02	
1294	-3.955838E+03	-4.335316E+03	3.595732E+03	
1295	-3.201879E+03	-1.953641E+02	-2.888181E+03	
1296	3.380862E+03	1.998704E+03	4.910371E+02	
1297	-7.932071E+03	1.083290E+04	7.132718E+03	
1298	-6.023425E+03	-1.367480E+04	7.235017E+03	
1299	2.504033E+02	-1.084658E+03	-4.341138E+02	
1300	7.136126E+04	1.133151E+05	-1.205955E+04	
1301	1.978817E+04	-6.436600E+04	5.338008E+03	
1302	-7.590633E+03	8.319672E+03	-1.174038E+04	
1303	1.439945E+04	6.669166E+04	8.027235E+03	
1304	-3.939022E+03	4.443126E+04	8.678106E+03	
1305	3.767026E+02	-7.799096E+02	-5.750853E+02	
1306	-1.190373E+04	1.702027E+04	-6.999958E+03	
1307	-2.048539E+03	1.025578E+04	-1.191450E+04	
1308	-1.436589E+04	1.440331E+04	-3.907810E+03	
1309	1.934730E+04	2.053973E+04	2.632528E+04	
1310	3.298734E+03	-5.138126E+03	-2.725187E+03	
1311	7.769525E+03	-3.013185E+04	-5.326325E+03	
1312	-1.693532E+02	-1.115306E+03	-2.030279E+02	
1313	-3.782324E+03	-3.940754E+03	2.878555E+03	
1314	-5.600651E+03	3.531917E+03	2.302467E+03	
1315	-2.065238E+03	-8.090119E+02	-4.489785E+02	
1316	-3.642466E+03	2.169760E+03	2.599552E+02	
1317	-2.127123E+03	-2.127332E+04	-1.658425E+04	
1318	5.228883E+02	-7.308857E+02	-6.411170E+02	
1319	-5.659986E+03	-6.784162E+02	3.170130E+03	
1320	1.351386E+03	3.172649E+02	-5.867121E+01	
1321	4.197390E+03	3.063801E+04	2.407120E+04	
1322	-1.742471E+03	-4.467253E+03	8.155878E+03	
1323	2.478749E+03	-9.265828E+02	-2.140616E+03	
1324	-2.294822E+03	2.303749E+03	-9.332044E+02	
1325	-3.931562E+02	1.367941E+03	-3.412806E+02	
1326	3.434835E+04	1.236118E+05	4.232753E+04	
1327	-6.789634E+03	1.876302E+04	3.917892E+03	
1328	-2.727228E+03	1.494103E+03	-2.099588E+03	
1329	-5.320701E+02	-2.192355E+02	-6.243587E+02	
1330	1.611714E+02	-7.915393E+02	-1.007507E+02	
1331	2.129186E+02	-9.447763E+02	-1.677428E+02	
1332	-1.833424E+03	1.593514E+03	-1.142883E+03	
1333	-4.106238E+03	2.361686E+03	9.082586E+02	
1334	1.298571E+03	3.018342E+02	-3.075266E+02	
1335	-1.285387E+04	1.460694E+04	1.869871E+03	
1336	-3.095431E+04	1.001710E+05	1.269249E+04	
1337	1.825651E+03	-2.221401E+03	1.314314E+04	
1338	-1.832438E+03	3.988826E+03	-3.852083E+03	
1339	1.296116E+04	3.368604E+04	2.671482E+04	
1340	1.423309E+03	-5.467813E+03	2.743050E+03	
1341	-2.290892E+02	-1.166400E+03	-5.275552E+02	
1342	2.720097E+02	-4.595042E+03	3.747128E+03	
1343	6.925760E+02	2.735970E+03	-1.788690E+03	
1344	1.220714E+03	-3.188492E+03	3.650293E+03	
1345	2.813715E+00	-8.843869E+03	-1.032848E+03	
1346	-1.595154E+03	-1.630841E+04	1.255712E+04	
1347	2.027006E+02	5.379396E+02	-1.633993E+03	
1348	-2.110664E+04	1.098954E+05	-2.317045E+04	
1349	1.674063E+03	-2.982604E+03	3.407261E+03	
1350	-1.746305E+03	-6.388081E+01	-2.421904E+02	
1351	1.438468E+02	1.624805E+03	3.167871E+02	
1352	1.264158E+03	1.485770E+05	-5.582649E+03	
1353	1.391737E+03	2.876348E+02	-9.494405E+02	
1354	-5.991810E+02	-2.757224E+03	3.723028E+02	
1355	-9.758072E+03	1.451849E+04	-2.818440E+04	
1356	3.123756E+02	-7.023201E+02	-3.323263E+01	
1357	2.436330E+03	3.279700E+03	1.871180E+03	
1358	-4.010570E+03	-5.044461E+03	3.928558E+03	
1359	2.231764E+04	3.140345E+03	6.268225E+03	
1360	3.593192E+02	2.645051E+03	1.362019E+03	
1361	1.984768E+03	-6.086898E+03	8.362664E+02	
1362	8.355244E+04	5.342149E+04	3.745824E+04	
1363	-1.106954E+04	-3.246332E+04	-4.102996E+04	
1364	4.175406E+02	2.630339E+03	-1.592636E+03	
1365	1.118748E+03	-8.405874E+03	3.226139E+03	
1366	-6.502841E+03	-2.259720E+04	-1.064199E+04	
1367	-4.078751E+02	1.333537E+03	-1.007905E+04	
1368	-3.610067E+03	-1.546478E+04	-2.506987E+04	
1369	1.895327E+03	-5.880786E+00	2.596814E+02	
1370	-2.015413E+03	-3.942451E+04	-2.900223E+04	
1371	-1.907220E+03	9.973563E+03	-2.479084E+04	
1372	1.754733E+03	3.030928E+02	-6.845485E+01	
1373	1.224352E+03	1.987919E+03	4.465923E+02	
1374	1.458574E+04	1.193551E+04	2.229337E+04	
1375	-1.734512E+04	3.467468E+04	-1.920920E+04	
1376	-1.773245E+03	-2.737482E+03	-3.466275E+03	
1377	-2.076145E+02	-1.949753E+03	3.567129E+01	
1378	7.654713E+03	-2.261623E+04	-5.871563E+03	
1379	-5.234610E+02	-1.262757E+04	7.034455E+03	
1380	2.974604E+02	-9.496737E+02	-4.619344E+02	
1381	1.299859E+03	3.810843E+02	-2.971645E+02	
1382	4.364023E+03	-1.917028E+03	9.658235E+03	
1383	-6.635296E+03	5.799788E+04	5.179353E+03	
1384	-2.543542E+03	-9.564359E+03	6.710793E+03	
1385	-4.541669E+01	-1.167269E+03	-5.827058E-01	
1386	-2.773615E+03	7.542103E+04	1.252821E+04	
1387	-3.163718E+03	-1.401371E+04	5.623852E+03	
1388	1.514108E+03	3.603940E+02	-1.463121E+02	
1389	1.403808E+03	4.229097E+02	-9.067921E+01	
1390	1.449574E+03	3.065506E+02	-6.893504E+01	
1391	-1.896837E+04	3.124702E+04	-9.641407E+03	
1392	4.351411E+03	-7.948551E+04	-5.031044E+04	
1393	-1.556234E+04	-1.121983E+04	4.262958E+04	
1394	2.793604E+03	1.991861E+05	-2.597335E+04	
1395	6.066100E+03	2.222975E+04	2.233891E+04	
1396	-3.340381E+03	-5.842337E+03	-8.390064E+03	
1397	-2.166310E+04	-8.912133E+04	-5.100220E+04	
1398	1.315684E+03	5.011531E+02	-1.868501E+02	
1399	1.244457E+03	8.581638E+02	-5.294065E+02	
1400	-1.957348E+03	1.452602E+03	-1.482429E+03	
1401	2.131637E+04	-1.881849E+04	1.502508E+04	
1402	-9.300986E+03	6.173332E+04	8.867259E+03	
1403	3.013270E+03	-2.376035E+04	-2.716186E+04	
1404	-6.172977E+03	1.006658E+04	3.091199E+03	
1405	2.395438E+04	2.155226E+05	2.881406E+04	
1406	-1.780966E+03	2.642114E+03	-1.440490E+03	
1407	-3.227478E+02	-2.046195E+03	-2.098540E+01	
1408	3.270657E+03	3.012376E+03	1.814023E+03	
1409	-1.264515E+04	-3.873249E+04	-1.617712E+04	
1410	4.184379E+03	-6.505438E+03	-1.456725E+04	
1411	-9.726998E+00	-1.567281E+03	-2.042845E+02	
1412	8.316896E+02	2.061503E+03	1.241643E+02	
1413	1.407081E+02	-1.055586E+03	-4.636898E+02	
1414	1.468502E+03	3.433952E+02	-2.253943E+02	
1415	2.377411E+03	3.497002E+02	-1.218910E+02	
1416	7.889411E+02	-1.916981E+03	-2.917797E+03	
1417	-3.753836E+03	-4.314751E+02	3.161798E+03	
1418	-3.626189E+03	-1.480482E+02	-4.509934E+03	
1419	-6.856870E+03	2.901871E+03	4.522531E+03	
1420	-9.735526E+03	2.391677E+04	-7.051647E+03	
1421	-1.698708E+03	3.641041E+03	-5.659685E+03	
1422	-4.277356E+03	-6.018089E+03	-1.199154E+04	
1423	-8.712922E+03	7.148911E+03	-1.292841E+04	
1424	9.192041E+01	-1.306995E+03	-3.148756E+02	
1425	1.324944E+04	-2.495467E+04	7.472094E+03	
1426	-1.893856E+03	-5.693030E+03	-7.364223E+03	
1427	1.855410E+03	3.533686E+03	1.374655E+02	
1428	1.265456E+03	2.620347E+02	-1.524217E+02	
1429	-7.083718E+03	1.870787E+03	2.934505E+03	
1430	-7.432757E+03	-2.778156E+04	-1.167588E+04	
1431	1.263713E+04	-2.076150E+04	-2.106633E+03	
1432	5.476266E+02	2.871052E+03	-1.512821E+03	
1433	1.305162E+03	2.737526E+02	-2.448165E+02	
1434	-4.707816E+03	2.951971E+03	3.223075E+03	
1435	1.655990E+03	2.316550E+03	2.528041E+02	
1436	-1.434297E+03	-1.989565E+03	3.486822E+03	
1437	2.934952E+03	-2.961628E+04	1.802945E+03	
1438	6.145498E+03	5.269522E+03	3.836921E+03	
1439	9.883011E+03	-1.317844E+04	6.981722E+02	
1440	2.473679E+02	-1.116094E+03	-3.659498E+02	
1441	-5.361342E+02	6.767996E+02	-4.867647E+03	
1442	-2.954201E+04	-1.208638E+05	-3.235314E+04	
1443	2.080930E+03	-1.997209E+04	-2.183473E+03	
1444	2.234966E+03	2.425852E+03	6.660732E+02	
1445	-2.123361E+03	8.051700E+02	8.312957E+02	
1446	2.768559E+01	2.980200E+03	1.715238E+03	
1447	-2.681352E+03	8.415976E+03	3.968141E+03	
1448	4.030049E+02	6.146486E+02	4.916094E+02	
1449	4.406922E+02	8.307677E+01	7.672377E+01	
1450	4.823728E+03	-2.678448E+03	9.836660E+02	
1451	2.163245E+03	2.744569E+03	-1.989366E+03	
1452	-4.086469E+02	-2.814774E+03	-3.018590E+02	
1453	-9.054915E+02	-1.533655E+02	1.450740E+02	
1454	2.925913E+03	3.065058E+03	-2.345235E+03	
1455	1.138668E+04	-4.417979E+04	-3.174345E+04	
1456	-6.449097E+04	3.715138E+03	-7.721151E+03	
1457	-7.234464E+02	-1.671947E+02	-3.060262E+03	
1458	-1.329531E+03	-8.498409E+02	-3.117721E+02	
1459	-1.047101E+03	-5.804589E+02	-1.885064E+02	
1460	-4.571311E+04	2.008699E+03	4.694294E+03	
1461	-4.062312E+04	3.484838E+04	2.791850E+03	
1462	-2.045358E+03	1.997527E+04	5.589768E+04	
1463	-4.301181E+02	1.820687E+03	-1.265422E+03	
1464	-3.897699E+04	-1.141352E+04	6.168949E+04	
1465	-9.186806E+04	2.108862E+04	5.280390E+04	
1466	3.372584E+04	-4.923741E+03	-4.318777E+04	
1467	-1.351798E+03	-4.508335E+02	4.866781E+02	
1468	1.393718E+03	1.059725E+03	-2.558546E+03	
1469	-1.124466E+03	-1.029038E+02	6.348511E+01	
1470	2.641159E+04	-2.056009E+04	2.999183E+04	
1471	8.058177E+03	-6.457120E+01	2.193957E+03	
1472	-7.308702E+03	-1.954939E+04	-6.531047E+03	
1473	-4.955931E+04	-2.581691E+04	7.027593E+04	
1474	6.186581E+03	1.624461E+04	2.374139E+04	
1475	-4.462471E+03	7.589771E+03	4.620389E+03	
1476	-2.235963E+03	-8.343056E+02	4.309362E+02	
1477	-1.053484E+03	-5.954906E+01	4.524609E+01	
1478	-6.712792E+01	-3.928357E+02	6.150366E+01	
1479	-5.808470E+03	4.957249E+02	1.754945E+02	
1480	2.231206E+01	2.255792E+03	-1.543318E+03	
1481	-7.721036E+02	-1.788095E+03	-4.883249E+02	
1482	2.258682E+03	6.742671E+02	-1.416438E+03	
1483	-6.465158E+01	-3.530064E+02	5.293182E+01	
1484	1.081285E+05	2.694744E+03	2.762176E+04	
1485	-1.555860E+03	7.274591E+02	-5.402386E+03	
1486	-4.861690E+02	-4.082854E+02	-1.143092E+02	
1487	9.618727E+03	-4.729309E+02	1.092948E+04	
1488	-1.190833E+03	-1.840492E+02	2.236076E+02	
1489	-1.001555E+03	-3.562669E+02	3.148065E+02	
1490	1.444006E+03	2.088061E+02	2.275355E+01	
1491	-3.293766E+03	2.813945E+03	-8.314917E+02	
1492	-1.683708E+04	1.442168E+04	3.839935E+03	
1493	-2.433764E+03	-1.717723E+04	-8.874098E+03	
1494	-7.257815E+03	4.045106E+02	2.201122E+03	
1495	-1.423847E+03	-2.644078E+02	-1.303391E+03	
1496	5.891053E+04	-1.094966E+05	-1.687373E+05	
1497	-4.626542E+02	-2.260803E+03	-8.125845E+02	
1498	-9.621877E+02	1.863363E+03	-1.806162E+03	
1499	6.441177E+03	2.519697E+03	-2.577478E+03	
1500	-6.677984E+02	-2.100793E+02	2.199060E+02	
1501	-2.782588E+05	-1.000523E+05	-5.802985E+04	
1502	1.099736E+05	-2.217048E+04	-4.357640E+04	
1503	3.591141E+03	4.635837E+02	-5.224159E+02	
1504	1.525309E+03	-1.550906E+03	-3.426140E+03	
1505	-1.158145E+04	8.099188E+03	9.838451E+01	
1506	2.501147E+03	-4.890421E+03	-8.551695E+03	
1507	1.621121E+02	-2.214136E+02	-1.194513E+03	
1508	-5.297104E+02	-4.915848E+02	-1.410398E+02	
1509	-1.738972E+03	1.387022E+03	-1.851862E+03	
1510	1.072872E+04	3.647726E+02	-1.271204E+03	
1511	1.812547E+03	6.725847E+02	-3.070995E+03	
1512	-8.353237E+00	6.557354E+02	-1.618660E+03	
1513	-9.151269E+02	-3.831538E+01	2.255404E+01	
1514	4.686127E+04	2.214508E+04	4.701294E+04	
1515	4.381776E+03	-2.026480E+03	2.977312E+03	
1516	1.938740E+03	1.060284E+03	-2.453719E+03	
1517	6.682560E+03	-7.239611E+03	1.309115E+04	
1518	1.160568E+04	7.757987E+03	-7.656972E+03	
1519	8.299528E+03	1.902191E+03	5.821361E+03	
1520	-2.410166E+03	-3.016752E+03	-6.565693E+03	
1521	-1.142807E+04	3.172785E+04	1.388300E+03	
1522	-1.481408E+03	-2.685128E+02	1.806894E+01	
1523	4.968876E+03	-2.476618E+03	-4.778098E+03	
1524	8.824722E+04	-2.497342E+04	-2.289038E+04	
1525	2.564508E+05	1.238501E+05	8.923916E+04	
1526	3.297142E+02	7.685581E+02	-1.209316E+03	
1527	2.447722E+04	7.790739E+03	2.020909E+04	
1528	9.987591E+02	4.540335E+01	1.953710E+01	
1529	-9.509438E+01	2.019508E+03	-1.660666E+03	
1530	3.450052E+03	-4.978319E+03	-4.087437E+03	
1531	-1.841349E+03	-4.634731E+02	2.082975E+02	
1532	-5.679772E+03	-1.371225E+03	-8.402381E+02	
1533	2.587806E+02	9.915639E+01	-1.857232E+02	
1534	-2.320561E+03	-1.095115E+02	1.966624E+01	
1535	-3.573046E+03	2.127135E+03	1.496607E+03	
1536	1.345399E+04	-2.002315E+03	6.609864E+03	
1537	2.449733E+03	1.761459E+03	-2.197979E+03	
1538	-7.547482E+02	-5.022796E+03	1.022715E+04	
1539	-3.298853E+02	1.361260E+03	-6.467321E+02	
1540	8.056749E+03	-3.031929E+03	-1.200157E+03	
1541	3.236698E+04	1.997628E+04	-1.874395E+04	
1542	-3.158922E+04	-3.478058E+04	-5.740015E+04	
1543	-1.858723E+04	2.986874E+03	-4.712427E+03	
1544	7.458834E+04	2.086954E+04	-1.908974E+04	
1545	-1.408676E+03	-4.868594E+03	-1.085958E+03	
1546	4.854699E+03	2.878746E+02	9.747125E+03	
1547	-2.626716E+04	2.022644E+04	-4.063759E+03	
1548	-6.428715E+02	-1.845311E+02	2.467690E+02	
1549	-2.668407E+04	2.741700E+03	-1.491701E+03	
1550	2.111613E+03	-3.398863E+03	-6.469559E+03	
1551	-2.401891E+03	2.191587E+03	-5.174747E+02	
1552	-3.942630E+03	5.866635E+03	4.377298E+03	
1553	1.057813E+04	-3.748207E+03	1.020210E+04	
1554	2.776879E+03	-4.663160E+02	2.283477E+03	
1555	-1.968488E+03	5.279760E+02	-1.533979E+03	
1556	-4.070320E+04	-1.497703E+04	3.827472E+04	
1557	-1.353923E+04	6.193927E+02	1.127542E+04	
1558	7.376195E+03	-1.245534E+03	4.012130E+02	
1559	2.640033E+04	-6.735516E+03	5.552377E+02	
1560	-1.130432E+03	2.027477E+02	3.741292E+03	
1561	-5.732729E+01	-7.310722E+02	-2.790101E+01	
1562	1.300033E+03	-9.349417E+02	3.443007E+02	
1563	-1.099503E+04	6.240531E+03	-6.639693E+04	
1564	-1.024082E+03	-7.573064E+02	-4.204702E+02	
1565	-2.024780E+03	2.618801E+03	8.195766E+03	
1566	-4.955421E+02	-5.417290E+02	3.820782E+02	
1567	6.042596E+03	-5.160665E+03	-3.423431E+02	
1568	-9.436018E+02	-2.025637E+00	3.913258E+01	
1569	1.858836E+04	-1.634655E+03	1.154426E+04	
1570	-1.857331E+02	-4.389308E+02	-2.675188E+02	
1571	4.941892E+03	-2.023022E+03	9.468934E+01	
1572	-2.054917E+03	4.121976E+02	-1.912861E+03	
1573	-1.754451E+03	5.007926E+02	-3.387803E+02	
1574	3.956249E+03	8.477386E+02	-2.196829E+03	
1575	-6.222317E+02	-2.324049E+02	2.037005E+02	
1576	-2.788870E+03	-7.449978E+02	2.470098E+02	
1577	3.963096E+05	9.151830E+04	-1.917438E+05	
1578	1.511451E+03	9.415582E+02	-2.401178E+03	
1579	-6.568026E+01	-4.739795E+02	2.200280E+01	
1580	-2.449565E+03	-7.961207E+02	5.676591E+01	
1581	-7.317534E+01	-4.178377E+02	6.752390E+01	
1582	-1.192631E+02	4.396816E+01	-3.520886E+01	
1583	-6.866487E+02	-2.730951E+02	1.706066E+02	
1584	-3.882662E+03	-4.837496E+02	2.376883E+03	
1585	-2.311557E+05	-4.233339E+04	1.007611E+04	
1586	6.718408E+03	7.959639E+03	2.652701E+04	
1587	-1.571248E+03	-1.102593E+03	-1.856005E+02	
1588	-2.991061E+05	-2.038735E+05	3.184746E+04	
1589	-8.540925E+02	-3.000273E+02	3.139991E+02	
1590	-1.188621E+04	3.369471E+03	-1.470540E+03	
1591	1.076498E+05	2.462743E+05	1.479185E+05	
1592	-3.811635E+02	-3.328676E+02	2.491803E+02	
1593	6.125575E+03	3.370828E+03	-3.282957E+03	
1594	-1.703436E+05	-1.189439E+05	8.448130E+04	
1595	2.825292E+03	5.010708E+02	6.440513E+03	
1596	5.856361E+04	-5.931158E+04	-4.290372E+03	
1597	-1.302830E+03	-3.105806E+02	2.757367E+02	
1598	-1.023327E+02	-7.123063E+02	-2.240865E+03	
1599	-4.343034E+02	-1.621792E+02	1.253247E+02	
1600	-1.970728E+04	2.005928E+04	2.826446E+04	
1601	-1.069188E+02	-2.022987E+02	7.016977E+01	
1602	5.458398E+03	1.987469E+03	3.600117E+03	
1603	-6.437344E+03	4.140798E+03	-3.674395E+03	
1604	-3.988508E+03	1.982687E+03	-6.610843E+03	
1605	-6.833761E+02	-5.696516E+02	-2.669396E+01	
1606	-6.579869E+02	1.856659E+01	-7.070922E+01	
1607	-1.306272E+05	-1.069650E+05	-6.281762E+04	
1608	5.330100E+02	1.723229E+03	-6.351580E+02	
1609	-1.858550E+02	-3.123886E+01	-9.413987E+01	
1610	-2.014522E+03	-1.027698E+03	-3.211079E+02	
1611	2.924964E+02	2.337935E+03	-1.789851E+03	
1612	-1.634451E+03	-1.014044E+03	-2.785847E+02	
1613	-6.805598E+02	-2.639790E+02	9.749815E+01	
1614	4.612059E+03	2.314095E+03	-2.702036E+03	
1615	-3.513753E+03	-3.918605E+03	-3.772149E+03	
1616	-5.822807E+01	-3.391219E+02	5.455280E+01	
1617	-8.164796E+01	5.887481E+01	-5.750729E+01	
1618	3.897613E+03	3.037859E+03	-2.829144E+03	
1619	9.197966E+03	-1.757098E+04	-6.939716E+03	
1620	8.447769E+03	-4.577465E+03	3.946390E+03	
1621	3.656882E+03	2.818363E+03	-2.765498E+03	
1622	-7.612238E+02	4.871284E+02	-8.481128E+02	
1623	1.977895E+03	3.687531E+03	2.308754E+03	
1624	4.021232E+03	1.720850E+02	5.390353E+02	
1625	-6.528647E+02	-8.261734E+02	-3.420632E+02	
1626	-2.165623E+02	-5.787006E+02	-7.469574E+01	
1627	-2.280213E+02	-2.220608E+02	-2.779993E+01	
1628	7.687216E+02	4.771924E+02	-5.820547E+02	
1629	-2.826703E+04	-1.494524E+04	-1.805508E+04	
1630	3.608810E+03	-7.630809E+02	1.299772E+03	
1631	3.292907E+02	-1.179848E+03	-2.311257E+02	
1632	2.583300E+03	-4.753596E+02	6.849233E+02	
1633	-8.855504E+03	1.054406E+04	1.043928E+03	
1634	4.438786E+03	1.334615E+03	-2.180764E+03	
1635	-6.307045E+01	-4.796174E+02	2.308062E+01	
1636	4.204771E+03	9.009497E+02	-1.666001E+03	
1637	6.648113E+02	6.797714E+04	5.143202E+04	
1638	-2.175798E+03	-1.029162E+03	-4.576325E+01	
1639	3.961193E+04	-5.791818E+03	4.033751E+03	
1640	4.136368E+03	-3.945692E+03	5.334014E+03	
1641	-9.183241E+02	-1.220498E+02	2.157954E+02	
1642	3.671668E+03	-1.809028E+03	1.419163E+03	
1643	-1.946231E+05	-3.302748E+04	-2.848246E+04	
1644	-7.975229E+02	3.203448E+03	-1.696976E+04	
1645	1.399724E+04	1.024647E+04	1.375700E+04	
1646	4.137370E+03	2.585893E+03	-2.330018E+03	
1647	-1.468884E+03	-8.403081E+02	-1.567427E+02	
1648	-4.267388E+03	3.007160E+03	3.333148E+03	
1649	-3.068518E+02	-2.991767E+02	1.477722E+01	
1650	3.404091E+03	5.638556E+01	-2.553514E+03	
1651	-2.248558E+03	2.865218E+03	1.288977E+03	
1652	-6.572313E+02	-1.133627E+02	5.254436E+01	
1653	5.169362E+03	-1.081101E+03	-2.081688E+03	
1654	-3.433863E+03	-1.124527E+03	3.350702E+02	
1655	4.745097E+03	5.872341E+02	-6.574292E+02	
1656	3.372905E+04	-6.273237E+03	-3.339072E+03	
1657	-4.206096E+02	2.438440E+01	-5.169092E+01	
1658	-2.550914E+03	6.740992E+02	-2.276341E+03	
1659	-1.005073E+03	-9.853460E+02	-3.766721E+02	
1660	4.125764E+03	-2.461259E+03	-1.614849E+03	
1661	-1.152525E+02	5.013090E+03	3.976090E+02	
1662	1.112040E+04	-1.287847E+04	-2.163439E+04	
1663	6.898603E+02	-5.635611E+01	-7.354313E+02	
1664	-1.953901E+03	1.740056E+03	-1.202551E+03	
1665	-3.174807E+02	8.358977E+00	9.504233E+00	
1666	1.129209E+03	1.683468E+03	1.966660E+03	
1667	1.300109E+03	5.041163E+02	-1.375354E+03	
1668	2.765583E+03	4.645197E+02	-6.215771E+02	
1669	3.269847E+03	5.406821E+02	-1.007445E+03	
1670	-9.450863E+02	1.170323E+01	1.632009E+01	
1671	-2.714207E+04	-1.001160E+04	-2.187662E+04	
1672	-4.065740E+03	4.229886E+03	-3.453629E+03	
1673	8.245849E+01	6.282448E+02	-6.186322E+02	
1674	1.414392E+03	5.763992E+02	-8.178694E+02	
1675	-3.362212E+02	-4.281873E+02	3.027682E+02	
1676	1.682085E+05	6.105058E+04	1.370367E+05	
1677	2.918683E+03	1.750198E+03	-2.396580E+03	
1678	-8.736895E+01	-4.771028E+02	7.691162E+01	
1679	3.513174E+03	2.827184E+02	-4.114011E+02	
1680	-8.522163E+02	-8.827381E+01	9.016286E+01	
1681	9.054289E+04	-7.431707E+04	-1.181258E+05	
1682	8.691489E+02	1.256823E+03	-9.164117E+02	
1683	1.208817E+03	2.410968E+03	-2.153255E+03	
1684	3.915008E+03	3.054782E+02	-4.023998E+02	
1685	1.906601E+03	2.767768E+03	-1.915155E+03	
1686	1.192844E+04	-3.992109E+03	-2.858758E+03	
1687	-6.625207E+02	5.305080E+00	-5.155576E+01	
1688	2.096012E+03	2.457086E+03	-2.147197E+03	
1689	-2.816172E+02	-7.368135E+02	-5.385782E+01	
1690	4.611073E+03	2.784837E+03	-6.541798E+01	
1691	-1.759250E+03	1.484937E+03	-6.474222E+02	
1692	-7.488056E+03	1.110359E+04	-8.826393E+03	
1693	-9.207582E+02	1.778640E+03	-1.345055E+03	
1694	3.804116E+03	1.718506E+03	-2.375122E+03	
1695	-9.386125E+01	-3.030088E+02	1.234331E+02	
1696	-1.011680E+05	-1.615480E+05	-9.605196E+04	
1697	8.577885E+03	-2.746641E+03	4.184813E+03	
1698	1.729087E+03	7.046261E+02	-8.162539E+02	
1699	-7.984622E+01	1.744857E+03	-1.954672E+03	
1700	-3.594123E+02	-3.877834E+02	1.859506E+02	
1701	-9.603715E+02	2.628552E+01	1.742002E+01	
1702	-3.846966E+04	-2.370638E+04	-1.306614E+05	
1703	-3.475782E+03	1.029276E+03	-1.013270E+03	
1704	1.266299E+04	9.311965E+02	-2.981917E+03	
1705	-1.460083E+03	7.969439E+02	5.366249E+03	
1706	-1.521348E+04	-2.311182E+04	-3.770845E+04	
1707	-9.276803E+02	-1.037258E+02	1.759149E+02	
1708	-9.329760E+02	-7.657393E+02	5.743094E+02	
1709	3.116367E+03	1.631674E+02	-5.879870E+02	
1710	7.568639E+03	-3.468693E+03	3.483887E+03	
1711	3.366619E+03	8.161692E+02	-1.928810E+03	
1712	2.676073E+03	3.918705E+02	-1.090436E+03	
1713	3.890460E+03	2.070437E+02	-2.425574E+02	
1714	4.692331E+03	1.130280E+03	-2.208172E+03	
1715	-8.584083E+01	-5.406679E+02	2.848427E+01	
1716	1.490428E+03	2.182816E+02	-1.894397E+03	
1717	-2.280538E+03	-2.950382E+03	3.192286E+03	
1718	-6.348156E+04	2.642211E+03	1.457130E+04	
1719	2.296886E+04	1.801189E+03	-4.564016E+03	
1720	4.520214E+03	1.872321E+02	-8.970515E+02	
1721	-3.336043E+02	-2.349793E+03	-6.932280E+02	
1722	-2.333628E+03	-1.802012E+03	-3.232219E+03	
1723	2.061540E+05	-1.519316E+04	-5.676537E+04	
1724	-9.298675E+03	2.059197E+03	-2.398740E+03	
1725	2.231556E+04	-1.505609E+04	2.589831E+04	
1726	4.447710E+03	-4.592578E+03	-1.974851E+03	
1727	-2.063187E+03	-7.896065E+02	4.109768E+02	
1728	5.813188E+02	1.781856E+03	-2.270177E+03	
1729	-1.373642E+03	-5.805185E+03	-3.667547E+03	
1730	3.827264E+03	-3.062659E+03	4.855735E+03	
1731	-6.483755E+04	2.470327E+04	7.052880E+03	
1732	-1.006104E+03	-4.601520E+01	4.983061E+01	
1733	-2.588171E+04	1.546466E+04	5.165433E+04	
1734	-4.652456E+03	-9.411457E+03	-5.048457E+03	
1735	-4.976428E+01	2.574769E+03	-1.439977E+02	
1736	3.473304E+03	1.912216E+02	3.491595E+02	
1737	7.576290E+04	1.785192E+04	7.394654E+04	
1738	2.698158E+04	9.563751E+02	1.334459E+03	
1739	6.201304E+03	-6.179679E+03	-2.952499E+03	
1740	-1.003630E+03	-2.429643E+01	8.352415E+01	
1741	-8.613526E+01	-3.198123E+02	5.335575E+01	
1742	-1.011360E+03	-2.225489E+01	-2.400912E+01	
1743	-8.724800E+01	-3.421581E+02	2.425525E+01	
1744	2.917769E+02	-1.315103E+02	-1.460632E+02	
1745	1.069983E+02	-2.074098E+02	-3.479677E+01	
1746	-2.408163E+04	9.102350E+03	7.648157E+03	
1747	-1.179892E+04	-2.741933E+03	-8.720142E+03	
1748	2.194717E+03	5.737481E+02	7.115545E+02	
1749	-1.168548E+03	-4.231707E+02	3.991429E+02	
1750	1.145054E+04	-5.359862E+04	-8.298206E+04	
1751	7.322242E+03	-1.108500E+04	-1.728630E+04	
1752	-7.496835E+04	-4.117787E+03	3.486350E+04	
1753	1.083961E+03	2.460734E+03	-1.845971E+03	
1754	-8.625110E+03	9.555879E+01	-4.623887E+03	
1755	-6.571427E+02	-5.552378E+03	-1.523027E+03	
1756	-1.419319E+03	6.708691E+02	-1.953150E+03	
1757	-8.695599E+01	-4.840608E+02	7.945673E+01	
1758	-6.201258E+02	4.726731E+01	9.656260E+00	
1759	-1.598315E+02	-6.897631E+02	-1.314653E+02	
1760	-4.747063E+02	-3.005785E+02	8.719325E+01	
1761	-7.876033E+02	-8.756408E+01	9.037238E+01	
1762	3.259355E+03	2.822824E+03	-2.244346E+03	
1763	6.582880E+03	3.297373E+03	-3.334839E+03	
1764	-3.980087E+02	-2.004848E+03	-3.124156E+02	
1765	3.237737E+03	2.593488E+03	-2.241477E+03	
1766	4.306886E+03	1.838267E+03	-2.019667E+03	
1767	1.819930E+03	-5.096195E+02	-1.075702E+03	
1768	6.466632E+03	-1.928492E+03	-2.860275E+03	
1769	-4.699052E+02	-8.926910E+02	-2.771333E+02	
1770	-5.339355E+03	-1.762094E+03	4.260380E+03	
1771	5.999818E+01	-1.594102E+01	-6.232933E+00	
1772	1.659926E+04	-5.662701E+03	-3.768198E+03	
1773	-1.075928E+03	-1.777654E+02	2.006716E+02	
1774	-1.030998E+04	9.393256E+02	-1.927541E+03	
1775	4.163623E+03	-6.729606E+02	-9.581931E+02	
1776	-7.845836E+03	4.722928E+03	-6.329413E+02	
1777	-4.245845E+03	5.532674E+04	2.805415E+04	
1778	5.504109E+02	2.011684E+03	-2.141472E+03	
1779	2.428933E+03	-3.751478E+02	-2.628318E+03	
1780	-1.205471E+03	-2.877664E+02	-3.289983E+01	
1781	-3.607346E+03	4.905571E+02	1.734138E+01	
1782	1.081326E+02	1.568375E+03	-2.539735E+03	
1783	6.449798E+03	-1.210999E+03	-1.261275E+03	
1784	-6.798517E+02	-4.825988E+02	3.578411E+02	
1785	3.520356E+03	3.368800E+03	-2.648630E+03	
1786	1.135161E+03	1.642838E+03	6.996352E+02	
1787	-2.029987E+03	1.425432E+03	-5.738578E+02	
1788	5.707736E+02	3.058483E+02	-1.350987E+02	
1789	-1.002436E+03	-5.079738E+01	6.945214E+01	
1790	-1.777243E+05	-2.198298E+05	-6.340054E+04	
1791	-3.411048E+02	-3.220195E+02	1.555000E+02	
1792	-8.151789E+02	-6.506391E+02	-2.248320E+02	
1793	4.419994E+03	5.326527E+03	1.777922E+04	
1794	-5.909230E+02	-3.214380E+03	4.215930E+03	
1795	-3.415262E+02	1.329487E+03	-3.588254E+03	
1796	-3.612726E+02	-4.155390E+03	1.544045E+04	
1797	-1.546042E+04	-4.931639E+03	-1.311593E+04	
1798	6.204475E+03	-1.120169E+03	6.989777E+03	
1799	3.572172E+03	2.195130E+02	-2.585015E+02	
1800	-3.321374E+03	-1.838358E+03	6.357873E+02	
1801	-1.477399E+04	-6.881273E+03	-8.086533E+03	
1802	2.930598E+03	4.368521E+02	-2.333333E+03	
1803	-1.630732E+05	-9.696663E+03	-3.461726E+04	
1804	2.873463E+03	-1.570420E+03	-2.595708E+03	
1805	-1.117644E+03	-1.861406E+02	-8.366025E+01	
1806	3.043645E+03	-3.405339E+03	-2.982489E+03	
1807	-1.185241E+02	-6.124676E+02	2.665250E+01	
1808	-5.211703E+01	-2.839384E+02	4.096610E+01	
1809	2.439478E+04	1.479321E+04	-1.497064E+04	
1810	-1.143996E+04	1.130691E+03	1.070855E+03	
1811	4.018781E+04	2.614272E+03	8.310275E+04	
1812	-1.155468E+03	-1.081274E+02	1.164912E+02	
1813	-3.206585E+03	5.757426E+02	1.877245E+03	
1814	-1.646454E+04	-3.746750E+02	1.344187E+04	
1815	4.698705E+03	-2.692680E+03	-2.217092E+02	
1816	-1.036087E+02	-5.797701E+02	2.072065E+01	
1817	-1.612685E+05	-1.723537E+04	-3.357411E+04	
1818	1.106277E+03	1.796696E+03	-2.114753E+03	
1819	2.118074E+04	4.592893E+03	-3.575551E+03	
1820	-5.144343E+04	6.313662E+04	1.170088E+04	
1821	-1.629153E+03	1.981696E+03	-1.739227E+03	
1822	-4.522812E+02	-1.296180E+02	-1.221921E+02	
1823	-1.575353E+03	-1.705983E+03	-4.172231E+03	
1824	-1.364610E+03	1.560564E+03	-1.264142E+03	
1825	4.474160E+02	5.062157E+02	-3.524971E+02	
1826	3.728511E+03	4.237333E+02	-3.282934E+02	
1827	-3.814946E+02	-2.554397E+02	7.273685E+01	
1828	6.994691E+04	9.389301E+04	8.735664E+04	
1829	-6.197177E+01	-4.381827E+02	2.921634E+01	
1830	-4.355121E+01	-4.184511E+02	1.820623E+01	
1831	-1.923563E+05	-1.091065E+04	1.052028E+04	
1832	-9.839156E+02	-3.445279E+02	3.967103E+02	
1833	-1.906698E+02	-3.528325E+02	4.616506E+00	
1834	-2.329138E+02	-7.287375E+02	-2.208004E+01	
1835	-8.791876E+02	-4.804333E+01	-2.546980E+01	
1836	5.994823E+03	-1.639566E+03	3.107231E+03	
1837	4.638772E+03	1.841811E+03	-2.279577E+03	
1838	-4.254703E+02	-7.859964E+02	-2.827002E+02	
1839	-4.596674E+03	1.784199E+03	-1.177914E+03	
1840	-4.512994E+02	3.428681E+01	-3.446003E+01	
1841	2.036759E+04	-1.259654E+04	2.428489E+04	
1842	3.059873E+03	6.893717E+02	9.742502E+00	
1843	-8.619014E+04	5.437376E+04	5.526406E+04	
1844	3.376370E+03	7.934677E+02	-5.825575E+02	
1845	6.088736E+04	1.105077E+04	3.554496E+04	
1846	4.780188E+03	-1.440537E+03	-2.994331E+02	
1847	9.821720E+02	1.701425E+03	-2.206279E+03	
1848	-4.300978E+02	5.831327E+01	-7.069339E+01	
1849	-1.199309E+02	-5.539597E+02	-1.897246E+03	
1850	-2.373254E+03	1.177258E+03	-7.074831E+02	
1851	-1.069207E+03	2.505064E+02	-1.051742E+03	
1852	2.164637E+03	1.212557E+02	-4.774967E+03	
1853	5.966215E+04	-3.445018E+04	-7.837796E+04	
1854	3.869229E+03	-1.722970E+02	-2.075957E+03	
1855	-4.746335E+02	-2.135527E+02	1.829035E+01	
1856	-4.177746E+02	-4.999501E+02	4.415198E+02	
1857	-4.814393E+02	-3.080554E+03	-4.678355E+02	
1858	-3.355723E+03	-1.133880E+04	-2.498896E+03	
1859	-1.098762E+05	-2.047117E+03	2.754884E+04	
1860	1.278632E+04	-1.357753E+04	2.416175E+03	
1861	-4.416130E+03	-9.296370E+02	-4.682793E+03	
1862	-8.344035E+04	3.089902E+04	9.429120E+03	
1863	-6.525211E+02	-1.860756E+02	-9.443585E+01	
1864	4.142406E+05	1.033997E+05	8.826285E+04	
1865	1.269549E+04	1.983780E+03	-2.581387E+03	
1866	-4.718543E+01	-3.967179E+02	8.283784E+00	
1867	-4.543537E+04	-1.979137E+04	-2.431258E+04	
1868	-2.319960E+02	-3.353465E+02	5.432514E+01	
1869	-2.085217E+04	-5.488713E+03	2.218229E+04	
1870	7.889005E+02	-3.632648E+03	-4.752797E+03	
1871	1.436891E+05	4.452335E+04	7.134624E+04	
1872	-4.022809E+01	-2.099538E+02	3.482222E+01	
1873	-1.950931E+02	-1.832148E+02	-1.277015E+02	
1874	-2.554321E+03	1.962915E+03	-1.497407E+03	
1875	-9.543154E+01	-3.265560E+02	2.743694E+01	
1876	-1.048430E+03	-5.928660E+02	-2.219735E+02	
1877	-2.558322E+02	-8.700149E+02	-2.379193E+02	
1878	-2.193917E+03	2.172281E+03	-2.460009E+03	
1879	3.387022E+04	-3.853143E+04	-5.458836E+03	
1880	-3.363341E+03	-6.280749E+01	-3.171060E+03	
1881	3.743248E+03	1.337207E+03	-1.974692E+03	
1882	3.084057E+03	2.697309E+03	-2.339874E+03	
1883	4.742562E+03	-6.622995E+02	-4.958549E+01	
1884	-3.259491E+03	6.823448E+03	-3.953067E+04	
1885	1.102648E+03	9.503762E+02	6.994571E+02	
1886	-7.483459E+04	2.811426E+04	-3.465901E+04	
1887	1.136420E+04	2.892495E+03	-3.201845E+03	
1888	3.226278E+03	2.540147E+03	-2.412838E+03	
1889	-2.471021E+02	-5.053063E+02	-7.677791E+01	
1890	4.063879E+02	2.522149E+02	-3.318392E+02	
1891	7.250598E+02	2.765769E+02	-1.434784E+03	
1892	8.427443E+02	-1.215540E+02	1.975672E+02	
1893	1.557253E+04	-5.272500E+03	-2.000924E+02	
1894	-2.227633E+05	3.385916E+04	1.522188E+05	
1895	-4.731562E+01	-4.056630E+02	8.809871E+00	
1896	-2.829059E+02	-3.131084E+02	1.355970E+02	
1897	-1.626642E+02	-6.477122E+02	-1.638170E+02	
1898	-8.766564E+02	-3.325609E+03	-9.969346E+02	
1899	-7.827575E+02	-1.533561E+02	2.687950E+01	
1900	-2.022087E+05	-1.031845E+05	-5.833265E+04	
1901	-3.122305E+04	-1.083445E+04	-3.122293E+04	
1902	5.820707E+03	-3.806194E+02	1.092972E+03	
1903	8.333113E+04	-1.222642E+04	5.445862E+03	
1904	3.573726E+04	-1.650907E+04	-2.146560E+04	
1905	-2.283411E+03	-1.422437E+03	5.259578E+03	
1906	7.282095E+04	2.756399E+04	-3.305757E+04	
1907	3.785419E+03	-5.820093E+02	-3.497687E+03	
1908	4.003979E+03	2.611018E+03	-2.357053E+03	
1909	3.393931E+03	-1.606127E+03	5.415168E+02	
1910	1.878832E+03	5.894175E+01	-1.193030E+03	
1911	-9.076531E+02	-7.603026E+01	-8.696153E+01	
1912	-5.248387E+01	-2.858072E+02	2.885080E+01	
1913	-1.068502E+05	-4.027233E+03	-5.213249E+04	
1914	-1.967545E+02	-2.692509E+02	-1.082567E+02	
1915	1.835853E+03	2.578631E+03	-2.288484E+03	
1916	-4.174977E+01	-3.901254E+02	2.994614E+01	
1917	2.221218E+03	-6.545559E+02	1.022327E+02	
1918	-2.668768E+03	-1.200743E+03	-3.859526E+02	
1919	-1.128177E+05	4.403548E+03	-7.263203E+03	
1920	-2.809939E+02	-3.283567E+02	7.593176E+01	
1921	-2.826438E+03	-1.933998E+02	2.872391E+01	
1922	-1.790278E+03	-1.059497E+03	2.835661E+01	
1923	3.338139E+03	1.604608E+03	-2.381818E+03	
1924	-8.081175E+02	-2.627982E+02	-1.192364E+02	
1925	-2.138344E+02	-5.917845E+02	-9.233566E+00	
1926	-1.308858E+05	-3.614597E+04	-8.642279E+04	
1927	3.355833E+04	-8.420920E+03	1.541365E+04	
1928	3.522340E+04	5.153443E+04	8.846455E+04	
1929	-2.754944E+03	-7.987069E+02	1.404171E+03	
1930	-1.633875E+02	-3.099539E+02	5.460717E+01	
1931	3.367825E+04	-1.719338E+04	-1.093002E+04	
1932	-2.184939E+03	7.189465E+02	5.670461E+02	
1933	-1.024052E+02	-5.543562E+02	9.140337E+01	
1934	3.536012E+03	-8.017379E+02	-3.224432E+02	
1935	-7.629682E+02	9.205792E+02	-2.444998E+03	
1936	-1.446965E+02	-3.049918E+02	9.759026E+01	
1937	-2.196100E+02	-2.862900E+02	1.369455E+02	
1938	-2.503312E+05	2.758511E+04	-3.188451E+04	
1939	-2.387906E+04	2.926695E+03	-1.546169E+04	
1940	-1.959989E+02	-2.920367E+02	7.865900E+01	
1941	4.090523E+04	-3.630889E+04	3.602524E+04	
1942	1.709712E+03	-5.380242E+01	-1.019959E+03	
1943	3.749789E+03	1.387326E+03	-1.069186E+03	
1944	2.697454E+03	4.218948E+02	-1.725623E+02	
1945	2.880242E+02	2.672765E+02	9.385534E+01	
1946	7.355982E+02	-9.421806E+02	-1.140215E+03	
1947	3.069316E+04	-8.356870E+04	-6.058776E+04	
1948	-8.190695E+02	5.467801E+01	1.251091E+01	
1949	3.667987E+03	-8.730326E+01	-1.025603E+03	
1950	6.742826E+02	2.264952E+02	-1.570972E+03	
1951	-1.642624E+04	1.907359E+03	3.585970E+03	
1952	-9.816283E+02	1.700154E+01	2.576553E+01	
1953	3.753393E+05	4.147695E+05	7.868501E+04	
1954	-1.279438E+05	-7.171220E+03	3.507391E+04	
1955	-1.252309E+03	5.337879E+03	1.811228E+03	
1956	-1.240779E+02	-5.897584E+02	8.228277E+01	
1957	-6.440756E+01	-2.658624E+02	6.111899E+01	
1958	-2.535000E+03	7.400499E+03	-3.625442E+01	
1959	-2.922951E+02	-5.092076E+02	-1.012310E+02	
1960	5.852116E+02	-4.295485E+02	4.261285E+03	
1961	-2.819344E+05	-3.117046E+05	-4.888958E+04	
1962	2.624876E+03	-2.081769E+03	5.001012E+03	
1963	-5.665060E+01	-1.760740E+02	2.308190E+01	
1964	5.084738E+03	-6.373257E+02	-1.259577E+03	
1965	-9.412102E+03	6.412191E+03	5.712300E+03	
1966	-4.025231E+03	-3.133027E+03	-3.171903E+03	
1967	4.417379E+03	7.981177E+03	6.319576E+03	
1968	-1.535576E+03	-4.151877E+02	4.494980E+01	
1969	7.776913E+03	-5.775099E+03	1.030540E+04	
1970	1.704670E+04	-2.069534E+04	2.927301E+03	
1971	-2.685632E+03	-1.900583E+03	-2.481606E+03	
1972	-4.114659E+01	-3.448512E+02	3.053914E+01	
1973	1.095932E+05	1.816628E+05	1.364306E+05	
1974	-5.446569E+01	-3.734340E+02	2.541384E+01	
1975	-9.335061E+02	3.925379E+01	-1.304211E+01	
1976	4.551319E+03	1.168231E+03	-1.568322E+03	
1977	-1.042827E+03	-9.217945E+02	8.627665E+02	
1978	7.965422E+02	1.230374E+03	-3.149943E+02	
1979	-2.370592E+02	-9.569907E+02	3.128387E+01	
1980	-2.633897E+02	-3.877741E+02	2.090262E+02	
1981	1.666757E+03	-1.535617E+02	-3.499498E+01	
1982	-8.842414E+01	-6.332138E+02	7.767483E+01	
1983	-1.841552E+04	7.113718E+03	-1.836357E+04	
1984	-9.939246E+02	-1.959774E+02	-5.633203E+01	
1985	-4.768336E+04	-6.430432E+03	-1.378237E+04	
1986	-5.478778E+01	-3.010076E+02	4.390098E+01	
1987	4.050864E+03	1.280465E+03	-1.334806E+03	
1988	-4.823089E+03	6.402653E+02	-1.600498E+03	
1989	3.391834E+03	8.308800E+02	-6.978660E+02	
1990	6.602455E+03	-3.929223E+03	1.856858E+03	
1991	2.026612E+03	1.018083E+02	-2.652268E+02	
1992	-7.772513E+02	-3.296826E+02	-1.080732E+02	
1993	2.337283E+05	1.163235E+05	-6.683496E+04	
1994	-9.210440E+04	3.435744E+04	4.012730E+04	
1995	-1.065781E+03	-3.164277E+03	-1.130473E+04	
1996	8.304117E+04	3.110040E+04	-1.190184E+04	
1997	2.742192E+04	-2.656254E+03	7.262068E+03	
1998	-1.722804E+03	-5.482140E+02	-1.208284E+02	
1999	7.005383E+03	-8.507458E+03	-7.281532E+03	
2000	-6.734939E+02	1.911332E+03	-1.020627E+04	
2001	5.364680E+03	-1.063839E+04	-5.790127E+03	
2002	-7.317428E+02	2.115184E+04	1.212967E+04	
2003	-7.325662E+03	5.926681E+03	2.922425E+03	
2004	-1.218184E+03	-1.625631E+02	-2.178642E+03	
2005	-8.341375E+02	3.180366E+01	-2.969077E+01	
2006	4.133443E+03	1.256317E+03	-1.558942E+03	
2007	3.906181E+03	-9.201790E+01	-1.879767E+03	
2008	-1.317728E+03	-3.416219E+02	-1.910781E+02	
2009	2.940629E+03	1.018003E+03	-2.574826E+03	
2010	-4.205158E+04	7.694195E+01	-1.095191E+04	
2011	-1.369736E+03	-5.795625E+02	-1.014362E+02	
2012	4.011514E+03	-1.345023E+02	-1.563046E+03	
2013	-7.052738E+01	-3.713428E+02	5.054191E+00	
2014	1.177253E+03	8.620754E+03	2.069651E+04	
2015	1.376761E+04	-3.044359E+03	1.275373E+04	
2016	3.153473E+03	7.967414E+02	-6.301319E+02	
2017	1.710151E+03	1.902747E+03	-2.331281E+03	
2018	4.456171E+03	2.799339E+03	-2.916423E+03	
2019	2.761572E+05	7.582608E+04	5.949486E+04	
2020	1.040976E+04	-3.253868E+03	3.101450E+02	
2021	5.139118E+03	4.361541E+03	-3.324653E+03	
2022	-3.160267E+03	3.840778E+02	8.254934E+02	
2023	4.461260E+00	-5.170516E+02	1.537837E+01	
2024	-8.263091E+02	3.701698E+01	-8.562179E+00	
2025	-1.767317E+03	1.303454E+03	-1.098093E+03	
2026	3.393538E+03	8.330963E+02	-2.150254E+03	
2027	-5.204060E+01	-2.574776E+02	5.750974E+01	
2028	7.275450E+03	-8.818035E+03	-9.494264E+02	
2029	8.246712E+04	-8.273602E+04	4.761733E+04	
2030	-4.781903E+02	1.228217E+03	4.138286E+03	
2031	3.775554E+03	1.958297E+02	-8.445288E+02	
2032	4.566013E+03	1.272198E+04	1.400559E+04	
2033	3.503868E+01	8.608351E+02	6.625593E+03	
2034	-1.012038E+03	-7.614060E+02	-3.654996E+02	
2035	-5.670700E+02	-3.990671E+03	7.305411E+03	
2036	1.406515E+03	2.631209E+03	-2.184388E+03	
2037	2.482776E+03	-1.705703E+03	4.713597E+03	
2038	-9.415871E+03	7.253274E+02	3.749578E+03	
2039	4.245440E+03	-2.905059E+03	2.087079E+04	
2040	2.179558E+03	1.749942E+03	-2.271765E+03	
2041	1.449381E+05	-5.774889E+04	-4.947921E+03	
2042	1.791730E+03	-3.457805E+03	3.478767E+03	
2043	-2.237629E+03	-7.362239E+02	-9.457030E+00	
2044	4.159694E+03	3.692618E+02	-3.289269E+02	
2045	1.794926E+05	-9.203355E+03	1.013214E+04	
2046	-2.333623E+03	-1.567902E+03	1.102911E+03	
2047	1.223125E+02	1.125245E+02	-1.585379E+02	
2048	6.723560E+02	-1.068148E+04	-3.038791E+04	
2049	4.749134E+03	2.827574E+02	-2.505040E+02	
2050	3.721886E+03	1.134518E+02	-1.718059E+02	
2051	4.225885E+03	1.103554E+03	-1.706181E+03	
2052	-2.945685E+04	-6.842889E+04	-2.324061E+04	
2053	4.019260E+03	3.900702E+02	-2.554364E+02	
2054	-7.159258E+03	-1.139346E+03	6.198471E+03	
2055	-9.433368E+04	8.101094E+04	6.167515E+04	
2056	-6.806271E+04	-1.730476E+04	-5.090629E+04	
2057	1.468656E+03	2.723885E+03	-1.821569E+03	
2058	-3.878850E+03	-1.848725E+03	7.883249E+03	
2059	1.046104E+03	-2.357442E+02	-1.189768E+03	
2060	-6.913412E+03	5.378776E+03	-6.327076E+03	
2061	-3.996691E+04	-1.637517E+03	-2.338757E+04	
2062	-7.899976E+01	-9.022238E+02	-1.278380E+02	
2063	-7.928285E+04	9.807815E+02	-2.995859E+04	
2064	-5.670275E+03	8.624931E+02	-2.559521E+04	
2065	-5.446371E+01	-4.338846E+02	1.318375E+01	
2066	1.012749E+03	1.411758E+01	-4.671388E+01	
2067	-4.435999E+03	1.320815E+04	1.061273E+04	
2068	2.351700E+04	-2.124327E+04	-1.988270E+04	
2069	-7.794495E+03	8.445735E+02	-5.444739E+02	
2070	-2.059999E+02	1.436854E+01	-2.303259E+01	
2071	2.385283E+02	8.206359E+02	-1.751693E+03	
2072	1.150946E+03	7.743645E+02	4.649452E+02	
2073	-1.299025E+03	-3.532509E+02	-1.155993E+02	
2074	-9.401683E+01	-3.072944E+02	3.834337E+01	
2075	1.647308E+04	3.785947E+03	1.779764E+04	
2076	4.798741E+04	-6.118358E+03	8.183210E+03	
2077	1.162976E+03	1.151827E+02	5.793458E+02	
2078	-7.192095E+02	5.827874E+01	-5.384247E+01	
2079	7.074271E+04	-2.781432E+03	2.324941E+04	
2080	8.903629E+02	4.058975E+02	-9.087684E+01	
2081	-6.564258E+01	-3.819800E+02	1.503543E+01	
2082	-1.166173E+02	-3.729968E+02	1.493070E+01	
2083	-5.688871E+01	-3.769403E+02	1.224331E+01	
2084	1.983960E+04	-2.275784E+04	-9.285324E+03	
2085	-1.585374E+05	-1.031024E+05	-8.974116E+04	
2086	6.562065E+04	-1.508095E+04	4.298765E+04	
2087	2.360773E+05	-7.192803E+04	1.754216E+04	
2088	4.779289E+01	4.128021E+03	1.182177E+04	
2089	-1.320713E+04	1.078523E+03	-4.347689E+03	
2090	-1.211256E+05	-4.378962E+04	-7.156139E+04	
2091	-1.898473E+02	-3.611600E+02	3.408593E+01	
2092	-3.229225E+02	-3.008022E+02	2.281274E+02	
2093	-1.688855E+03	1.654366E+03	-1.364487E+03	
2094	-5.665919E+03	-3.595306E+03	-4.280618E+03	
2095	3.861960E+04	-1.641412E+04	1.509324E+04	
2096	-4.468351E+04	1.082292E+04	-2.380994E+04	
2097	6.608922E+03	-1.432188E+03	-1.011317E+03	
2098	2.872853E+05	2.592014E+04	8.839171E+04	
2099	-3.507253E+02	1.755045E+03	-2.027401E+03	
2100	-2.987471E+02	4.644481E+01	-1.222880E+02	
2101	4.398198E+03	8.400056E+02	-5.139245E+02	
2102	4.348168E+01	-7.360960E+02	-1.324146E+03	
2103	-1.575984E+04	1.131977E+04	-8.083193E+03	
2104	-4.798121E+02	-5.761473E+01	-9.139115E+01	
2105	3.087522E+03	-1.929780E+02	1.197798E+02	
2106	-6.662654E+02	-5.864589E+02	-2.337666E+02	
2107	-5.848047E+01	-3.306891E+02	2.326043E+01	
2108	-1.604801E+02	-7.322108E+02	-1.388313E+02	
2109	-4.310053E+03	4.135094E+03	8.421890E+02	
2110	8.913396E+03	-7.262414E+03	4.193944E+03	
2111	-5.864669E+03	5.559113E+02	-2.726817E+03	
2112	4.548403E+03	-1.214967E+03	-9.722905E+02	
2113	1.252363E+04	-6.961324E+03	-7.501117E+03	
2114	-2.829735E+03	2.636747E+03	-3.753280E+03	
2115	-1.988330E+04	-8.926223E+02	-8.479112E+03	
2116	-5.806213E+03	-6.007662E+03	-1.303323E+04	
2117	-5.337329E+02	-7.576111E+01	-3.530656E+01	
2118	-2.639583E+03	1.447497E+03	-1.752105E+03	
2119	1.517326E+03	-3.957786E+02	-6.282075E+02	
2120	4.066440E+03	6.295383E+02	-6.159296E+02	
2121	-5.487047E+01	-3.394859E+02	2.901629E+01	
2122	4.080420E+03	-1.195241E+03	-1.478436E+03	
2123	3.588489E+02	-5.142892E+02	-5.907886E+02	
2124	-2.374136E+04	1.969698E+04	1.349622E+04	
2125	6.678969E+02	2.467884E+03	-1.622827E+03	
2126	-4.448569E+01	-2.971944E+02	4.290576E+01	
2127	4.757051E+03	3.346265E+02	-1.361370E+03	
2128	3.793380E+03	-4.149196E+01	-3.419632E+02	
2129	9.898138E+03	-4.439305E+03	5.040118E+03	
2130	-2.831835E+04	5.441410E+03	1.536180E+04	
2131	5.640088E+03	1.654657E+03	3.841484E+02	
2132	-1.257852E+04	1.197187E+04	1.274092E+04	
2133	-9.454673E+02	-4.125985E+02	-1.818096E+02	
2134	-4.217424E+03	3.556099E+03	-2.049771E+03	
2135	-2.153382E+05	-5.471905E+04	-6.550928E+04	
2136	-2.537361E+04	1.065463E+03	7.632361E+03	
2137	1.970301E+03	-6.901902E+02	2.434104E+02	
2138	3.779946E+03	5.349492E+02	-3.061475E+02	
2139	5.141664E+03	3.145658E+01	-9.041221E+02	
2140	1.341141E+04	4.363033E+03	-2.173917E+03	
2141	-2.070542E+02	-1.364854E+02	-1.658196E+02	
2142	-2.802439E+01	-1.494740E+02	-2.559203E+01	
