nodal
2
181
2	-3.774219E-05	-3.243851E-05	
3	-6.281833E-05	-6.963136E-05	
4	-7.875391E-05	-1.141751E-04	
5	-8.616686E-05	-1.623806E-04	
6	-8.535554E-05	-2.105956E-04	
7	-7.714382E-05	-2.550158E-04	
8	-6.288185E-05	-2.924077E-04	
9	-4.420924E-05	-3.204371E-04	
10	-2.276118E-05	-3.377006E-04	
11	-1.233708E-11	-3.435195E-04	
12	2.276116E-05	-3.377006E-04	
13	4.420923E-05	-3.204371E-04	
14	6.288184E-05	-2.924077E-04	
15	7.714382E-05	-2.550158E-04	
16	8.535554E-05	-2.105956E-04	
17	8.616686E-05	-1.623806E-04	
18	7.875391E-05	-1.141751E-04	
19	6.281832E-05	-6.963135E-05	
20	3.774219E-05	-3.243850E-05	
23	-1.528426E-05	-2.535980E-05	
24	-3.026634E-05	-6.486793E-05	
25	-4.047020E-05	-1.112690E-04	
26	-4.562467E-05	-1.616050E-04	
27	-4.591758E-05	-2.118230E-04	
28	-4.187467E-05	-2.579497E-04	
29	-3.430963E-05	-2.966098E-04	
30	-2.419413E-05	-3.254530E-04	
31	-1.247702E-05	-3.431498E-04	
32	-1.024025E-11	-3.491023E-04	
33	1.247700E-05	-3.431498E-04	
34	2.419412E-05	-3.254530E-04	
35	3.430962E-05	-2.966098E-04	
36	4.187466E-05	-2.579497E-04	
37	4.591757E-05	-2.118230E-04	
38	4.562467E-05	-1.616050E-04	
39	4.047019E-05	-1.112690E-04	
40	3.026634E-05	-6.486792E-05	
41	1.528426E-05	-2.535980E-05	
44	-4.973965E-06	-2.405623E-05	
45	-9.743198E-06	-6.231105E-05	
46	-1.377402E-05	-1.097356E-04	
47	-1.600341E-05	-1.614876E-04	
48	-1.623488E-05	-2.132424E-04	
49	-1.460005E-05	-2.606173E-04	
50	-1.163346E-05	-2.999778E-04	
51	-7.964753E-06	-3.290510E-04	
52	-4.023157E-06	-3.467584E-04	
53	-3.317008E-12	-3.526943E-04	
54	4.023152E-06	-3.467585E-04	
55	7.964749E-06	-3.290510E-04	
56	1.163346E-05	-2.999778E-04	
57	1.460004E-05	-2.606173E-04	
58	1.623488E-05	-2.132424E-04	
59	1.600341E-05	-1.614876E-04	
60	1.377402E-05	-1.097356E-04	
61	9.743196E-06	-6.231104E-05	
62	4.973964E-06	-2.405622E-05	
65	3.815143E-06	-2.384693E-05	
66	7.116188E-06	-6.199104E-05	
67	9.441763E-06	-1.096295E-04	
68	1.032335E-05	-1.623211E-04	
69	1.049889E-05	-2.156037E-04	
70	1.030571E-05	-2.641240E-04	
71	9.334524E-06	-3.035953E-04	
72	7.117128E-06	-3.321304E-04	
73	3.826593E-06	-3.493191E-04	
74	3.098065E-12	-3.550645E-04	
75	-3.826588E-06	-3.493191E-04	
76	-7.117123E-06	-3.321304E-04	
77	-9.334520E-06	-3.035953E-04	
78	-1.030571E-05	-2.641240E-04	
79	-1.049889E-05	-2.156037E-04	
80	-1.032335E-05	-1.623211E-04	
81	-9.441763E-06	-1.096295E-04	
82	-7.116188E-06	-6.199103E-05	
83	-3.815144E-06	-2.384692E-05	
86	1.435612E-05	-2.480913E-05	
87	2.827888E-05	-6.402771E-05	
88	3.738643E-05	-1.108108E-04	
89	4.116603E-05	-1.636194E-04	
90	4.107804E-05	-2.190657E-04	
91	3.853643E-05	-2.689703E-04	
92	3.259194E-05	-3.074616E-04	
93	2.333525E-05	-3.345031E-04	
94	1.212557E-05	-3.507310E-04	
95	7.996993E-12	-3.561444E-04	
96	-1.212555E-05	-3.507310E-04	
97	-2.333524E-05	-3.345031E-04	
98	-3.259193E-05	-3.074616E-04	
99	-3.853642E-05	-2.689703E-04	
100	-4.107804E-05	-2.190657E-04	
101	-4.116602E-05	-1.636194E-04	
102	-3.738643E-05	-1.108107E-04	
103	-2.827888E-05	-6.402770E-05	
104	-1.435612E-05	-2.480912E-05	
107	3.673928E-05	-3.161310E-05	
108	6.137017E-05	-6.855323E-05	
109	7.750752E-05	-1.136795E-04	
110	8.586534E-05	-1.643053E-04	
111	8.533404E-05	-2.231229E-04	
112	7.587919E-05	-2.743952E-04	
113	6.055210E-05	-3.100149E-04	
114	4.203393E-05	-3.351762E-04	
115	2.151631E-05	-3.502169E-04	
116	1.178725E-11	-3.552369E-04	
117	-2.151629E-05	-3.502170E-04	
118	-4.203392E-05	-3.351762E-04	
119	-6.055209E-05	-3.100149E-04	
120	-7.587918E-05	-2.743952E-04	
121	-8.533404E-05	-2.231228E-04	
122	-8.586534E-05	-1.643053E-04	
123	-7.750752E-05	-1.136795E-04	
124	-6.137016E-05	-6.855322E-05	
125	-3.673927E-05	-3.161309E-05	
127	-3.871897E-05	-4.895620E-04	
128	-3.777649E-05	-4.853229E-04	
129	-3.809929E-05	-4.795250E-04	
130	-4.045879E-05	-4.737135E-04	
131	-4.456842E-05	-4.695636E-04	
132	-4.960736E-05	-4.680800E-04	
133	-5.464629E-05	-4.695636E-04	
134	-5.875593E-05	-4.737135E-04	
135	-6.111543E-05	-4.795250E-04	
136	-6.143823E-05	-4.853229E-04	
137	-6.049575E-05	-4.895620E-04	
138	-4.388157E-05	-4.949416E-04	
139	-4.296817E-05	-4.893526E-04	
140	-4.334554E-05	-4.818202E-04	
141	-4.491385E-05	-4.746782E-04	
142	-4.715200E-05	-4.698530E-04	
143	-4.960736E-05	-4.681868E-04	
144	-5.206271E-05	-4.698530E-04	
145	-5.430086E-05	-4.746782E-04	
146	-5.586918E-05	-4.818202E-04	
147	-5.624655E-05	-4.893526E-04	
148	-5.533315E-05	-4.949416E-04	
149	-4.881608E-05	-5.028539E-04	
150	-4.717795E-05	-4.946751E-04	
151	-4.744615E-05	-4.837762E-04	
152	-4.857194E-05	-4.751911E-04	
153	-4.925239E-05	-4.701552E-04	
154	-4.960736E-05	-4.684804E-04	
155	-4.996233E-05	-4.701552E-04	
156	-5.064278E-05	-4.751911E-04	
157	-5.176857E-05	-4.837762E-04	
158	-5.203677E-05	-4.946751E-04	
159	-5.039864E-05	-5.028539E-04	
160	-5.653602E-05	-5.180667E-04	
161	-5.492955E-05	-5.000029E-04	
162	-5.587690E-05	-4.842135E-04	
163	-5.461396E-05	-4.755252E-04	
164	-5.231054E-05	-4.706778E-04	
165	-4.960736E-05	-4.691150E-04	
166	-4.690418E-05	-4.706778E-04	
167	-4.460076E-05	-4.755252E-04	
168	-4.333782E-05	-4.842135E-04	
169	-4.428517E-05	-5.000029E-04	
170	-4.267870E-05	-5.180667E-04	
171	-8.824400E-05	-5.485917E-04	
172	-7.943079E-05	-5.008388E-04	
173	-7.061191E-05	-4.859139E-04	
174	-6.303174E-05	-4.770527E-04	
175	-5.620532E-05	-4.723559E-04	
176	-4.960736E-05	-4.708347E-04	
177	-4.300940E-05	-4.723559E-04	
178	-3.618298E-05	-4.770527E-04	
179	-2.860281E-05	-4.859139E-04	
180	-1.978393E-05	-5.008388E-04	
181	-1.097072E-05	-5.485917E-04	
