stress
2
384
-1
0
159.34831977221288
5090.416624114728
1	-4.885551E+03	-1.398258E+03	-2.976751E+02	
2	-4.474013E+03	-6.109202E+02	-1.012520E+02	
3	-4.234759E+03	-6.240268E+02	-1.206976E+02	
4	-3.976065E+03	-5.838007E+02	-1.276744E+02	
5	-3.718751E+03	-5.489874E+02	-1.281984E+02	
6	-3.460583E+03	-5.105459E+02	-1.281460E+02	
7	-3.202531E+03	-4.725181E+02	-1.281278E+02	
8	-2.944460E+03	-4.344264E+02	-1.281268E+02	
9	-2.686394E+03	-3.963535E+02	-1.281268E+02	
10	-2.428327E+03	-3.582777E+02	-1.281267E+02	
11	-2.170260E+03	-3.202023E+02	-1.281267E+02	
12	-1.912194E+03	-2.821269E+02	-1.281267E+02	
13	-1.654127E+03	-2.440515E+02	-1.281267E+02	
14	-1.396061E+03	-2.059762E+02	-1.281267E+02	
15	-1.137994E+03	-1.679008E+02	-1.281267E+02	
16	-8.799276E+02	-1.298254E+02	-1.281266E+02	
17	-6.218611E+02	-9.175000E+01	-1.281266E+02	
18	-3.637946E+02	-5.367456E+01	-1.281266E+02	
19	-1.057280E+02	-1.559913E+01	-1.281267E+02	
20	1.523386E+02	2.247634E+01	-1.281268E+02	
21	4.104056E+02	6.055192E+01	-1.281272E+02	
22	6.684732E+02	9.862746E+01	-1.281278E+02	
23	9.265408E+02	1.367017E+02	-1.281276E+02	
24	1.184603E+03	1.747707E+02	-1.281215E+02	
25	1.442643E+03	2.128275E+02	-1.280973E+02	
26	1.700625E+03	2.508702E+02	-1.280371E+02	
27	1.958522E+03	2.889406E+02	-1.279585E+02	
28	2.216499E+03	3.272632E+02	-1.280727E+02	
29	2.475432E+03	3.663692E+02	-1.291822E+02	
30	2.738106E+03	4.074687E+02	-1.331322E+02	
31	3.008961E+03	4.482258E+02	-1.417144E+02	
32	3.290172E+03	4.805247E+02	-1.451549E+02	
33	3.545005E+03	4.917965E+02	-1.140406E+02	
34	3.680336E+03	4.816316E+02	-1.955519E+01	
35	3.585149E+03	4.635034E+02	1.180486E+02	
36	3.245673E+03	4.444722E+02	2.246801E+02	
37	2.779780E+03	4.179284E+02	2.492420E+02	
38	2.341770E+03	3.825670E+02	1.994258E+02	
39	2.042920E+03	3.515379E+02	1.092899E+02	
40	1.932704E+03	3.388686E+02	4.846019E+00	
41	2.027406E+03	3.519452E+02	-1.019708E+02	
42	2.320311E+03	3.851866E+02	-2.005081E+02	
43	2.774096E+03	4.243575E+02	-2.641600E+02	
44	3.282029E+03	4.541265E+02	-2.525378E+02	
45	3.679804E+03	4.752655E+02	-1.484963E+02	
46	3.825419E+03	4.966417E+02	-5.965061E-01	
47	3.716663E+03	5.120036E+02	1.065978E+02	
48	3.470237E+03	5.054248E+02	1.442288E+02	
49	3.190477E+03	4.752206E+02	1.416242E+02	
50	2.921681E+03	4.350326E+02	1.320648E+02	
51	2.661997E+03	3.940743E+02	1.275424E+02	
52	2.406614E+03	3.553629E+02	1.262380E+02	
53	2.152359E+03	3.175423E+02	1.260882E+02	
54	1.898213E+03	2.800185E+02	1.261715E+02	
55	1.643976E+03	2.425295E+02	1.262391E+02	
56	1.389673E+03	2.050257E+02	1.262670E+02	
57	1.135345E+03	1.675085E+02	1.262742E+02	
58	8.810102E+02	1.299854E+02	1.262747E+02	
59	6.266756E+02	9.246078E+01	1.262741E+02	
60	3.723412E+02	5.493578E+01	1.262736E+02	
61	1.180078E+02	1.741110E+01	1.262733E+02	
62	-1.363258E+02	-2.011375E+01	1.262733E+02	
63	-3.906596E+02	-5.763836E+01	1.262734E+02	
64	-6.449929E+02	-9.516277E+01	1.262733E+02	
65	-8.993260E+02	-1.326874E+02	1.262733E+02	
66	-1.153660E+03	-1.702122E+02	1.262733E+02	
67	-1.407994E+03	-2.077369E+02	1.262734E+02	
68	-1.662327E+03	-2.452612E+02	1.262735E+02	
69	-1.916660E+03	-2.827858E+02	1.262734E+02	
70	-2.170994E+03	-3.203106E+02	1.262733E+02	
71	-2.425327E+03	-3.578351E+02	1.262734E+02	
72	-2.679661E+03	-3.953602E+02	1.262735E+02	
73	-2.933994E+03	-4.328823E+02	1.262735E+02	
74	-3.188332E+03	-4.704231E+02	1.262744E+02	
75	-3.442651E+03	-5.079005E+02	1.262924E+02	
76	-3.697086E+03	-5.457884E+02	1.263445E+02	
77	-3.950672E+03	-5.800770E+02	1.258250E+02	
78	-4.205626E+03	-6.197230E+02	1.188987E+02	
79	-4.441281E+03	-6.064104E+02	9.955010E+01	
80	-4.847831E+03	-1.387284E+03	2.942632E+02	
81	-1.529852E+03	-4.797154E+02	-1.059519E+02	
82	-1.559597E+03	-2.680947E+02	-3.017257E+02	
83	-1.417025E+03	-1.903711E+02	-2.821331E+02	
84	-1.330086E+03	-1.963981E+02	-2.751857E+02	
85	-1.243324E+03	-1.831599E+02	-2.746952E+02	
86	-1.157541E+03	-1.708620E+02	-2.747633E+02	
87	-1.071505E+03	-1.580827E+02	-2.747862E+02	
88	-9.854885E+02	-1.454018E+02	-2.747878E+02	
89	-8.994654E+02	-1.327078E+02	-2.747876E+02	
90	-8.134435E+02	-1.200164E+02	-2.747873E+02	
91	-7.274213E+02	-1.073246E+02	-2.747872E+02	
92	-6.413992E+02	-9.463278E+01	-2.747872E+02	
93	-5.553772E+02	-8.194089E+01	-2.747873E+02	
94	-4.693551E+02	-6.924902E+01	-2.747873E+02	
95	-3.833328E+02	-5.655726E+01	-2.747873E+02	
96	-2.973105E+02	-4.386561E+01	-2.747873E+02	
97	-2.112883E+02	-3.117392E+01	-2.747873E+02	
98	-1.252662E+02	-1.848204E+01	-2.747874E+02	
99	-3.924395E+01	-5.789946E+00	-2.747874E+02	
100	4.677817E+01	6.902218E+00	-2.747875E+02	
101	1.327998E+02	1.959434E+01	-2.747877E+02	
102	2.188206E+02	3.228559E+01	-2.747880E+02	
103	3.048407E+02	4.497247E+01	-2.747873E+02	
104	3.908635E+02	5.764613E+01	-2.747815E+02	
105	4.769035E+02	7.029591E+01	-2.747617E+02	
106	5.629986E+02	8.294144E+01	-2.747194E+02	
107	6.492071E+02	9.575331E+01	-2.746846E+02	
108	7.354811E+02	1.093056E+02	-2.748548E+02	
109	8.212217E+02	1.249603E+02	-2.758496E+02	
110	9.038532E+02	1.434856E+02	-2.789793E+02	
111	9.785358E+02	1.610233E+02	-2.851698E+02	
112	1.037924E+03	1.369925E+02	-2.944672E+02	
113	1.129129E+03	3.260005E+01	-2.524226E+02	
114	1.216261E+03	-1.103686E+02	-6.208645E+01	
115	1.206811E+03	-1.361105E+02	2.504236E+02	
116	1.075307E+03	3.950874E+00	4.825027E+02	
117	9.092225E+02	1.794788E+02	5.145569E+02	
118	7.970167E+02	2.906899E+02	3.986413E+02	
119	7.270561E+02	3.335593E+02	2.171786E+02	
120	7.022377E+02	3.465435E+02	8.714708E+00	
121	7.250356E+02	3.441245E+02	-2.036704E+02	
122	7.937950E+02	3.159722E+02	-3.993303E+02	
123	9.038064E+02	2.131330E+02	-5.436199E+02	
124	1.084164E+03	2.742823E+01	-5.429777E+02	
125	1.242208E+03	-1.421161E+02	-3.183600E+02	
126	1.270654E+03	-1.347832E+02	2.115626E+01	
127	1.186614E+03	1.828168E+01	2.405629E+02	
128	1.090858E+03	1.387369E+02	2.925354E+02	
129	1.035929E+03	1.709703E+02	2.824797E+02	
130	9.640914E+02	1.536750E+02	2.756325E+02	
131	8.833131E+02	1.347194E+02	2.720688E+02	
132	7.989150E+02	1.188229E+02	2.709110E+02	
133	7.138690E+02	1.053088E+02	2.707019E+02	
134	6.288816E+02	9.264952E+01	2.707360E+02	
135	5.440195E+02	8.018944E+01	2.707832E+02	
136	4.592207E+02	6.772811E+01	2.708058E+02	
137	3.744417E+02	5.524055E+01	2.708126E+02	
138	2.896659E+02	4.273813E+01	2.708136E+02	
139	2.048894E+02	3.023044E+01	2.708133E+02	
140	1.201121E+02	1.772185E+01	2.708130E+02	
141	3.533481E+01	5.213628E+00	2.708128E+02	
142	-4.944320E+01	-7.294692E+00	2.708128E+02	
143	-1.342214E+02	-1.980315E+01	2.708128E+02	
144	-2.189990E+02	-3.231136E+01	2.708127E+02	
145	-3.037766E+02	-4.481941E+01	2.708127E+02	
146	-3.885546E+02	-5.732763E+01	2.708127E+02	
147	-4.733325E+02	-6.983597E+01	2.708128E+02	
148	-5.581103E+02	-8.234433E+01	2.708128E+02	
149	-6.428882E+02	-9.485257E+01	2.708127E+02	
150	-7.276660E+02	-1.073606E+02	2.708125E+02	
151	-8.124438E+02	-1.198689E+02	2.708126E+02	
152	-8.972213E+02	-1.323767E+02	2.708128E+02	
153	-9.819999E+02	-1.448872E+02	2.708131E+02	
154	-1.066772E+03	-1.573846E+02	2.708115E+02	
155	-1.151564E+03	-1.699794E+02	2.707886E+02	
156	-1.236104E+03	-1.820967E+02	2.707207E+02	
157	-1.321615E+03	-1.951464E+02	2.712066E+02	
158	-1.407304E+03	-1.890746E+02	2.781037E+02	
159	-1.548223E+03	-2.660241E+02	2.975992E+02	
160	-1.518457E+03	-4.760403E+02	1.035354E+02	
161	1.517896E+03	4.756862E+02	-1.055839E+02	
162	1.547251E+03	2.655690E+02	-3.016005E+02	
163	1.404831E+03	1.885603E+02	-2.821976E+02	
164	1.318015E+03	1.946932E+02	-2.752312E+02	
165	1.231306E+03	1.814334E+02	-2.747140E+02	
166	1.145538E+03	1.691078E+02	-2.747680E+02	
167	1.059504E+03	1.563155E+02	-2.747865E+02	
168	9.734857E+02	1.436308E+02	-2.747873E+02	
169	8.874618E+02	1.309363E+02	-2.747871E+02	
170	8.014396E+02	1.182450E+02	-2.747871E+02	
171	7.154174E+02	1.055532E+02	-2.747872E+02	
172	6.293952E+02	9.286156E+01	-2.747872E+02	
173	5.433728E+02	8.016988E+01	-2.747873E+02	
174	4.573505E+02	6.747807E+01	-2.747873E+02	
175	3.713285E+02	5.478614E+01	-2.747874E+02	
176	2.853065E+02	4.209425E+01	-2.747873E+02	
177	1.992844E+02	2.940250E+01	-2.747873E+02	
178	1.132622E+02	1.671084E+01	-2.747874E+02	
179	2.724008E+01	4.019152E+00	-2.747874E+02	
180	-5.878213E+01	-8.672477E+00	-2.747873E+02	
181	-1.448048E+02	-2.136399E+01	-2.747869E+02	
182	-2.308283E+02	-3.405617E+01	-2.747865E+02	
183	-3.168526E+02	-4.675270E+01	-2.747872E+02	
184	-4.028741E+02	-5.946247E+01	-2.747932E+02	
185	-4.888786E+02	-7.219629E+01	-2.748132E+02	
186	-5.748274E+02	-8.493373E+01	-2.748556E+02	
187	-6.606651E+02	-9.750935E+01	-2.748903E+02	
188	-7.464279E+02	-1.093268E+02	-2.747180E+02	
189	-8.327523E+02	-1.191922E+02	-2.736948E+02	
190	-9.218130E+02	-1.254475E+02	-2.704988E+02	
191	-1.020374E+03	-1.342375E+02	-2.651133E+02	
192	-1.134082E+03	-1.572960E+02	-2.653423E+02	
193	-1.292814E+03	-3.938999E+02	-3.280200E+02	
194	-1.163489E+03	-8.215819E+02	-2.111496E+02	
195	-1.065179E+03	-9.017183E+02	3.230705E+02	
196	-1.117794E+03	-4.572143E+02	5.951304E+02	
197	-9.484049E+02	1.064736E+01	5.271542E+02	
198	-7.709992E+02	2.444589E+02	3.866179E+02	
199	-6.593307E+02	3.579077E+02	2.081382E+02	
200	-6.137935E+02	3.944004E+02	5.663872E+00	
201	-6.467114E+02	3.770941E+02	-1.903601E+02	
202	-7.689402E+02	2.927533E+02	-3.805823E+02	
203	-9.435637E+02	8.818361E+01	-5.479555E+02	
204	-1.154817E+03	-3.990250E+02	-6.604060E+02	
205	-1.088534E+03	-9.359349E+02	-4.297180E+02	
206	-1.178668E+03	-9.123899E+02	1.838906E+02	
207	-1.365163E+03	-4.462709E+02	3.360884E+02	
208	-1.198139E+03	-1.675233E+02	2.612096E+02	
209	-1.082513E+03	-1.420859E+02	2.600113E+02	
210	-9.832859E+02	-1.331059E+02	2.658830E+02	
211	-8.949353E+02	-1.277953E+02	2.695208E+02	
212	-8.097514E+02	-1.185086E+02	2.707123E+02	
213	-7.252513E+02	-1.070241E+02	2.709239E+02	
214	-6.406812E+02	-9.466242E+01	2.708898E+02	
215	-5.559878E+02	-8.210691E+01	2.708425E+02	
216	-4.712307E+02	-6.955156E+01	2.708197E+02	
217	-3.864540E+02	-5.702270E+01	2.708128E+02	
218	-3.016742E+02	-4.450872E+01	2.708118E+02	
219	-2.168950E+02	-3.199987E+01	2.708122E+02	
220	-1.321166E+02	-1.949205E+01	2.708126E+02	
221	-4.733828E+01	-6.984007E+00	2.708126E+02	
222	3.743928E+01	5.524040E+00	2.708127E+02	
223	1.222169E+02	1.803208E+01	2.708128E+02	
224	2.069950E+02	3.054022E+01	2.708127E+02	
225	2.917728E+02	4.304840E+01	2.708128E+02	
226	3.765505E+02	5.555657E+01	2.708129E+02	
227	4.613283E+02	6.806475E+01	2.708129E+02	
228	5.461061E+02	8.057296E+01	2.708128E+02	
229	6.308838E+02	9.308115E+01	2.708127E+02	
230	7.156616E+02	1.055893E+02	2.708125E+02	
231	8.004396E+02	1.180975E+02	2.708124E+02	
232	8.852176E+02	1.306051E+02	2.708125E+02	
233	9.699972E+02	1.431160E+02	2.708126E+02	
234	1.054771E+03	1.556172E+02	2.708117E+02	
235	1.139561E+03	1.682254E+02	2.707933E+02	
236	1.224087E+03	1.803709E+02	2.707396E+02	
237	1.309545E+03	1.934421E+02	2.712524E+02	
238	1.395110E+03	1.872642E+02	2.781682E+02	
239	1.535877E+03	2.634983E+02	2.974741E+02	
240	1.506501E+03	4.720109E+02	1.031675E+02	
241	4.872861E+03	1.394429E+03	-2.966173E+02	
242	4.462233E+03	6.091024E+02	-1.012501E+02	
243	4.222941E+03	6.222702E+02	-1.207999E+02	
244	3.964142E+03	5.820697E+02	-1.277368E+02	
245	3.706770E+03	5.472344E+02	-1.282204E+02	
246	3.448581E+03	5.087804E+02	-1.281505E+02	
247	3.190525E+03	4.707477E+02	-1.281274E+02	
248	2.932454E+03	4.326549E+02	-1.281259E+02	
249	2.674389E+03	3.945822E+02	-1.281263E+02	
250	2.416323E+03	3.565065E+02	-1.281265E+02	
251	2.158256E+03	3.184312E+02	-1.281265E+02	
252	1.900189E+03	2.803559E+02	-1.281266E+02	
253	1.642123E+03	2.422806E+02	-1.281267E+02	
254	1.384056E+03	2.042051E+02	-1.281267E+02	
255	1.125990E+03	1.661296E+02	-1.281267E+02	
256	8.679234E+02	1.280542E+02	-1.281267E+02	
257	6.098570E+02	8.997889E+01	-1.281266E+02	
258	3.517906E+02	5.190358E+01	-1.281267E+02	
259	9.372416E+01	1.382823E+01	-1.281267E+02	
260	-1.643422E+02	-2.424715E+01	-1.281265E+02	
261	-4.224083E+02	-6.232245E+01	-1.281261E+02	
262	-6.804737E+02	-1.003977E+02	-1.281254E+02	
263	-9.385390E+02	-1.384741E+02	-1.281258E+02	
264	-1.196610E+03	-1.765558E+02	-1.281319E+02	
265	-1.454703E+03	-2.146497E+02	-1.281562E+02	
266	-1.712854E+03	-2.527582E+02	-1.282162E+02	
267	-1.971089E+03	-2.908349E+02	-1.282944E+02	
268	-2.229251E+03	-3.286884E+02	-1.281822E+02	
269	-2.486431E+03	-3.656593E+02	-1.271013E+02	
270	-2.740053E+03	-4.012459E+02	-1.232177E+02	
271	-2.984232E+03	-4.317973E+02	-1.138309E+02	
272	-3.220536E+03	-4.808060E+02	-1.008640E+02	
273	-3.455981E+03	-4.773563E+02	-1.113450E+02	
274	-4.068483E+03	-1.663592E+03	-5.130368E+02	
275	-4.066879E+03	-1.975359E+03	4.150426E+02	
276	-3.251820E+03	-6.832802E+02	3.625542E+02	
277	-2.616161E+03	-1.143134E+02	2.418501E+02	
278	-2.158553E+03	1.711796E+02	1.817314E+02	
279	-1.860276E+03	3.542528E+02	1.011524E+02	
280	-1.760782E+03	3.976448E+02	-7.241542E+00	
281	-1.851016E+03	3.542358E+02	-8.047675E+01	
282	-2.113543E+03	2.656360E+02	-1.645457E+02	
283	-2.582758E+03	-3.546917E+01	-2.710613E+02	
284	-3.222213E+03	-5.090080E+02	-3.345725E+02	
285	-4.177339E+03	-2.052510E+03	-6.010591E+02	
286	-4.304849E+03	-1.916301E+03	5.897211E+02	
287	-3.622076E+03	-4.939016E+02	1.109224E+02	
288	-3.391166E+03	-5.086544E+02	9.619800E+01	
289	-3.160376E+03	-4.566410E+02	1.100569E+02	
290	-2.921855E+03	-4.276930E+02	1.205918E+02	
291	-2.672673E+03	-3.929443E+02	1.250401E+02	
292	-2.419414E+03	-3.567004E+02	1.263107E+02	
293	-2.164995E+03	-3.194407E+02	1.264582E+02	
294	-1.910476E+03	-2.819201E+02	1.263752E+02	
295	-1.656046E+03	-2.443589E+02	1.263077E+02	
296	-1.401681E+03	-2.068133E+02	1.262797E+02	
297	-1.147342E+03	-1.692814E+02	1.262725E+02	
298	-8.930104E+02	-1.317555E+02	1.262721E+02	
299	-6.386781E+02	-9.423078E+01	1.262727E+02	
300	-3.843451E+02	-5.670638E+01	1.262732E+02	
301	-1.300116E+02	-1.918187E+01	1.262733E+02	
302	1.243219E+02	1.834270E+01	1.262733E+02	
303	3.786554E+02	5.586717E+01	1.262734E+02	
304	6.329889E+02	9.339167E+01	1.262734E+02	
305	8.873222E+02	1.309162E+02	1.262735E+02	
306	1.141656E+03	1.684409E+02	1.262735E+02	
307	1.395989E+03	2.059656E+02	1.262735E+02	
308	1.650322E+03	2.434902E+02	1.262734E+02	
309	1.904656E+03	2.810149E+02	1.262733E+02	
310	2.158989E+03	3.185394E+02	1.262732E+02	
311	2.413323E+03	3.560638E+02	1.262732E+02	
312	2.667656E+03	3.935888E+02	1.262730E+02	
313	2.921989E+03	4.311111E+02	1.262727E+02	
314	3.176326E+03	4.686528E+02	1.262741E+02	
315	3.430649E+03	5.061350E+02	1.262970E+02	
316	3.685104E+03	5.440355E+02	1.263666E+02	
317	3.938750E+03	5.783462E+02	1.258875E+02	
318	4.193808E+03	6.179666E+02	1.190011E+02	
319	4.429500E+03	6.045926E+02	9.954830E+01	
320	4.835141E+03	1.383455E+03	2.932056E+02	
321	-7.067574E+01	-1.724727E+03	-2.301497E+02	
322	6.498472E+02	9.352422E+01	-1.321297E+02	
323	1.029808E+03	6.823680E+02	-3.538131E+01	
324	1.161124E+03	8.581823E+02	-9.062377E+00	
325	1.122996E+03	8.371479E+02	2.821945E+01	
326	8.863708E+02	6.134274E+02	8.360800E+01	
327	2.373326E+02	-4.527472E+02	3.104139E+02	
328	-2.153323E+02	-1.422806E+03	-1.551828E+01	
329	-2.125723E+02	-1.486046E+03	-3.049330E+02	
330	1.082050E+02	-1.255484E+02	-3.344487E+02	
331	4.224174E+02	5.142941E+02	-1.614586E+02	
332	5.708786E+02	7.145335E+02	-3.244521E+01	
333	5.437772E+02	6.910940E+02	9.059068E+01	
334	3.390949E+02	3.629285E+02	2.649910E+02	
335	1.332363E+02	-3.906342E+02	3.692566E+02	
336	-8.995528E+01	-1.236867E+03	1.084476E+02	
337	-2.054600E+02	-1.171078E+03	-2.794994E+02	
338	-8.614535E+01	-2.363591E+02	-4.008828E+02	
339	6.701519E+01	3.248942E+02	-2.489601E+02	
340	1.688704E+02	5.370707E+02	-5.905675E+01	
341	1.614662E+02	4.988415E+02	1.326098E+02	
342	8.380229E+01	2.033557E+02	3.132881E+02	
343	-2.206155E+00	-3.501643E+02	3.696658E+02	
344	-1.234569E+02	-1.021178E+03	1.728351E+02	
345	-1.668163E+02	-8.679601E+02	-2.337874E+02	
346	-1.544956E+02	-2.733343E+02	-3.869835E+02	
347	-1.171881E+02	1.577531E+02	-2.763548E+02	
348	-7.570137E+01	3.435353E+02	-7.572613E+01	
349	-6.508948E+01	3.126672E+02	1.364068E+02	
350	-7.554007E+01	8.102080E+01	3.066961E+02	
351	-8.896497E+01	-3.188146E+02	3.502428E+02	
352	-1.229406E+02	-7.867896E+02	1.795058E+02	
353	-1.287327E+02	-6.074416E+02	-1.857326E+02	
354	-1.780326E+02	-2.708514E+02	-3.346809E+02	
355	-2.140816E+02	2.222126E+01	-2.612002E+02	
356	-2.183715E+02	1.618186E+02	-8.053481E+01	
357	-2.051520E+02	1.425251E+02	1.213192E+02	
358	-1.774007E+02	-1.946221E+01	2.742807E+02	
359	-1.364972E+02	-2.873524E+02	3.079753E+02	
360	-1.066568E+02	-5.668827E+02	1.585734E+02	
361	-1.007073E+02	-4.006734E+02	-1.365116E+02	
362	-1.933252E+02	-2.512932E+02	-2.636419E+02	
363	-2.786643E+02	-8.195580E+01	-2.210720E+02	
364	-3.178873E+02	3.562271E+00	-7.450296E+01	
365	-3.074886E+02	-6.323672E+00	9.902974E+01	
366	-2.530636E+02	-1.013220E+02	2.263894E+02	
367	-1.686286E+02	-2.557501E+02	2.471957E+02	
368	-8.981366E+01	-3.825205E+02	1.231138E+02	
369	-8.515586E+01	-2.548863E+02	-8.163538E+01	
370	-2.147675E+02	-2.251078E+02	-1.792120E+02	
371	-3.473551E+02	-1.582239E+02	-1.624729E+02	
372	-4.251773E+02	-1.270981E+02	-5.809460E+01	
373	-4.175056E+02	-1.306454E+02	7.156689E+01	
374	-3.297020E+02	-1.645508E+02	1.642551E+02	
375	-1.992789E+02	-2.247505E+02	1.700179E+02	
376	-7.946504E+01	-2.483812E+02	7.557550E+01	
377	-6.584708E+01	-1.765907E+02	-2.100074E+01	
378	-2.264871E+02	-1.963998E+02	-7.476470E+01	
379	-4.492728E+02	-2.110164E+02	-7.278934E+01	
380	-5.959927E+02	-2.245291E+02	-2.652725E+01	
381	-5.877672E+02	-2.241688E+02	3.161313E+01	
382	-4.321120E+02	-2.100557E+02	7.291402E+01	
383	-2.144473E+02	-1.947187E+02	7.095299E+01	
384	-6.284990E+01	-1.753012E+02	1.960199E+01	
