triangle
//Number_of_Node
1474
//Number_of_Element
2574
//Number_of_Region
4
//Factor
1000.0
30,29,1,
1,2,30,
31,30,2,
2,3,31,
32,31,3,
3,4,32,
33,32,4,
4,5,33,
34,33,5,
5,6,34,
35,34,6,
6,7,35,
36,35,7,
7,8,36,
37,36,8,
8,9,37,
38,37,9,
9,10,38,
39,38,10,
10,11,39,
40,39,11,
11,12,40,
41,40,12,
12,13,41,
42,41,13,
13,14,42,
43,42,14,
14,15,43,
44,43,15,
15,16,44,
45,44,16,
16,17,45,
46,45,17,
17,18,46,
47,46,18,
18,19,47,
48,47,19,
19,20,48,
49,48,20,
20,21,49,
50,49,21,
21,22,50,
51,50,22,
22,23,51,
52,51,23,
23,24,52,
53,52,24,
24,25,53,
54,53,25,
25,26,54,
55,54,26,
26,27,55,
56,55,27,
27,28,56,
58,57,29,
29,30,58,
59,58,30,
30,31,59,
60,59,31,
31,32,60,
61,60,32,
32,33,61,
62,61,33,
33,34,62,
63,62,34,
34,35,63,
64,63,35,
35,36,64,
65,64,36,
36,37,65,
66,65,37,
37,38,66,
67,66,38,
38,39,67,
68,67,39,
39,40,68,
69,68,40,
40,41,69,
70,69,41,
41,42,70,
71,70,42,
42,43,71,
72,71,43,
43,44,72,
73,72,44,
44,45,73,
74,73,45,
45,46,74,
75,74,46,
46,47,75,
76,75,47,
47,48,76,
77,76,48,
48,49,77,
78,77,49,
49,50,78,
79,78,50,
50,51,79,
80,79,51,
51,52,80,
81,80,52,
52,53,81,
82,81,53,
53,54,82,
83,82,54,
54,55,83,
84,83,55,
55,56,84,
86,85,57,
57,58,86,
87,86,58,
58,59,87,
88,87,59,
59,60,88,
89,88,60,
60,61,89,
90,89,61,
61,62,90,
91,90,62,
62,63,91,
92,91,63,
63,64,92,
93,92,64,
64,65,93,
94,93,65,
65,66,94,
95,94,66,
66,67,95,
96,95,67,
67,68,96,
97,96,68,
68,69,97,
98,97,69,
69,70,98,
99,98,70,
70,71,99,
100,99,71,
71,72,100,
101,100,72,
72,73,101,
102,101,73,
73,74,102,
103,102,74,
74,75,103,
104,103,75,
75,76,104,
105,104,76,
76,77,105,
106,105,77,
77,78,106,
107,106,78,
78,79,107,
108,107,79,
79,80,108,
109,108,80,
80,81,109,
110,109,81,
81,82,110,
111,110,82,
82,83,111,
112,111,83,
83,84,112,
114,113,85,
85,86,114,
115,114,86,
86,87,115,
116,115,87,
87,88,116,
117,116,88,
88,89,117,
118,117,89,
89,90,118,
119,118,90,
90,91,119,
120,119,91,
91,92,120,
121,120,92,
92,93,121,
122,121,93,
93,94,122,
123,122,94,
94,95,123,
124,123,95,
95,96,124,
125,124,96,
96,97,125,
126,125,97,
97,98,126,
127,126,98,
98,99,127,
128,127,99,
99,100,128,
129,128,100,
100,101,129,
130,129,101,
101,102,130,
131,130,102,
102,103,131,
132,131,103,
103,104,132,
133,132,104,
104,105,133,
134,133,105,
105,106,134,
135,134,106,
106,107,135,
136,135,107,
107,108,136,
137,136,108,
108,109,137,
138,137,109,
109,110,138,
139,138,110,
110,111,139,
140,139,111,
111,112,140,
142,141,113,
113,114,142,
143,142,114,
114,115,143,
144,143,115,
115,116,144,
145,144,116,
116,117,145,
146,145,117,
117,118,146,
147,146,118,
118,119,147,
148,147,119,
119,120,148,
149,148,120,
120,121,149,
150,149,121,
121,122,150,
151,150,122,
122,123,151,
152,151,123,
123,124,152,
153,152,124,
124,125,153,
154,153,125,
125,126,154,
155,154,126,
126,127,155,
156,155,127,
127,128,156,
157,156,128,
128,129,157,
158,157,129,
129,130,158,
159,158,130,
130,131,159,
160,159,131,
131,132,160,
161,160,132,
132,133,161,
162,161,133,
133,134,162,
163,162,134,
134,135,163,
164,163,135,
135,136,164,
165,164,136,
136,137,165,
166,165,137,
137,138,166,
167,166,138,
138,139,167,
168,167,139,
139,140,168,
170,169,141,
141,142,170,
171,170,142,
142,143,171,
172,171,143,
143,144,172,
173,172,144,
144,145,173,
174,173,145,
145,146,174,
175,174,146,
146,147,175,
176,175,147,
147,148,176,
177,176,148,
148,149,177,
178,177,149,
149,150,178,
179,178,150,
150,151,179,
180,179,151,
151,152,180,
181,180,152,
152,153,181,
182,181,153,
153,154,182,
183,182,154,
154,155,183,
184,183,155,
155,156,184,
185,184,156,
156,157,185,
186,185,157,
157,158,186,
187,186,158,
158,159,187,
188,187,159,
159,160,188,
189,188,160,
160,161,189,
190,189,161,
161,162,190,
191,190,162,
162,163,191,
192,191,163,
163,164,192,
193,192,164,
164,165,193,
194,193,165,
165,166,194,
195,194,166,
166,167,195,
196,195,167,
167,168,196,
198,197,169,
169,170,198,
199,198,170,
170,171,199,
200,199,171,
171,172,200,
201,200,172,
172,173,201,
202,201,173,
173,174,202,
203,202,174,
174,175,203,
204,203,175,
175,176,204,
205,204,176,
176,177,205,
206,205,177,
177,178,206,
207,206,178,
178,179,207,
208,207,179,
179,180,208,
209,208,180,
180,181,209,
210,209,181,
181,182,210,
211,210,182,
182,183,211,
212,211,183,
183,184,212,
213,212,184,
184,185,213,
214,213,185,
185,186,214,
215,214,186,
186,187,215,
216,215,187,
187,188,216,
217,216,188,
188,189,217,
218,217,189,
189,190,218,
219,218,190,
190,191,219,
220,219,191,
191,192,220,
221,220,192,
192,193,221,
222,221,193,
193,194,222,
223,222,194,
194,195,223,
224,223,195,
195,196,224,
226,225,197,
197,198,226,
227,226,198,
198,199,227,
228,227,199,
199,200,228,
229,228,200,
200,201,229,
230,229,201,
201,202,230,
231,230,202,
202,203,231,
232,231,203,
203,204,232,
233,232,204,
204,205,233,
234,233,205,
205,206,234,
235,234,206,
206,207,235,
236,235,207,
207,208,236,
237,236,208,
208,209,237,
238,237,209,
209,210,238,
239,238,210,
210,211,239,
240,239,211,
211,212,240,
241,240,212,
212,213,241,
242,241,213,
213,214,242,
243,242,214,
214,215,243,
244,243,215,
215,216,244,
245,244,216,
216,217,245,
246,245,217,
217,218,246,
247,246,218,
218,219,247,
248,247,219,
219,220,248,
249,248,220,
220,221,249,
250,249,221,
221,222,250,
251,250,222,
222,223,251,
252,251,223,
223,224,252,
254,253,225,
225,226,254,
255,254,226,
226,227,255,
256,255,227,
227,228,256,
257,256,228,
228,229,257,
258,257,229,
229,230,258,
259,258,230,
230,231,259,
260,259,231,
231,232,260,
261,260,232,
232,233,261,
262,261,233,
233,234,262,
263,262,234,
234,235,263,
264,263,235,
235,236,264,
265,264,236,
236,237,265,
266,265,237,
237,238,266,
267,266,238,
238,239,267,
268,267,239,
239,240,268,
269,268,240,
240,241,269,
270,269,241,
241,242,270,
271,270,242,
242,243,271,
272,271,243,
243,244,272,
273,272,244,
244,245,273,
274,273,245,
245,246,274,
275,274,246,
246,247,275,
276,275,247,
247,248,276,
277,276,248,
248,249,277,
278,277,249,
249,250,278,
279,278,250,
250,251,279,
280,279,251,
251,252,280,
282,281,253,
253,254,282,
283,282,254,
254,255,283,
284,283,255,
255,256,284,
285,284,256,
256,257,285,
286,285,257,
257,258,286,
287,286,258,
258,259,287,
288,287,259,
259,260,288,
289,288,260,
260,261,289,
290,289,261,
261,262,290,
291,290,262,
262,263,291,
292,291,263,
263,264,292,
293,292,264,
264,265,293,
294,293,265,
265,266,294,
295,294,266,
266,267,295,
296,295,267,
267,268,296,
297,296,268,
268,269,297,
298,297,269,
269,270,298,
299,298,270,
270,271,299,
300,299,271,
271,272,300,
301,300,272,
272,273,301,
302,301,273,
273,274,302,
303,302,274,
274,275,303,
304,303,275,
275,276,304,
305,304,276,
276,277,305,
306,305,277,
277,278,306,
307,306,278,
278,279,307,
308,307,279,
279,280,308,
310,309,281,
281,282,310,
311,310,282,
282,283,311,
312,311,283,
283,284,312,
313,312,284,
284,285,313,
314,313,285,
285,286,314,
315,314,286,
286,287,315,
316,315,287,
287,288,316,
317,316,288,
288,289,317,
318,317,289,
289,290,318,
319,318,290,
290,291,319,
320,319,291,
291,292,320,
321,320,292,
292,293,321,
322,321,293,
293,294,322,
323,322,294,
294,295,323,
324,323,295,
295,296,324,
325,324,296,
296,297,325,
326,325,297,
297,298,326,
327,326,298,
298,299,327,
328,327,299,
299,300,328,
329,328,300,
300,301,329,
330,329,301,
301,302,330,
331,330,302,
302,303,331,
332,331,303,
303,304,332,
333,332,304,
304,305,333,
334,333,305,
305,306,334,
335,334,306,
306,307,335,
336,335,307,
307,308,336,
486,514,567,
390,409,574,
604,342,677,
519,458,530,
390,339,409,
543,448,560,
509,454,644,
476,521,589,
470,576,581,
576,494,581,
509,524,700,
454,509,591,
639,479,686,
516,449,580,
461,515,526,
427,426,649,
448,527,560,
518,473,601,
521,452,589,
533,450,616,
483,515,550,
514,486,655,
415,414,544,
526,427,649,
479,559,686,
456,535,597,
518,601,673,
489,533,616,
439,520,545,
666,511,671,
407,513,610,
444,349,534,
410,341,653,
439,438,520,
515,483,643,
493,573,620,
629,466,654,
451,553,631,
533,473,557,
458,512,632,
381,551,590,
457,666,671,
524,446,700,
415,544,678,
525,485,671,
344,539,637,
422,421,523,
517,477,604,
513,407,609,
431,546,660,
458,519,642,
608,424,630,
523,421,562,
341,541,653,
482,521,556,
648,446,651,
573,492,575,
517,604,677,
564,466,629,
609,474,611,
460,542,547,
521,476,556,
463,516,580,
354,355,530,
515,461,550,
514,655,689,
452,563,584,
641,506,728,
431,430,546,
655,447,689,
573,445,620,
503,456,640,
450,533,557,
445,575,623,
465,543,560,
419,603,625,
516,463,570,
506,641,686,
381,382,551,
513,609,611,
575,508,623,
473,518,557,
345,344,637,
372,371,532,
495,539,710,
511,525,671,
522,447,587,
563,490,584,
631,553,692,
449,516,659,
508,656,681,
540,343,614,
527,471,560,
456,503,600,
483,614,643,
413,412,536,
597,447,728,
524,509,644,
512,458,642,
446,524,651,
445,573,575,
538,511,666,
535,488,597,
447,522,728,
459,514,585,
539,344,660,
550,461,675,
579,553,674,
486,567,681,
540,483,577,
525,403,683,
443,347,670,
350,444,599,
471,527,578,
566,394,576,
469,553,579,
346,433,537,
656,486,681,
354,530,646,
522,641,728,
534,349,593,
542,399,547,
449,569,580,
539,396,710,
548,467,598,
472,512,642,
539,495,637,
421,420,562,
452,521,563,
362,363,545,
518,571,721,
440,439,545,
532,371,676,
519,472,642,
403,525,680,
425,608,649,
550,675,727,
566,470,571,
425,424,608,
512,537,632,
510,648,651,
419,418,603,
512,472,618,
660,546,734,
426,425,649,
447,597,689,
543,465,594,
473,533,632,
477,517,693,
472,519,606,
461,591,675,
435,434,555,
585,514,689,
510,657,718,
573,493,657,
444,534,599,
497,582,617,
422,523,583,
516,491,659,
532,676,725,
571,470,721,
408,407,610,
395,394,566,
519,356,606,
386,387,548,
536,468,627,
520,438,612,
370,337,622,
388,389,554,
592,688,704,
542,460,699,
496,539,660,
397,396,539,
488,531,585,
551,487,628,
576,393,712,
347,366,593,
532,466,564,
570,379,607,
544,503,678,
514,459,628,
411,410,653,
459,551,628,
535,456,600,
496,547,729,
545,363,586,
598,467,715,
427,526,634,
495,566,571,
483,540,614,
499,542,631,
533,458,632,
400,399,542,
504,608,630,
694,595,709,
506,597,728,
548,387,661,
470,566,576,
485,525,682,
357,358,549,
521,482,636,
531,488,679,
356,519,723,
552,482,602,
345,571,673,
621,341,720,
592,498,688,
676,497,725,
474,565,589,
394,393,576,
455,552,602,
449,531,679,
448,592,595,
633,411,653,
538,474,664,
337,351,622,
531,459,585,
463,568,570,
383,572,652,
383,384,572,
588,353,646,
500,595,694,
600,468,731,
491,516,607,
378,379,570,
346,537,719,
603,501,625,
490,554,584,
440,545,586,
541,341,621,
530,355,723,
523,562,705,
516,570,607,
610,475,733,
375,376,541,
475,574,733,
575,462,656,
582,481,617,
554,475,584,
366,347,667,
528,621,720,
531,449,659,
503,544,600,
407,406,609,
490,548,661,
555,434,618,
417,416,558,
631,542,699,
568,378,570,
474,589,611,
434,346,719,
353,354,646,
523,471,583,
474,538,666,
540,460,546,
469,682,683,
527,448,695,
530,458,669,
537,433,601,
478,541,691,
587,447,655,
496,660,734,
377,378,568,
572,487,652,
399,398,547,
363,364,586,
547,398,729,
403,402,683,
591,509,675,
343,540,687,
572,502,635,
536,412,604,
468,536,716,
562,465,705,
535,600,731,
483,550,724,
602,508,681,
571,518,673,
539,496,729,
544,414,627,
542,499,722,
479,558,640,
588,489,616,
461,526,672,
468,544,627,
491,531,659,
528,374,621,
526,515,634,
460,540,577,
508,575,656,
489,530,669,
613,484,615,
481,588,616,
505,613,615,
340,372,638,
391,340,638,
456,559,640,
464,573,657,
551,459,590,
473,537,601,
471,523,705,
592,492,595,
591,461,672,
475,610,665,
657,493,718,
413,536,627,
569,477,580,
441,440,586,
351,352,582,
392,391,564,
549,472,606,
519,530,723,
390,574,668,
547,496,734,
342,411,677,
554,389,668,
386,548,598,
541,478,653,
508,602,623,
393,392,629,
682,525,683,
372,532,638,
688,462,704,
458,533,669,
626,510,718,
635,502,702,
510,626,648,
559,479,640,
610,513,665,
563,521,636,
450,557,581,
511,538,696,
565,476,589,
460,547,734,
537,512,719,
389,390,668,
531,491,706,
538,405,696,
381,590,690,
530,489,646,
423,422,583,
472,555,618,
494,629,654,
507,553,727,
402,401,596,
476,619,620,
553,451,727,
464,694,709,
499,631,692,
350,599,701,
571,345,637,
544,468,600,
467,563,636,
504,578,645,
482,552,636,
450,561,616,
602,482,623,
364,365,624,
438,437,612,
430,343,687,
626,485,648,
501,603,639,
533,489,669,
525,511,680,
553,507,674,
567,455,681,
586,364,624,
608,504,645,
452,584,665,
540,546,687,
558,479,650,
565,474,666,
466,532,725,
556,476,620,
474,609,664,
379,380,607,
375,541,621,
357,549,606,
603,479,639,
545,520,730,
362,545,730,
480,608,645,
537,473,632,
358,359,685,
624,365,667,
561,481,616,
400,542,722,
385,386,598,
393,629,712,
449,679,731,
582,497,622,
641,453,686,
374,375,621,
526,649,672,
541,376,691,
453,639,686,
455,567,635,
611,452,665,
351,582,622,
517,647,693,
405,538,664,
397,539,729,
445,556,620,
560,471,705,
552,467,636,
356,357,606,
433,432,601,
412,342,604,
414,413,627,
649,480,672,
522,587,688,
619,493,620,
591,480,645,
561,466,617,
562,420,625,
546,460,734,
360,361,605,
558,416,678,
549,358,685,
675,507,727,
556,445,623,
594,501,639,
437,436,735,
367,368,534,
569,449,731,
359,615,685,
581,494,713,
593,349,670,
565,457,619,
498,543,658,
476,565,619,
467,548,717,
475,554,668,
567,487,635,
663,527,695,
459,531,706,
578,454,645,
546,430,687,
554,490,661,
366,367,593,
607,380,690,
568,463,647,
534,368,599,
587,462,688,
418,417,650,
605,361,730,
472,549,732,
392,564,629,
477,536,604,
355,356,723,
423,583,630,
500,663,695,
567,514,628,
543,594,658,
448,543,708,
596,469,683,
343,429,614,
482,556,623,
388,554,661,
487,567,628,
568,478,691,
481,561,617,
436,613,735,
578,504,711,
532,564,638,
574,475,668,
520,605,730,
487,551,652,
495,571,637,
454,591,645,
549,484,732,
405,404,696,
566,495,710,
548,490,717,
466,561,654,
365,366,667,
471,578,711,
577,483,724,
603,418,650,
404,403,680,
484,549,685,
543,498,708,
404,680,696,
441,586,624,
487,572,635,
589,452,611,
555,484,662,
555,472,732,
417,558,650,
503,558,678,
484,555,732,
453,594,639,
478,568,647,
374,528,684,
551,382,652,
380,381,690,
517,633,647,
465,560,705,
352,353,697,
502,572,698,
647,463,693,
579,446,648,
489,588,646,
420,419,625,
608,480,649,
488,535,679,
442,441,624,
435,555,662,
679,535,731,
367,534,593,
402,596,683,
424,423,630,
499,596,722,
436,435,662,
552,455,702,
446,579,674,
477,569,716,
597,488,689,
557,518,721,
577,451,631,
498,641,688,
536,477,716,
505,605,612,
428,427,634,
605,520,612,
353,588,697,
598,502,698,
601,432,673,
491,607,690,
347,442,667,
618,434,719,
368,369,736,
442,624,667,
644,500,694,
561,450,713,
558,503,640,
612,437,735,
572,384,698,
457,565,666,
373,374,684,
486,587,655,
382,383,652,
494,654,713,
429,428,643,
480,591,672,
492,573,709,
614,429,643,
641,522,688,
581,557,721,
575,492,704,
573,464,709,
462,575,704,
559,456,726,
485,579,648,
580,477,693,
481,582,697,
385,598,698,
467,552,715,
395,566,710,
490,563,717,
524,644,694,
470,581,721,
502,598,715,
359,360,707,
559,506,686,
451,577,724,
377,568,691,
584,475,665,
387,388,661,
428,634,643,
587,486,656,
344,431,660,
680,511,696,
564,391,638,
588,481,697,
406,405,664,
563,467,717,
613,436,662,
462,587,656,
501,594,714,
488,585,689,
376,377,691,
506,559,726,
469,596,692,
494,576,712,
596,499,692,
574,409,733,
596,401,722,
579,485,682,
724,550,727,
398,397,729,
465,562,714,
401,400,722,
396,395,710,
369,338,703,
594,465,714,
432,345,673,
371,370,676,
448,595,695,
338,373,703,
599,529,701,
384,385,698,
416,415,678,
703,529,736,
469,579,682,
479,603,650,
578,527,663,
409,408,733,
553,469,692,
633,478,647,
651,464,657,
500,644,663,
349,443,670,
454,578,663,
595,500,695,
361,362,730,
599,368,736,
456,597,726,
592,448,708,
626,457,671,
370,622,676,
463,580,693,
491,590,706,
450,581,713,
484,613,662,
451,724,727,
641,498,658,
590,459,706,
582,352,697,
594,453,658,
590,491,690,
605,505,707,
615,359,707,
360,605,707,
498,592,708,
630,583,711,
634,515,643,
562,625,714,
597,506,726,
510,651,657,
583,471,711,
615,484,685,
512,618,719,
609,406,664,
468,716,731,
453,641,658,
644,454,663,
455,602,681,
625,501,714,
513,611,665,
622,497,676,
684,528,701,
633,517,677,
651,524,694,
497,617,725,
369,703,736,
629,494,712,
505,612,735,
347,593,670,
485,626,671,
460,577,699,
619,457,718,
455,635,702,
492,592,704,
493,619,718,
464,651,694,
595,492,709,
617,466,725,
716,569,731,
478,633,653,
529,684,701,
505,615,707,
552,702,715,
411,633,677,
675,509,700,
408,610,733,
613,505,735,
702,502,715,
684,529,703,
577,631,699,
507,675,700,
350,701,720,
674,507,700,
654,561,713,
457,626,718,
504,630,711,
446,674,700,
529,599,736,
373,684,703,
701,528,720,
341,350,720,
443,737,347,
443,348,737,
738,766,767,
767,739,738,
739,767,768,
768,740,739,
740,768,769,
769,741,740,
741,769,770,
770,742,741,
742,770,771,
771,743,742,
743,771,772,
772,744,743,
744,772,773,
773,745,744,
745,773,774,
774,746,745,
746,774,775,
775,747,746,
747,775,776,
776,748,747,
748,776,777,
777,749,748,
749,777,778,
778,750,749,
750,778,779,
779,751,750,
751,779,780,
780,752,751,
752,780,781,
781,753,752,
753,781,782,
782,754,753,
754,782,783,
783,755,754,
755,783,784,
784,756,755,
756,784,785,
785,757,756,
757,785,786,
786,758,757,
758,786,787,
787,759,758,
759,787,788,
788,760,759,
760,788,789,
789,761,760,
761,789,790,
790,762,761,
762,790,791,
791,763,762,
763,791,792,
792,764,763,
764,792,793,
793,765,764,
766,794,795,
795,767,766,
767,795,796,
796,768,767,
768,796,797,
797,769,768,
769,797,798,
798,770,769,
770,798,799,
799,771,770,
771,799,800,
800,772,771,
772,800,801,
801,773,772,
773,801,802,
802,774,773,
774,802,803,
803,775,774,
775,803,804,
804,776,775,
776,804,805,
805,777,776,
777,805,806,
806,778,777,
778,806,807,
807,779,778,
779,807,808,
808,780,779,
780,808,809,
809,781,780,
781,809,810,
810,782,781,
782,810,811,
811,783,782,
783,811,812,
812,784,783,
784,812,813,
813,785,784,
785,813,814,
814,786,785,
786,814,815,
815,787,786,
787,815,816,
816,788,787,
788,816,817,
817,789,788,
789,817,818,
818,790,789,
790,818,819,
819,791,790,
791,819,820,
820,792,791,
792,820,821,
821,793,792,
794,822,823,
823,795,794,
795,823,824,
824,796,795,
796,824,825,
825,797,796,
797,825,826,
826,798,797,
798,826,827,
827,799,798,
799,827,828,
828,800,799,
800,828,829,
829,801,800,
801,829,830,
830,802,801,
802,830,831,
831,803,802,
803,831,832,
832,804,803,
804,832,833,
833,805,804,
805,833,834,
834,806,805,
806,834,835,
835,807,806,
807,835,836,
836,808,807,
808,836,837,
837,809,808,
809,837,838,
838,810,809,
810,838,839,
839,811,810,
811,839,840,
840,812,811,
812,840,841,
841,813,812,
813,841,842,
842,814,813,
814,842,843,
843,815,814,
815,843,844,
844,816,815,
816,844,845,
845,817,816,
817,845,846,
846,818,817,
818,846,847,
847,819,818,
819,847,848,
848,820,819,
820,848,849,
849,821,820,
822,850,851,
851,823,822,
823,851,852,
852,824,823,
824,852,853,
853,825,824,
825,853,854,
854,826,825,
826,854,855,
855,827,826,
827,855,856,
856,828,827,
828,856,857,
857,829,828,
829,857,858,
858,830,829,
830,858,859,
859,831,830,
831,859,860,
860,832,831,
832,860,861,
861,833,832,
833,861,862,
862,834,833,
834,862,863,
863,835,834,
835,863,864,
864,836,835,
836,864,865,
865,837,836,
837,865,866,
866,838,837,
838,866,867,
867,839,838,
839,867,868,
868,840,839,
840,868,869,
869,841,840,
841,869,870,
870,842,841,
842,870,871,
871,843,842,
843,871,872,
872,844,843,
844,872,873,
873,845,844,
845,873,874,
874,846,845,
846,874,875,
875,847,846,
847,875,876,
876,848,847,
848,876,877,
877,849,848,
850,878,879,
879,851,850,
851,879,880,
880,852,851,
852,880,881,
881,853,852,
853,881,882,
882,854,853,
854,882,883,
883,855,854,
855,883,884,
884,856,855,
856,884,885,
885,857,856,
857,885,886,
886,858,857,
858,886,887,
887,859,858,
859,887,888,
888,860,859,
860,888,889,
889,861,860,
861,889,890,
890,862,861,
862,890,891,
891,863,862,
863,891,892,
892,864,863,
864,892,893,
893,865,864,
865,893,894,
894,866,865,
866,894,895,
895,867,866,
867,895,896,
896,868,867,
868,896,897,
897,869,868,
869,897,898,
898,870,869,
870,898,899,
899,871,870,
871,899,900,
900,872,871,
872,900,901,
901,873,872,
873,901,902,
902,874,873,
874,902,903,
903,875,874,
875,903,904,
904,876,875,
876,904,905,
905,877,876,
878,906,907,
907,879,878,
879,907,908,
908,880,879,
880,908,909,
909,881,880,
881,909,910,
910,882,881,
882,910,911,
911,883,882,
883,911,912,
912,884,883,
884,912,913,
913,885,884,
885,913,914,
914,886,885,
886,914,915,
915,887,886,
887,915,916,
916,888,887,
888,916,917,
917,889,888,
889,917,918,
918,890,889,
890,918,919,
919,891,890,
891,919,920,
920,892,891,
892,920,921,
921,893,892,
893,921,922,
922,894,893,
894,922,923,
923,895,894,
895,923,924,
924,896,895,
896,924,925,
925,897,896,
897,925,926,
926,898,897,
898,926,927,
927,899,898,
899,927,928,
928,900,899,
900,928,929,
929,901,900,
901,929,930,
930,902,901,
902,930,931,
931,903,902,
903,931,932,
932,904,903,
904,932,933,
933,905,904,
906,934,935,
935,907,906,
907,935,936,
936,908,907,
908,936,937,
937,909,908,
909,937,938,
938,910,909,
910,938,939,
939,911,910,
911,939,940,
940,912,911,
912,940,941,
941,913,912,
913,941,942,
942,914,913,
914,942,943,
943,915,914,
915,943,944,
944,916,915,
916,944,945,
945,917,916,
917,945,946,
946,918,917,
918,946,947,
947,919,918,
919,947,948,
948,920,919,
920,948,949,
949,921,920,
921,949,950,
950,922,921,
922,950,951,
951,923,922,
923,951,952,
952,924,923,
924,952,953,
953,925,924,
925,953,954,
954,926,925,
926,954,955,
955,927,926,
927,955,956,
956,928,927,
928,956,957,
957,929,928,
929,957,958,
958,930,929,
930,958,959,
959,931,930,
931,959,960,
960,932,931,
932,960,961,
961,933,932,
934,962,963,
963,935,934,
935,963,964,
964,936,935,
936,964,965,
965,937,936,
937,965,966,
966,938,937,
938,966,967,
967,939,938,
939,967,968,
968,940,939,
940,968,969,
969,941,940,
941,969,970,
970,942,941,
942,970,971,
971,943,942,
943,971,972,
972,944,943,
944,972,973,
973,945,944,
945,973,974,
974,946,945,
946,974,975,
975,947,946,
947,975,976,
976,948,947,
948,976,977,
977,949,948,
949,977,978,
978,950,949,
950,978,979,
979,951,950,
951,979,980,
980,952,951,
952,980,981,
981,953,952,
953,981,982,
982,954,953,
954,982,983,
983,955,954,
955,983,984,
984,956,955,
956,984,985,
985,957,956,
957,985,986,
986,958,957,
958,986,987,
987,959,958,
959,987,988,
988,960,959,
960,988,989,
989,961,960,
962,990,991,
991,963,962,
963,991,992,
992,964,963,
964,992,993,
993,965,964,
965,993,994,
994,966,965,
966,994,995,
995,967,966,
967,995,996,
996,968,967,
968,996,997,
997,969,968,
969,997,998,
998,970,969,
970,998,999,
999,971,970,
971,999,1000,
1000,972,971,
972,1000,1001,
1001,973,972,
973,1001,1002,
1002,974,973,
974,1002,1003,
1003,975,974,
975,1003,1004,
1004,976,975,
976,1004,1005,
1005,977,976,
977,1005,1006,
1006,978,977,
978,1006,1007,
1007,979,978,
979,1007,1008,
1008,980,979,
980,1008,1009,
1009,981,980,
981,1009,1010,
1010,982,981,
982,1010,1011,
1011,983,982,
983,1011,1012,
1012,984,983,
984,1012,1013,
1013,985,984,
985,1013,1014,
1014,986,985,
986,1014,1015,
1015,987,986,
987,1015,1016,
1016,988,987,
988,1016,1017,
1017,989,988,
990,1018,1019,
1019,991,990,
991,1019,1020,
1020,992,991,
992,1020,1021,
1021,993,992,
993,1021,1022,
1022,994,993,
994,1022,1023,
1023,995,994,
995,1023,1024,
1024,996,995,
996,1024,1025,
1025,997,996,
997,1025,1026,
1026,998,997,
998,1026,1027,
1027,999,998,
999,1027,1028,
1028,1000,999,
1000,1028,1029,
1029,1001,1000,
1001,1029,1030,
1030,1002,1001,
1002,1030,1031,
1031,1003,1002,
1003,1031,1032,
1032,1004,1003,
1004,1032,1033,
1033,1005,1004,
1005,1033,1034,
1034,1006,1005,
1006,1034,1035,
1035,1007,1006,
1007,1035,1036,
1036,1008,1007,
1008,1036,1037,
1037,1009,1008,
1009,1037,1038,
1038,1010,1009,
1010,1038,1039,
1039,1011,1010,
1011,1039,1040,
1040,1012,1011,
1012,1040,1041,
1041,1013,1012,
1013,1041,1042,
1042,1014,1013,
1014,1042,1043,
1043,1015,1014,
1015,1043,1044,
1044,1016,1015,
1016,1044,1045,
1045,1017,1016,
1018,1046,1047,
1047,1019,1018,
1019,1047,1048,
1048,1020,1019,
1020,1048,1049,
1049,1021,1020,
1021,1049,1050,
1050,1022,1021,
1022,1050,1051,
1051,1023,1022,
1023,1051,1052,
1052,1024,1023,
1024,1052,1053,
1053,1025,1024,
1025,1053,1054,
1054,1026,1025,
1026,1054,1055,
1055,1027,1026,
1027,1055,1056,
1056,1028,1027,
1028,1056,1057,
1057,1029,1028,
1029,1057,1058,
1058,1030,1029,
1030,1058,1059,
1059,1031,1030,
1031,1059,1060,
1060,1032,1031,
1032,1060,1061,
1061,1033,1032,
1033,1061,1062,
1062,1034,1033,
1034,1062,1063,
1063,1035,1034,
1035,1063,1064,
1064,1036,1035,
1036,1064,1065,
1065,1037,1036,
1037,1065,1066,
1066,1038,1037,
1038,1066,1067,
1067,1039,1038,
1039,1067,1068,
1068,1040,1039,
1040,1068,1069,
1069,1041,1040,
1041,1069,1070,
1070,1042,1041,
1042,1070,1071,
1071,1043,1042,
1043,1071,1072,
1072,1044,1043,
1044,1072,1073,
1073,1045,1044,
1304,1251,1223,
1311,409,1127,
1414,1079,1341,
1267,1195,1256,
409,339,1127,
1297,1185,1280,
1381,1191,1246,
1326,1258,1213,
1318,1313,1207,
1318,1231,1313,
1437,1261,1246,
1328,1246,1191,
1423,1216,1376,
1317,1186,1253,
1263,1252,1198,
1386,1163,1164,
1297,1264,1185,
1338,1210,1255,
1326,1189,1258,
1353,1187,1270,
1287,1252,1220,
1392,1223,1251,
1281,1151,1152,
1386,1164,1263,
1423,1296,1216,
1334,1272,1193,
1410,1338,1255,
1353,1270,1226,
1282,1257,1176,
1408,1248,1403,
1347,1250,407,
1271,1086,1181,
1390,1078,1147,
1257,1175,1176,
1380,1220,1252,
1357,1310,1230,
1391,1203,1366,
1368,1290,1188,
1294,1210,1270,
1369,1249,1195,
1327,1288,1118,
1408,1403,1194,
1437,1183,1261,
1415,1281,1152,
1408,1222,1262,
1374,1276,1081,
1260,1158,1159,
1341,1214,1254,
1346,407,1250,
1397,1283,1168,
1379,1256,1195,
1367,1161,1345,
1299,1158,1260,
1390,1278,1078,
1293,1258,1219,
1388,1183,1385,
1312,1229,1310,
1414,1341,1254,
1366,1203,1301,
1348,1211,1346,
1284,1279,1197,
1293,1213,1258,
1317,1253,1200,
1267,1092,1091,
1287,1198,1252,
1426,1392,1251,
1321,1300,1189,
1465,1243,1378,
1283,1167,1168,
1426,1184,1392,
1357,1182,1310,
1377,1193,1240,
1294,1270,1187,
1360,1312,1182,
1297,1280,1202,
1362,1340,1156,
1307,1200,1253,
1423,1378,1243,
1288,1119,1118,
1348,1346,1250,
1360,1245,1312,
1294,1255,1210,
1374,1081,1082,
1269,1108,1109,
1447,1276,1232,
1408,1262,1248,
1324,1184,1259,
1321,1227,1300,
1429,1290,1368,
1396,1253,1186,
1418,1393,1245,
1351,1080,1277,
1297,1208,1264,
1337,1240,1193,
1380,1351,1220,
1273,1149,1150,
1465,1184,1334,
1381,1246,1261,
1379,1195,1249,
1388,1261,1183,
1312,1310,1182,
1403,1248,1275,
1334,1225,1272,
1465,1259,1184,
1322,1251,1196,
1397,1081,1276,
1412,1198,1287,
1411,1290,1316,
1418,1304,1223,
1314,1220,1277,
1420,403,1262,
1407,1084,1180,
1336,1181,1087,
1315,1264,1208,
1313,394,1303,
1316,1290,1206,
1274,1170,1083,
1418,1223,1393,
1383,1267,1091,
1465,1378,1259,
1330,1086,1271,
1284,399,1279,
1317,1306,1186,
1447,396,1276,
1335,1204,1285,
1379,1249,1209,
1374,1232,1276,
1299,1157,1158,
1300,1258,1189,
1282,1100,1099,
1458,1308,1255,
1282,1176,1177,
1413,1108,1269,
1379,1209,1256,
1417,1262,403,
1386,1345,1162,
1464,1412,1287,
1308,1207,1303,
1345,1161,1162,
1369,1274,1249,
1388,1385,1247,
1340,1155,1156,
1355,1209,1249,
1471,1283,1397,
1386,1162,1163,
1426,1334,1184,
1331,1202,1280,
1369,1270,1210,
1430,1254,1214,
1343,1256,1209,
1412,1328,1198,
1292,1171,1172,
1426,1251,1322,
1455,1394,1247,
1394,1230,1310,
1336,1271,1181,
1354,1319,1234,
1320,1260,1159,
1396,1228,1253,
1462,1413,1269,
1458,1207,1308,
1347,407,408,
1303,394,395,
1343,1093,1256,
1285,1124,1123,
1364,1205,1273,
1349,1175,1257,
1359,1074,1107,
1291,1126,1125,
1441,1425,1329,
1436,1197,1279,
1397,1276,1233,
1276,396,397,
1322,1268,1225,
1365,1224,1288,
1449,393,1313,
1330,1103,1084,
1301,1203,1269,
1344,1116,1307,
1415,1240,1281,
1365,1196,1251,
1390,1147,1148,
1365,1288,1196,
1337,1193,1272,
1466,1284,1233,
1323,1100,1282,
1452,1204,1335,
1371,1263,1164,
1308,1303,1232,
1351,1277,1220,
1368,1279,1236,
1369,1195,1270,
1279,399,400,
1367,1345,1241,
1446,1332,1431,
1465,1334,1243,
1398,1124,1285,
1313,1303,1207,
1419,1262,1222,
1286,1095,1094,
1373,1219,1258,
1416,1225,1268,
1460,1256,1093,
1339,1219,1289,
1410,1308,1082,
1457,1078,1358,
1425,1235,1329,
1462,1234,1413,
1326,1302,1211,
1313,393,394,
1339,1289,1192,
1416,1268,1186,
1332,1329,1185,
1390,1148,1370,
1401,1211,1275,
1359,1088,1074,
1322,1196,1268,
1307,1305,1200,
1389,1309,1120,
1309,1121,1120,
1383,1090,1325,
1431,1332,1237,
1468,1205,1337,
1344,1253,1228,
1307,1116,1115,
1456,1274,1083,
1362,1238,1340,
1321,1291,1227,
1323,1282,1177,
1358,1078,1278,
1460,1092,1267,
1442,1299,1260,
1344,1307,1253,
1470,1212,1347,
1278,1113,1112,
1470,1311,1212,
1393,1199,1312,
1354,1218,1319,
1321,1212,1291,
1404,1084,1103,
1457,1358,1265,
1396,1186,1268,
1337,1281,1240,
1346,406,407,
1398,1285,1227,
1355,1171,1292,
1295,1153,1154,
1436,1279,1368,
1307,1115,1305,
1348,1326,1211,
1456,1083,1171,
1383,1091,1090,
1320,1208,1260,
1403,1275,1211,
1283,1197,1277,
1420,1419,1206,
1432,1185,1264,
1406,1195,1267,
1338,1170,1274,
1428,1278,1215,
1392,1184,1324,
1471,1397,1233,
1305,1115,1114,
1389,1224,1309,
1284,398,399,
1323,1101,1100,
1466,398,1284,
1420,402,403,
1412,1246,1328,
1424,1277,1080,
1372,1239,1309,
1341,1149,1273,
1453,1273,1205,
1442,1202,1299,
1468,1337,1272,
1461,1287,1220,
1418,1245,1339,
1410,1255,1308,
1466,1233,1276,
1364,1151,1281,
1459,1236,1279,
1377,1295,1216,
1353,1226,1325,
1409,1263,1198,
1364,1281,1205,
1396,1268,1228,
1358,1111,1265,
1371,1252,1263,
1314,1277,1197,
1393,1312,1245,
1406,1267,1226,
1352,1221,1350,
1353,1325,1218,
1352,1350,1242,
1375,1109,340,
1375,340,391,
1377,1296,1193,
1394,1310,1201,
1327,1196,1288,
1338,1274,1210,
1442,1260,1208,
1332,1229,1329,
1409,1198,1328,
1402,1347,1212,
1455,1230,1394,
1364,1273,1150,
1317,1214,1306,
1323,1177,1178,
1319,1089,1088,
1301,391,392,
1343,1209,1286,
1460,1267,1256,
1405,1311,1127,
1471,1233,1284,
1414,1148,1079,
1405,1126,1291,
1335,1285,1123,
1390,1215,1278,
1360,1339,1245,
1366,392,393,
1420,1262,1419,
1375,1269,1109,
1441,1199,1425,
1406,1270,1195,
1455,1247,1363,
1439,1239,1372,
1385,1363,1247,
1377,1216,1296,
1402,1250,1347,
1373,1258,1300,
1318,1294,1187,
1433,1275,1248,
1326,1213,1302,
1471,1284,1197,
1456,1249,1274,
1405,1127,1126,
1443,1228,1268,
1433,405,1275,
1427,1327,1118,
1383,1226,1267,
1320,1159,1160,
1355,1292,1209,
1391,1366,1231,
1464,1290,1244,
1333,401,402,
1357,1356,1213,
1464,1188,1290,
1446,1431,1201,
1429,1368,1236,
1438,1336,1087,
1374,1082,1308,
1337,1205,1281,
1373,1300,1204,
1382,1315,1241,
1373,1289,1219,
1353,1298,1187,
1360,1219,1339,
1361,1102,1101,
1349,1174,1175,
1424,1080,1167,
1385,1222,1363,
1376,1340,1238,
1406,1226,1270,
1417,1248,1262,
1411,1244,1290,
1418,1192,1304,
1361,1101,1323,
1382,1241,1345,
1402,1321,1189,
1424,1283,1277,
1387,1216,1295,
1403,1211,1302,
1462,1269,1203,
1357,1213,1293,
1401,1346,1211,
1344,1117,1116,
1358,1278,1112,
1343,1286,1094,
1376,1216,1340,
1467,1257,1282,
1467,1282,1099,
1382,1345,1217,
1369,1210,1274,
1422,1096,1095,
1404,1102,1361,
1353,1218,1298,
1459,1279,400,
1335,1123,1122,
1449,1366,393,
1468,1416,1186,
1359,1234,1319,
1423,1190,1378,
1358,1112,1111,
1409,1386,1263,
1428,1113,1278,
1423,1376,1190,
1372,1304,1192,
1402,1189,1348,
1359,1319,1088,
1430,1384,1254,
1401,1275,405,
1466,1276,397,
1357,1293,1182,
1442,1208,1297,
1373,1204,1289,
1343,1094,1093,
1338,1169,1170,
1341,1079,1149,
1364,1150,1151,
1409,1217,1386,
1425,1324,1259,
1357,1230,1356,
1382,1217,1328,
1354,1203,1298,
1362,1157,1299,
1471,1197,1283,
1342,1098,1097,
1415,1153,1295,
1422,1095,1286,
1464,1244,1412,
1360,1182,1293,
1376,1238,1331,
1472,1173,1174,
1271,1105,1104,
1468,1186,1306,
1422,1352,1096,
1450,1231,1318,
1407,1086,1330,
1356,1194,1302,
1395,1280,1235,
1356,1302,1213,
1454,1285,1204,
1405,1291,1212,
1372,1224,1304,
1432,1264,1400,
1443,1268,1196,
1382,1191,1315,
1424,1167,1283,
1398,1227,1291,
1330,1104,1103,
1427,1117,1344,
1384,1200,1305,
1336,1105,1271,
1425,1199,1324,
1387,1154,1155,
1467,1098,1342,
1469,1286,1209,
1366,1301,392,
1341,1273,1214,
1460,1093,1092,
1367,1320,1160,
1432,1400,1237,
1365,1251,1304,
1395,1331,1280,
1445,1280,1185,
1420,1206,1333,
1351,1166,1080,
1360,1293,1219,
1398,1291,1125,
1365,1304,1224,
1428,1215,1305,
1354,1298,1218,
1472,1350,1173,
1448,1241,1315,
1375,1301,1269,
1405,1212,1311,
1467,1342,1257,
1389,1288,1224,
1374,1308,1232,
1382,1328,1191,
1469,1221,1286,
1433,404,405,
1447,1232,1303,
1454,1227,1285,
1391,1298,1203,
1404,1103,1102,
1448,1315,1208,
1461,1220,1314,
1387,1155,1340,
1417,403,404,
1422,1286,1221,
1445,1235,1280,
1433,1417,404,
1361,1323,1178,
1372,1309,1224,
1348,1189,1326,
1399,1221,1292,
1469,1209,1292,
1387,1295,1154,
1415,1295,1240,
1469,1292,1221,
1376,1331,1190,
1384,1305,1215,
1421,1265,1111,
1389,1119,1288,
1427,1118,1117,
1384,1370,1254,
1442,1297,1202,
1434,1090,1089,
1435,1309,1239,
1430,1200,1384,
1385,1183,1316,
1383,1325,1226,
1362,1156,1157,
1386,1217,1345,
1416,1272,1225,
1361,1178,1179,
1399,1292,1172,
1468,1272,1416,
1330,1271,1104,
1420,1333,402,
1367,1160,1161,
1459,1333,1236,
1399,1172,1173,
1439,1192,1289,
1411,1316,1183,
1453,1306,1214,
1426,1225,1334,
1458,1255,1294,
1368,1188,1314,
1425,1378,1235,
1453,1214,1273,
1349,1342,1242,
1371,1164,1165,
1349,1257,1342,
1434,1325,1090,
1435,1239,1335,
1410,1169,1338,
1427,1344,1228,
1404,1179,1084,
1456,1171,1355,
1473,1106,1105,
1404,1361,1179,
1431,1237,1381,
1450,1187,1298,
1377,1240,1295,
1472,1174,1349,
1435,1121,1309,
1403,1302,1194,
1421,1111,1110,
1392,1324,1223,
1389,1120,1119,
1450,1391,1231,
1380,1165,1166,
1409,1328,1217,
1446,1310,1229,
1380,1166,1351,
1425,1259,1378,
1458,1294,1318,
1441,1229,1312,
1446,1201,1310,
1441,1312,1199,
1463,1193,1296,
1385,1316,1222,
1430,1214,1317,
1434,1319,1218,
1435,1335,1122,
1452,1289,1204,
1447,1303,395,
1454,1300,1227,
1431,1381,1261,
1458,1318,1207,
1452,1335,1239,
1444,1097,1096,
1423,1243,1296,
1461,1314,1188,
1428,1305,1114,
1402,1212,1321,
1398,1125,1124,
1380,1371,1165,
1393,1223,1324,
1397,1168,1081,
1433,1248,1417,
1375,391,1301,
1434,1218,1325,
1401,405,406,
1454,1204,1300,
1399,1173,1350,
1393,1324,1199,
1451,1331,1238,
1426,1322,1225,
1428,1114,1113,
1463,1296,1243,
1429,1333,1206,
1449,1313,1231,
1429,1236,1333,
1470,409,1311,
1459,401,1333,
1419,1222,1316,
1464,1287,1461,
1466,397,398,
1451,1299,1202,
1459,400,401,
1447,395,396,
1440,1075,1106,
1451,1202,1331,
1410,1082,1169,
1413,1107,1108,
1432,1332,1185,
1440,1110,1075,
1438,1266,1336,
1435,1122,1121,
1415,1152,1153,
1473,1266,1440,
1419,1316,1206,
1387,1340,1216,
1400,1264,1315,
1470,408,409,
1429,1206,1290,
1384,1215,1370,
1394,1201,1388,
1400,1381,1237,
1407,1180,1086,
1400,1315,1191,
1432,1237,1332,
1467,1099,1098,
1473,1105,1336,
1463,1334,1193,
1445,1185,1329,
1408,1194,1363,
1413,1359,1107,
1430,1317,1200,
1443,1327,1228,
1450,1318,1187,
1399,1350,1221,
1464,1461,1188,
1395,1235,1378,
1443,1196,1327,
1434,1089,1319,
1395,1190,1331,
1427,1228,1327,
1444,1242,1342,
1444,1096,1352,
1444,1342,1097,
1445,1329,1235,
1448,1320,1367,
1380,1252,1371,
1451,1362,1299,
1463,1243,1334,
1394,1388,1247,
1448,1208,1320,
1422,1221,1352,
1456,1355,1249,
1401,406,1346,
1468,1453,1205,
1395,1378,1190,
1400,1191,1381,
1418,1339,1192,
1451,1238,1362,
1402,1348,1250,
1413,1234,1359,
1438,1265,1421,
1414,1254,1370,
1431,1261,1388,
1462,1354,1234,
1473,1440,1106,
1449,1231,1366,
1472,1349,1242,
1407,1330,1084,
1408,1363,1222,
1436,1314,1197,
1455,1194,1356,
1439,1372,1192,
1441,1329,1229,
1455,1356,1230,
1431,1388,1201,
1446,1229,1332,
1462,1203,1354,
1468,1306,1453,
1390,1370,1215,
1438,1421,1266,
1444,1352,1242,
1452,1439,1289,
1414,1370,1148,
1437,1246,1412,
1470,1347,408,
1472,1242,1350,
1452,1239,1439,
1440,1266,1421,
1436,1368,1314,
1437,1412,1244,
1457,1438,1087,
1437,1244,1411,
1450,1298,1391,
1455,1363,1194,
1448,1367,1241,
1437,1411,1183,
1473,1336,1266,
1440,1421,1110,
1457,1265,1438,
1457,1087,1078,
1084,1474,1180,
1474,1085,1180,
51.98488 ,20.56906 ,
52.95081 ,20.31024 ,
54.01332 ,20.02554 ,
55.18209 ,19.71237 ,
56.46678 ,19.36814 ,
57.88669 ,18.98769 ,
59.44183 ,18.57097 ,
61.15152 ,18.11287 ,
63.03507 ,17.60817 ,
65.10215 ,17.05430 ,
67.38174 ,16.44348 ,
69.88349 ,15.77314 ,
72.63637 ,15.03551 ,
74.96426 ,14.41175 ,
77.30180 ,13.78541 ,
79.62968 ,13.16166 ,
82.38257 ,12.42402 ,
84.88431 ,11.75369 ,
87.16390 ,11.14287 ,
89.23098 ,10.58900 ,
91.11454 ,10.08430 ,
92.82422 ,9.62619 ,
94.37936 ,9.20949 ,
95.79928 ,8.82904 ,
97.08396 ,8.48480 ,
98.25273 ,8.17162 ,
99.31526 ,7.88693 ,
100.28117 ,7.62811 ,
52.24370 ,21.53499 ,
53.20962 ,21.27617 ,
54.27214 ,20.99147 ,
55.44091 ,20.67829 ,
56.72559 ,20.33407 ,
58.14551 ,19.95360 ,
59.70065 ,19.53690 ,
61.41034 ,19.07879 ,
63.29389 ,18.57410 ,
65.36097 ,18.02021 ,
67.64056 ,17.40941 ,
70.14230 ,16.73906 ,
72.89519 ,16.00143 ,
75.22307 ,15.37768 ,
77.56061 ,14.75134 ,
79.88850 ,14.12758 ,
82.64138 ,13.38995 ,
85.14313 ,12.71962 ,
87.42272 ,12.10880 ,
89.48980 ,11.55492 ,
91.37335 ,11.05024 ,
93.08304 ,10.59212 ,
94.63818 ,10.17542 ,
96.05809 ,9.79495 ,
97.34278 ,9.45072 ,
98.51155 ,9.13755 ,
99.57406 ,8.85285 ,
100.53999 ,8.59403 ,
52.52840 ,22.59750 ,
53.49433 ,22.33869 ,
54.55684 ,22.05398 ,
55.72561 ,21.74081 ,
57.01029 ,21.39658 ,
58.43021 ,21.01612 ,
59.98535 ,20.59942 ,
61.69504 ,20.14132 ,
63.57859 ,19.63661 ,
65.64567 ,19.08274 ,
67.92527 ,18.47193 ,
70.42701 ,17.80159 ,
73.17989 ,17.06395 ,
75.50778 ,16.44020 ,
77.84532 ,15.81386 ,
80.17320 ,15.19010 ,
82.92609 ,14.45247 ,
85.42783 ,13.78213 ,
87.70742 ,13.17131 ,
89.77450 ,12.61744 ,
91.65806 ,12.11273 ,
93.36774 ,11.65463 ,
94.92288 ,11.23794 ,
96.34281 ,10.85747 ,
97.62748 ,10.51324 ,
98.79625 ,10.20007 ,
99.85877 ,9.91537 ,
100.82469 ,9.65655 ,
52.84157 ,23.76627 ,
53.80750 ,23.50746 ,
54.87002 ,23.22275 ,
56.03879 ,22.90958 ,
57.32347 ,22.56535 ,
58.74339 ,22.18489 ,
60.29852 ,21.76819 ,
62.00821 ,21.31009 ,
63.89176 ,20.80538 ,
65.95884 ,20.25151 ,
68.23843 ,19.64071 ,
70.74018 ,18.97036 ,
73.49307 ,18.23272 ,
75.82095 ,17.60897 ,
78.15849 ,16.98263 ,
80.48637 ,16.35887 ,
83.23926 ,15.62124 ,
85.74100 ,14.95090 ,
88.02059 ,14.34008 ,
90.08767 ,13.78621 ,
91.97122 ,13.28151 ,
93.68091 ,12.82340 ,
95.23606 ,12.40671 ,
96.65598 ,12.02624 ,
97.94065 ,11.68201 ,
99.10942 ,11.36884 ,
100.17194 ,11.08414 ,
101.13786 ,10.82532 ,
53.18580 ,25.05096 ,
54.15173 ,24.79213 ,
55.21424 ,24.50744 ,
56.38301 ,24.19426 ,
57.66770 ,23.85003 ,
59.08761 ,23.46957 ,
60.64275 ,23.05287 ,
62.35244 ,22.59476 ,
64.23599 ,22.09007 ,
66.30306 ,21.53619 ,
68.58266 ,20.92538 ,
71.08441 ,20.25504 ,
73.83729 ,19.51740 ,
76.16518 ,18.89365 ,
78.50272 ,18.26731 ,
80.83060 ,17.64355 ,
83.58349 ,16.90592 ,
86.08523 ,16.23558 ,
88.36482 ,15.62477 ,
90.43190 ,15.07089 ,
92.31546 ,14.56620 ,
94.02514 ,14.10809 ,
95.58028 ,13.69139 ,
97.00020 ,13.31092 ,
98.28488 ,12.96669 ,
99.45365 ,12.65352 ,
100.51617 ,12.36882 ,
101.48209 ,12.11000 ,
53.50674 ,26.24870 ,
54.47267 ,25.98988 ,
55.53518 ,25.70518 ,
56.70395 ,25.39201 ,
57.98863 ,25.04778 ,
59.40854 ,24.66732 ,
60.96368 ,24.25062 ,
62.67337 ,23.79251 ,
64.55693 ,23.28781 ,
66.62401 ,22.73394 ,
68.90359 ,22.12313 ,
71.40534 ,21.45279 ,
74.15823 ,20.71515 ,
76.48611 ,20.09140 ,
78.82365 ,19.46506 ,
81.15154 ,18.84130 ,
83.90442 ,18.10367 ,
86.40617 ,17.43333 ,
88.68574 ,16.82251 ,
90.75284 ,16.26864 ,
92.63639 ,15.76394 ,
94.34608 ,15.30583 ,
95.90122 ,14.88914 ,
97.32113 ,14.50867 ,
98.60582 ,14.16444 ,
99.77459 ,13.85127 ,
100.83710 ,13.56657 ,
101.80303 ,13.30775 ,
53.82767 ,27.44645 ,
54.79360 ,27.18763 ,
55.85612 ,26.90293 ,
57.02489 ,26.58976 ,
58.30957 ,26.24553 ,
59.72947 ,25.86507 ,
61.28462 ,25.44836 ,
62.99431 ,24.99026 ,
64.87786 ,24.48556 ,
66.94494 ,23.93169 ,
69.22452 ,23.32088 ,
71.72628 ,22.65053 ,
74.47917 ,21.91289 ,
76.80705 ,21.28916 ,
79.14459 ,20.66280 ,
81.47247 ,20.03905 ,
84.22536 ,19.30142 ,
86.72711 ,18.63108 ,
89.00669 ,18.02026 ,
91.07377 ,17.46639 ,
92.95733 ,16.96169 ,
94.66702 ,16.50358 ,
96.22216 ,16.08688 ,
97.64206 ,15.70642 ,
98.92675 ,15.36219 ,
100.09552 ,15.04902 ,
101.15804 ,14.76431 ,
102.12396 ,14.50550 ,
54.14861 ,28.64420 ,
55.11453 ,28.38538 ,
56.17705 ,28.10068 ,
57.34582 ,27.78751 ,
58.63050 ,27.44328 ,
60.05041 ,27.06282 ,
61.60555 ,26.64612 ,
63.31524 ,26.18801 ,
65.19880 ,25.68331 ,
67.26588 ,25.12945 ,
69.54546 ,24.51863 ,
72.04721 ,23.84828 ,
74.80010 ,23.11065 ,
77.12798 ,22.48689 ,
79.46552 ,21.86055 ,
81.79340 ,21.23680 ,
84.54629 ,20.49916 ,
87.04804 ,19.82882 ,
89.32763 ,19.21801 ,
91.39471 ,18.66414 ,
93.27826 ,18.15944 ,
94.98795 ,17.70133 ,
96.54309 ,17.28463 ,
97.96300 ,16.90417 ,
99.24768 ,16.55994 ,
100.41645 ,16.24677 ,
101.47897 ,15.96207 ,
102.44490 ,15.70325 ,
54.49284 ,29.92888 ,
55.45875 ,29.67006 ,
56.52128 ,29.38537 ,
57.69005 ,29.07219 ,
58.97473 ,28.72795 ,
60.39464 ,28.34750 ,
61.94978 ,27.93080 ,
63.65947 ,27.47269 ,
65.54303 ,26.96799 ,
67.61011 ,26.41412 ,
69.88969 ,25.80331 ,
72.39144 ,25.13296 ,
75.14433 ,24.39533 ,
77.47221 ,23.77158 ,
79.80975 ,23.14523 ,
82.13762 ,22.52148 ,
84.89052 ,21.78385 ,
87.39227 ,21.11350 ,
89.67186 ,20.50269 ,
91.73894 ,19.94882 ,
93.62249 ,19.44412 ,
95.33218 ,18.98602 ,
96.88732 ,18.56930 ,
98.30723 ,18.18885 ,
99.59190 ,17.84462 ,
100.76068 ,17.53146 ,
101.82320 ,17.24675 ,
102.78913 ,16.98793 ,
54.80601 ,31.09765 ,
55.77192 ,30.83883 ,
56.83445 ,30.55414 ,
58.00322 ,30.24096 ,
59.28790 ,29.89672 ,
60.70781 ,29.51627 ,
62.26295 ,29.09957 ,
63.97264 ,28.64146 ,
65.85620 ,28.13676 ,
67.92328 ,27.58289 ,
70.20287 ,26.97207 ,
72.70461 ,26.30173 ,
75.45750 ,25.56410 ,
77.78538 ,24.94035 ,
80.12292 ,24.31400 ,
82.45079 ,23.69025 ,
85.20369 ,22.95262 ,
87.70544 ,22.28227 ,
89.98503 ,21.67146 ,
92.05211 ,21.11759 ,
93.93566 ,20.61289 ,
95.64535 ,20.15479 ,
97.20049 ,19.73807 ,
98.62040 ,19.35762 ,
99.90507 ,19.01339 ,
101.07385 ,18.70023 ,
102.13637 ,18.41552 ,
103.10230 ,18.15670 ,
55.09071 ,32.16017 ,
56.05663 ,31.90135 ,
57.11915 ,31.61665 ,
58.28792 ,31.30348 ,
59.57259 ,30.95925 ,
60.99251 ,30.57879 ,
62.54766 ,30.16209 ,
64.25734 ,29.70397 ,
66.14090 ,29.19928 ,
68.20798 ,28.64541 ,
70.48757 ,28.03459 ,
72.98931 ,27.36425 ,
75.74220 ,26.62662 ,
78.07008 ,26.00286 ,
80.40762 ,25.37652 ,
82.73551 ,24.75277 ,
85.48839 ,24.01513 ,
87.99014 ,23.34479 ,
90.26973 ,22.73398 ,
92.33681 ,22.18011 ,
94.22036 ,21.67541 ,
95.93005 ,21.21730 ,
97.48519 ,20.80060 ,
98.90510 ,20.42014 ,
100.18979 ,20.07591 ,
101.35856 ,19.76274 ,
102.42107 ,19.47804 ,
103.38700 ,19.21922 ,
55.34953 ,33.12610 ,
56.31545 ,32.86728 ,
57.37797 ,32.58258 ,
58.54675 ,32.26940 ,
59.83142 ,31.92518 ,
61.25133 ,31.54471 ,
62.80647 ,31.12802 ,
64.51616 ,30.66990 ,
66.39972 ,30.16521 ,
68.46680 ,29.61133 ,
70.74639 ,29.00052 ,
73.24813 ,28.33018 ,
76.00102 ,27.59255 ,
78.32890 ,26.96879 ,
80.66644 ,26.34245 ,
82.99432 ,25.71868 ,
85.74721 ,24.98106 ,
88.24896 ,24.31072 ,
90.52855 ,23.69992 ,
92.59563 ,23.14603 ,
94.47918 ,22.64134 ,
96.18887 ,22.18323 ,
97.74401 ,21.76653 ,
99.16392 ,21.38606 ,
100.44860 ,21.04182 ,
101.61738 ,20.72866 ,
102.67989 ,20.44396 ,
103.64582 ,20.18514 ,
20.00001 ,-0.00000 ,
119.99999 ,-0.00000 ,
84.85281 ,84.85281 ,
14.14214 ,14.14214 ,
112.01001 ,12.76758 ,
103.64485 ,20.18540 ,
55.34856 ,33.12635 ,
44.39520 ,30.88491 ,
43.10111 ,26.05528 ,
51.46627 ,18.63746 ,
99.76257 ,5.69651 ,
101.05665 ,10.52614 ,
105.23924 ,6.81723 ,
110.71592 ,7.93795 ,
25.00000 ,-0.00000 ,
30.00000 ,-0.00000 ,
35.00000 ,0.00000 ,
40.00000 ,-0.00000 ,
45.00001 ,-0.00000 ,
50.00000 ,-0.00000 ,
55.00000 ,-0.00000 ,
60.00000 ,-0.00000 ,
65.00000 ,-0.00000 ,
69.99999 ,-0.00000 ,
75.00000 ,-0.00000 ,
80.00000 ,-0.00000 ,
85.00001 ,-0.00000 ,
90.00000 ,-0.00000 ,
94.99999 ,-0.00000 ,
100.00000 ,-0.00000 ,
105.00000 ,-0.00000 ,
110.00001 ,-0.00000 ,
115.00000 ,-0.00000 ,
19.61571 ,3.90181 ,
18.47759 ,7.65367 ,
16.62939 ,11.11140 ,
119.89749 ,4.95900 ,
119.59014 ,9.90952 ,
119.07846 ,14.84312 ,
118.36336 ,19.75135 ,
117.44602 ,24.62584 ,
116.32802 ,29.45826 ,
115.01130 ,34.24034 ,
113.49807 ,38.96394 ,
111.79093 ,43.62096 ,
109.89280 ,48.20345 ,
107.80692 ,52.70359 ,
105.53685 ,57.11369 ,
103.08647 ,61.42621 ,
100.45998 ,65.63378 ,
97.66185 ,69.72922 ,
94.69686 ,73.70553 ,
91.57009 ,77.55591 ,
88.28687 ,81.27379 ,
17.67767 ,17.67767 ,
21.21320 ,21.21320 ,
24.74874 ,24.74874 ,
28.28427 ,28.28427 ,
31.81981 ,31.81981 ,
35.35534 ,35.35534 ,
38.89087 ,38.89087 ,
42.42641 ,42.42641 ,
45.96194 ,45.96194 ,
49.49747 ,49.49747 ,
53.03301 ,53.03301 ,
56.56854 ,56.56854 ,
60.10408 ,60.10408 ,
63.63961 ,63.63961 ,
67.17514 ,67.17514 ,
70.71068 ,70.71068 ,
74.24621 ,74.24621 ,
77.78175 ,77.78175 ,
81.31728 ,81.31728 ,
109.22163 ,15.24018 ,
106.43324 ,17.71279 ,
101.10294 ,20.86650 ,
98.56103 ,21.54760 ,
96.01913 ,22.22870 ,
93.47721 ,22.90981 ,
90.93530 ,23.59091 ,
88.39339 ,24.27201 ,
85.85147 ,24.95312 ,
83.30957 ,25.63422 ,
80.76766 ,26.31532 ,
78.22575 ,26.99642 ,
75.68384 ,27.67753 ,
73.14193 ,28.35862 ,
70.60002 ,29.03973 ,
68.05811 ,29.72083 ,
65.51620 ,30.40194 ,
62.97429 ,31.08304 ,
60.43238 ,31.76413 ,
57.89047 ,32.44525 ,
51.69744 ,32.37920 ,
48.04631 ,31.63206 ,
45.88950 ,23.58267 ,
48.67789 ,21.11007 ,
56.29590 ,17.34337 ,
61.12553 ,16.04927 ,
65.95516 ,14.75518 ,
70.78479 ,13.46109 ,
75.61442 ,12.16697 ,
80.44405 ,10.87289 ,
85.27368 ,9.57879 ,
90.10331 ,8.28470 ,
94.93294 ,6.99061 ,
103.14795 ,8.67168 ,
107.97758 ,7.37758 ,
82.96444 ,49.76525 ,
68.41411 ,45.81111 ,
93.62443 ,38.71067 ,
79.86415 ,38.29002 ,
102.73454 ,32.03952 ,
35.07374 ,14.31546 ,
58.96240 ,42.16316 ,
84.20781 ,64.00090 ,
86.45597 ,33.53806 ,
71.50426 ,37.49823 ,
95.10152 ,51.08064 ,
94.03983 ,30.61759 ,
73.62533 ,56.20546 ,
45.02358 ,10.30686 ,
102.56684 ,41.38022 ,
51.42914 ,39.99846 ,
64.57984 ,37.82677 ,
86.80340 ,42.84878 ,
109.02006 ,27.10738 ,
76.26626 ,45.87681 ,
81.05558 ,32.45547 ,
25.72457 ,13.58572 ,
93.32834 ,60.38447 ,
98.65970 ,26.78076 ,
61.01499 ,50.01515 ,
34.87654 ,23.30411 ,
76.29080 ,33.10647 ,
53.57218 ,8.83637 ,
42.65137 ,17.17427 ,
75.43063 ,63.75295 ,
84.73882 ,73.44484 ,
80.84395 ,57.06265 ,
103.67334 ,25.37553 ,
111.94834 ,20.97709 ,
88.90969 ,29.21647 ,
67.95473 ,34.41883 ,
31.22124 ,7.39873 ,
88.70821 ,54.10356 ,
58.17742 ,37.24069 ,
60.82029 ,7.94019 ,
67.33210 ,52.20898 ,
92.65213 ,44.96930 ,
101.84812 ,48.50441 ,
98.44544 ,35.27524 ,
38.28809 ,7.90308 ,
91.01652 ,66.78995 ,
107.28288 ,36.79723 ,
81.38891 ,43.88450 ,
77.19022 ,51.66158 ,
29.41182 ,19.27776 ,
38.29791 ,29.93048 ,
45.05879 ,36.93678 ,
24.99820 ,6.90518 ,
84.72559 ,37.90203 ,
55.63608 ,47.31814 ,
75.44875 ,40.49008 ,
84.24646 ,29.89861 ,
98.94128 ,55.93216 ,
93.41361 ,27.41575 ,
71.70454 ,32.92289 ,
68.71985 ,6.82219 ,
91.35182 ,34.55529 ,
64.03980 ,43.18017 ,
88.83777 ,48.24864 ,
69.05871 ,40.44095 ,
72.30398 ,49.43431 ,
67.55092 ,58.89263 ,
49.78360 ,13.02611 ,
78.84175 ,69.84505 ,
97.39074 ,42.50062 ,
61.73192 ,35.95925 ,
107.90167 ,31.65272 ,
106.62286 ,22.84018 ,
40.39810 ,21.36904 ,
48.54724 ,5.77357 ,
76.77956 ,7.23002 ,
85.93454 ,58.81421 ,
89.45426 ,38.49988 ,
77.51692 ,30.04270 ,
70.73309 ,43.16783 ,
63.08101 ,55.03231 ,
64.37478 ,34.25515 ,
76.54623 ,36.58929 ,
115.64192 ,9.29527 ,
114.18776 ,4.68666 ,
43.02800 ,5.19982 ,
102.53706 ,36.31370 ,
21.08980 ,11.37608 ,
40.22242 ,12.70759 ,
106.99726 ,3.68576 ,
97.18577 ,31.84258 ,
100.60543 ,24.09099 ,
47.77043 ,17.09520 ,
70.56493 ,62.84410 ,
40.76818 ,33.96603 ,
54.17176 ,36.66938 ,
114.80842 ,17.28090 ,
51.48312 ,44.92549 ,
82.19972 ,35.64524 ,
95.47434 ,25.23225 ,
81.69837 ,4.97086 ,
50.19129 ,35.72488 ,
47.01525 ,41.16237 ,
95.35268 ,64.72144 ,
57.20463 ,4.74072 ,
61.59725 ,38.91237 ,
105.72960 ,45.33534 ,
93.35164 ,55.25904 ,
61.18584 ,45.67361 ,
90.02314 ,72.17595 ,
57.93707 ,11.95554 ,
84.18433 ,54.09732 ,
38.22276 ,17.45664 ,
90.53161 ,26.37618 ,
91.07432 ,31.34182 ,
79.12265 ,34.72356 ,
30.75482 ,12.33160 ,
80.16792 ,29.49885 ,
88.94273 ,62.77088 ,
21.74510 ,16.19146 ,
76.66480 ,59.39423 ,
33.98650 ,27.84589 ,
97.09147 ,47.30495 ,
113.03214 ,25.32347 ,
102.41648 ,28.39551 ,
111.98415 ,30.19258 ,
39.04167 ,25.14960 ,
102.79179 ,53.30896 ,
79.69803 ,47.56054 ,
84.77918 ,77.62607 ,
84.71462 ,46.22359 ,
30.38038 ,23.97471 ,
55.88414 ,40.29208 ,
73.46494 ,35.05780 ,
65.14554 ,48.57959 ,
105.64500 ,28.38268 ,
33.80967 ,18.73610 ,
27.86549 ,4.27917 ,
74.96756 ,30.32635 ,
86.91316 ,68.01792 ,
99.45925 ,38.60574 ,
87.03126 ,4.52864 ,
90.38824 ,41.69929 ,
34.98526 ,5.44712 ,
80.56756 ,61.47417 ,
106.99750 ,41.16481 ,
68.00472 ,37.43985 ,
82.57624 ,40.41004 ,
103.06903 ,3.48058 ,
83.92640 ,32.56508 ,
78.58067 ,41.41708 ,
57.18099 ,51.47211 ,
94.55320 ,34.46945 ,
98.36464 ,60.56054 ,
110.73340 ,4.50899 ,
96.30744 ,28.51238 ,
44.71510 ,20.55916 ,
90.99884 ,50.99896 ,
85.63059 ,27.85995 ,
103.64083 ,22.27947 ,
72.70319 ,4.05492 ,
52.83818 ,3.90786 ,
110.93684 ,35.16849 ,
69.63941 ,32.07674 ,
74.58487 ,68.48054 ,
80.23680 ,73.96444 ,
79.36376 ,66.07977 ,
72.28650 ,9.01203 ,
65.22709 ,9.41988 ,
57.14882 ,34.83882 ,
64.80649 ,5.18041 ,
34.65131 ,10.05142 ,
27.75280 ,9.66593 ,
54.20092 ,13.60376 ,
77.10193 ,55.60982 ,
80.67976 ,52.74593 ,
115.72422 ,12.86039 ,
23.25471 ,3.60333 ,
86.33707 ,51.19928 ,
92.27604 ,3.88580 ,
82.68282 ,28.18107 ,
71.31007 ,52.86539 ,
97.98589 ,23.99399 ,
100.73373 ,44.80450 ,
25.08544 ,19.21196 ,
72.29754 ,30.83386 ,
56.27495 ,44.07709 ,
44.79893 ,14.16429 ,
108.72843 ,20.29872 ,
61.83497 ,33.40650 ,
98.70169 ,51.67247 ,
89.93838 ,58.14199 ,
41.55800 ,29.05695 ,
18.25682 ,14.09975 ,
86.47474 ,30.91365 ,
91.59381 ,28.99356 ,
88.06483 ,36.22609 ,
48.76150 ,9.55539 ,
59.66148 ,33.97092 ,
72.54952 ,40.39590 ,
70.40056 ,35.02801 ,
38.55209 ,3.78753 ,
109.28188 ,23.65129 ,
69.19969 ,49.02272 ,
66.34695 ,32.64624 ,
87.98119 ,26.55034 ,
72.42688 ,46.48088 ,
105.80662 ,49.30629 ,
111.13129 ,17.85599 ,
28.61540 ,16.01612 ,
94.10189 ,41.66212 ,
89.17969 ,45.03732 ,
75.42204 ,49.00843 ,
84.74207 ,35.06762 ,
105.47713 ,33.97056 ,
45.69983 ,33.80417 ,
93.73123 ,69.54787 ,
62.05315 ,12.14743 ,
74.37230 ,38.09646 ,
71.07278 ,66.73365 ,
82.54992 ,68.92503 ,
72.38701 ,59.61479 ,
96.44986 ,3.37066 ,
88.15488 ,75.67935 ,
41.51160 ,9.39690 ,
102.71945 ,6.08204 ,
69.04357 ,55.51421 ,
66.11482 ,35.97182 ,
42.90334 ,23.02369 ,
65.13149 ,45.51082 ,
65.33080 ,40.41000 ,
21.96931 ,7.32564 ,
106.09622 ,20.40805 ,
92.76641 ,25.10498 ,
100.13120 ,33.08512 ,
63.78773 ,59.15672 ,
93.08752 ,48.22169 ,
63.89461 ,51.88287 ,
59.47868 ,54.33325 ,
116.87363 ,6.56326 ,
61.16853 ,3.66781 ,
88.98628 ,32.88463 ,
52.85227 ,34.47495 ,
86.76889 ,40.02140 ,
96.32203 ,37.91548 ,
110.05603 ,39.14910 ,
115.36453 ,21.71056 ,
58.59275 ,47.88693 ,
106.84863 ,25.47141 ,
74.95712 ,43.18064 ,
77.34878 ,39.09675 ,
66.86393 ,62.19845 ,
31.59507 ,3.37616 ,
101.94263 ,57.92386 ,
53.56110 ,42.41801 ,
67.02730 ,43.09821 ,
113.34164 ,7.26247 ,
96.38912 ,54.07335 ,
116.95520 ,2.84980 ,
84.11538 ,42.92724 ,
78.81611 ,32.04812 ,
104.84607 ,38.91399 ,
68.13122 ,3.17760 ,
82.34143 ,38.06183 ,
78.56026 ,44.42240 ,
35.52300 ,31.82237 ,
73.74508 ,32.44948 ,
27.37263 ,21.95879 ,
31.89364 ,15.84186 ,
82.27047 ,30.50803 ,
96.07500 ,57.24191 ,
100.94706 ,26.46448 ,
92.16007 ,63.66669 ,
74.51881 ,53.00885 ,
51.83125 ,15.57607 ,
113.48674 ,10.02473 ,
37.24141 ,20.91326 ,
52.97443 ,49.55605 ,
46.33273 ,3.04379 ,
58.92541 ,39.74469 ,
24.30694 ,9.77171 ,
92.75479 ,32.74603 ,
61.67668 ,41.73669 ,
91.50153 ,36.90634 ,
42.31855 ,38.99873 ,
77.31159 ,3.05518 ,
99.79491 ,29.47868 ,
57.38354 ,8.36820 ,
81.40424 ,77.30268 ,
47.85394 ,37.87168 ,
68.74397 ,10.59206 ,
112.62434 ,2.00200 ,
100.40962 ,8.11133 ,
20.56906 ,51.98488 ,
20.31024 ,52.95081 ,
20.02554 ,54.01332 ,
19.71237 ,55.18209 ,
19.36814 ,56.46678 ,
18.98769 ,57.88669 ,
18.57097 ,59.44183 ,
18.11287 ,61.15152 ,
17.60817 ,63.03507 ,
17.05430 ,65.10215 ,
16.44348 ,67.38174 ,
15.77314 ,69.88349 ,
15.03551 ,72.63637 ,
14.41175 ,74.96426 ,
13.78541 ,77.30180 ,
13.16166 ,79.62968 ,
12.42402 ,82.38257 ,
11.75369 ,84.88431 ,
11.14287 ,87.16390 ,
10.58900 ,89.23098 ,
10.08430 ,91.11454 ,
9.62619 ,92.82422 ,
9.20949 ,94.37936 ,
8.82904 ,95.79928 ,
8.48480 ,97.08396 ,
8.17162 ,98.25273 ,
7.88693 ,99.31526 ,
7.62811 ,100.28117 ,
21.53499 ,52.24370 ,
21.27617 ,53.20962 ,
20.99147 ,54.27214 ,
20.67829 ,55.44091 ,
20.33407 ,56.72559 ,
19.95360 ,58.14551 ,
19.53690 ,59.70065 ,
19.07879 ,61.41034 ,
18.57410 ,63.29389 ,
18.02021 ,65.36097 ,
17.40941 ,67.64056 ,
16.73906 ,70.14230 ,
16.00143 ,72.89519 ,
15.37768 ,75.22307 ,
14.75134 ,77.56061 ,
14.12758 ,79.88850 ,
13.38995 ,82.64138 ,
12.71962 ,85.14313 ,
12.10880 ,87.42272 ,
11.55492 ,89.48980 ,
11.05024 ,91.37335 ,
10.59212 ,93.08304 ,
10.17542 ,94.63818 ,
9.79495 ,96.05809 ,
9.45072 ,97.34278 ,
9.13755 ,98.51155 ,
8.85285 ,99.57406 ,
8.59403 ,100.53999 ,
22.59750 ,52.52840 ,
22.33869 ,53.49433 ,
22.05398 ,54.55684 ,
21.74081 ,55.72561 ,
21.39658 ,57.01029 ,
21.01612 ,58.43021 ,
20.59942 ,59.98535 ,
20.14132 ,61.69504 ,
19.63661 ,63.57859 ,
19.08274 ,65.64567 ,
18.47193 ,67.92527 ,
17.80159 ,70.42701 ,
17.06395 ,73.17989 ,
16.44020 ,75.50778 ,
15.81386 ,77.84532 ,
15.19010 ,80.17320 ,
14.45247 ,82.92609 ,
13.78213 ,85.42783 ,
13.17131 ,87.70742 ,
12.61744 ,89.77450 ,
12.11273 ,91.65806 ,
11.65463 ,93.36774 ,
11.23794 ,94.92288 ,
10.85747 ,96.34281 ,
10.51324 ,97.62748 ,
10.20007 ,98.79625 ,
9.91537 ,99.85877 ,
9.65655 ,100.82469 ,
23.76627 ,52.84157 ,
23.50746 ,53.80750 ,
23.22275 ,54.87002 ,
22.90958 ,56.03879 ,
22.56535 ,57.32347 ,
22.18489 ,58.74339 ,
21.76819 ,60.29852 ,
21.31009 ,62.00821 ,
20.80538 ,63.89176 ,
20.25151 ,65.95884 ,
19.64071 ,68.23843 ,
18.97036 ,70.74018 ,
18.23272 ,73.49307 ,
17.60897 ,75.82095 ,
16.98263 ,78.15849 ,
16.35887 ,80.48637 ,
15.62124 ,83.23926 ,
14.95090 ,85.74100 ,
14.34008 ,88.02059 ,
13.78621 ,90.08767 ,
13.28151 ,91.97122 ,
12.82340 ,93.68091 ,
12.40671 ,95.23606 ,
12.02624 ,96.65598 ,
11.68201 ,97.94065 ,
11.36884 ,99.10942 ,
11.08414 ,100.17194 ,
10.82532 ,101.13786 ,
25.05096 ,53.18580 ,
24.79213 ,54.15173 ,
24.50744 ,55.21424 ,
24.19426 ,56.38301 ,
23.85003 ,57.66770 ,
23.46957 ,59.08761 ,
23.05287 ,60.64275 ,
22.59476 ,62.35244 ,
22.09007 ,64.23599 ,
21.53619 ,66.30306 ,
20.92538 ,68.58266 ,
20.25504 ,71.08441 ,
19.51740 ,73.83729 ,
18.89365 ,76.16518 ,
18.26731 ,78.50272 ,
17.64355 ,80.83060 ,
16.90592 ,83.58349 ,
16.23558 ,86.08523 ,
15.62477 ,88.36482 ,
15.07089 ,90.43190 ,
14.56620 ,92.31546 ,
14.10809 ,94.02514 ,
13.69139 ,95.58028 ,
13.31092 ,97.00020 ,
12.96669 ,98.28488 ,
12.65352 ,99.45365 ,
12.36882 ,100.51617 ,
12.11000 ,101.48209 ,
26.24870 ,53.50674 ,
25.98988 ,54.47267 ,
25.70518 ,55.53518 ,
25.39201 ,56.70395 ,
25.04778 ,57.98863 ,
24.66732 ,59.40854 ,
24.25062 ,60.96368 ,
23.79251 ,62.67337 ,
23.28781 ,64.55693 ,
22.73394 ,66.62401 ,
22.12313 ,68.90359 ,
21.45279 ,71.40534 ,
20.71515 ,74.15823 ,
20.09140 ,76.48611 ,
19.46506 ,78.82365 ,
18.84130 ,81.15154 ,
18.10367 ,83.90442 ,
17.43333 ,86.40617 ,
16.82251 ,88.68574 ,
16.26864 ,90.75284 ,
15.76394 ,92.63639 ,
15.30583 ,94.34608 ,
14.88914 ,95.90122 ,
14.50867 ,97.32113 ,
14.16444 ,98.60582 ,
13.85127 ,99.77459 ,
13.56657 ,100.83710 ,
13.30775 ,101.80303 ,
27.44645 ,53.82767 ,
27.18763 ,54.79360 ,
26.90293 ,55.85612 ,
26.58976 ,57.02489 ,
26.24553 ,58.30957 ,
25.86507 ,59.72947 ,
25.44836 ,61.28462 ,
24.99026 ,62.99431 ,
24.48556 ,64.87786 ,
23.93169 ,66.94494 ,
23.32088 ,69.22452 ,
22.65053 ,71.72628 ,
21.91289 ,74.47917 ,
21.28916 ,76.80705 ,
20.66280 ,79.14459 ,
20.03905 ,81.47247 ,
19.30142 ,84.22536 ,
18.63108 ,86.72711 ,
18.02026 ,89.00669 ,
17.46639 ,91.07377 ,
16.96169 ,92.95733 ,
16.50358 ,94.66702 ,
16.08688 ,96.22216 ,
15.70642 ,97.64206 ,
15.36219 ,98.92675 ,
15.04902 ,100.09552 ,
14.76431 ,101.15804 ,
14.50550 ,102.12396 ,
28.64420 ,54.14861 ,
28.38538 ,55.11453 ,
28.10068 ,56.17705 ,
27.78751 ,57.34582 ,
27.44328 ,58.63050 ,
27.06282 ,60.05041 ,
26.64612 ,61.60555 ,
26.18801 ,63.31524 ,
25.68331 ,65.19880 ,
25.12945 ,67.26588 ,
24.51863 ,69.54546 ,
23.84828 ,72.04721 ,
23.11065 ,74.80010 ,
22.48689 ,77.12798 ,
21.86055 ,79.46552 ,
21.23680 ,81.79340 ,
20.49916 ,84.54629 ,
19.82882 ,87.04804 ,
19.21801 ,89.32763 ,
18.66414 ,91.39471 ,
18.15944 ,93.27826 ,
17.70133 ,94.98795 ,
17.28463 ,96.54309 ,
16.90417 ,97.96300 ,
16.55994 ,99.24768 ,
16.24677 ,100.41645 ,
15.96207 ,101.47897 ,
15.70325 ,102.44490 ,
29.92888 ,54.49284 ,
29.67006 ,55.45875 ,
29.38537 ,56.52128 ,
29.07219 ,57.69005 ,
28.72795 ,58.97473 ,
28.34750 ,60.39464 ,
27.93080 ,61.94978 ,
27.47269 ,63.65947 ,
26.96799 ,65.54303 ,
26.41412 ,67.61011 ,
25.80331 ,69.88969 ,
25.13296 ,72.39144 ,
24.39533 ,75.14433 ,
23.77158 ,77.47221 ,
23.14523 ,79.80975 ,
22.52148 ,82.13762 ,
21.78385 ,84.89052 ,
21.11350 ,87.39227 ,
20.50269 ,89.67186 ,
19.94882 ,91.73894 ,
19.44412 ,93.62249 ,
18.98602 ,95.33218 ,
18.56930 ,96.88732 ,
18.18885 ,98.30723 ,
17.84462 ,99.59190 ,
17.53146 ,100.76068 ,
17.24675 ,101.82320 ,
16.98793 ,102.78913 ,
31.09765 ,54.80601 ,
30.83883 ,55.77192 ,
30.55414 ,56.83445 ,
30.24096 ,58.00322 ,
29.89672 ,59.28790 ,
29.51627 ,60.70781 ,
29.09957 ,62.26295 ,
28.64146 ,63.97264 ,
28.13676 ,65.85620 ,
27.58289 ,67.92328 ,
26.97207 ,70.20287 ,
26.30173 ,72.70461 ,
25.56410 ,75.45750 ,
24.94035 ,77.78538 ,
24.31400 ,80.12292 ,
23.69025 ,82.45079 ,
22.95262 ,85.20369 ,
22.28227 ,87.70544 ,
21.67146 ,89.98503 ,
21.11759 ,92.05211 ,
20.61289 ,93.93566 ,
20.15479 ,95.64535 ,
19.73807 ,97.20049 ,
19.35762 ,98.62040 ,
19.01339 ,99.90507 ,
18.70023 ,101.07385 ,
18.41552 ,102.13637 ,
18.15670 ,103.10230 ,
32.16017 ,55.09071 ,
31.90135 ,56.05663 ,
31.61665 ,57.11915 ,
31.30348 ,58.28792 ,
30.95925 ,59.57259 ,
30.57879 ,60.99251 ,
30.16209 ,62.54766 ,
29.70397 ,64.25734 ,
29.19928 ,66.14090 ,
28.64541 ,68.20798 ,
28.03459 ,70.48757 ,
27.36425 ,72.98931 ,
26.62662 ,75.74220 ,
26.00286 ,78.07008 ,
25.37652 ,80.40762 ,
24.75277 ,82.73551 ,
24.01513 ,85.48839 ,
23.34479 ,87.99014 ,
22.73398 ,90.26973 ,
22.18011 ,92.33681 ,
21.67541 ,94.22036 ,
21.21730 ,95.93005 ,
20.80060 ,97.48519 ,
20.42014 ,98.90510 ,
20.07591 ,100.18979 ,
19.76274 ,101.35856 ,
19.47804 ,102.42107 ,
19.21922 ,103.38700 ,
33.12610 ,55.34953 ,
32.86728 ,56.31545 ,
32.58258 ,57.37797 ,
32.26940 ,58.54675 ,
31.92518 ,59.83142 ,
31.54471 ,61.25133 ,
31.12802 ,62.80647 ,
30.66990 ,64.51616 ,
30.16521 ,66.39972 ,
29.61133 ,68.46680 ,
29.00052 ,70.74639 ,
28.33018 ,73.24813 ,
27.59255 ,76.00102 ,
26.96879 ,78.32890 ,
26.34245 ,80.66644 ,
25.71868 ,82.99432 ,
24.98106 ,85.74721 ,
24.31072 ,88.24896 ,
23.69992 ,90.52855 ,
23.14603 ,92.59563 ,
22.64134 ,94.47918 ,
22.18323 ,96.18887 ,
21.76653 ,97.74401 ,
21.38606 ,99.16392 ,
21.04182 ,100.44860 ,
20.72866 ,101.61738 ,
20.44396 ,102.67989 ,
20.18514 ,103.64582 ,
0.00000 ,20.00001 ,
0.00000 ,119.99999 ,
0.00000 ,0.00000 ,
0.00000 ,0.00000 ,
12.76758 ,112.01001 ,
20.18540 ,103.64485 ,
33.12635 ,55.34856 ,
30.88491 ,44.39520 ,
26.05528 ,43.10111 ,
18.63746 ,51.46627 ,
5.69651 ,99.76257 ,
10.52614 ,101.05665 ,
6.81723 ,105.23924 ,
7.93795 ,110.71592 ,
0.00000 ,25.00000 ,
0.00000 ,30.00000 ,
0.00000 ,35.00000 ,
0.00000 ,40.00000 ,
0.00000 ,45.00001 ,
0.00000 ,50.00000 ,
0.00000 ,55.00000 ,
0.00000 ,60.00000 ,
0.00000 ,65.00000 ,
0.00000 ,69.99999 ,
0.00000 ,75.00000 ,
0.00000 ,80.00000 ,
0.00000 ,85.00001 ,
0.00000 ,90.00000 ,
0.00000 ,94.99999 ,
0.00000 ,100.00000 ,
0.00000 ,105.00000 ,
0.00000 ,110.00001 ,
0.00000 ,115.00000 ,
3.90181 ,19.61571 ,
7.65367 ,18.47759 ,
11.11140 ,16.62939 ,
4.95900 ,119.89749 ,
9.90952 ,119.59014 ,
14.84312 ,119.07846 ,
19.75135 ,118.36336 ,
24.62584 ,117.44602 ,
29.45826 ,116.32802 ,
34.24034 ,115.01130 ,
38.96394 ,113.49807 ,
43.62096 ,111.79093 ,
48.20345 ,109.89280 ,
52.70359 ,107.80692 ,
57.11369 ,105.53685 ,
61.42621 ,103.08647 ,
65.63378 ,100.45998 ,
69.72922 ,97.66185 ,
73.70553 ,94.69686 ,
77.55591 ,91.57009 ,
81.27379 ,88.28687 ,
0.00000 ,0.00000 ,
0.00000 ,0.00000 ,
0.00000 ,0.00000 ,
0.00000 ,0.00000 ,
0.00000 ,0.00000 ,
0.00000 ,0.00000 ,
0.00000 ,0.00000 ,
0.00000 ,0.00000 ,
0.00000 ,0.00000 ,
0.00000 ,0.00000 ,
0.00000 ,0.00000 ,
0.00000 ,0.00000 ,
0.00000 ,0.00000 ,
0.00000 ,0.00000 ,
0.00000 ,0.00000 ,
0.00000 ,0.00000 ,
0.00000 ,0.00000 ,
0.00000 ,0.00000 ,
0.00000 ,0.00000 ,
15.24018 ,109.22163 ,
17.71279 ,106.43324 ,
20.86650 ,101.10294 ,
21.54760 ,98.56103 ,
22.22870 ,96.01913 ,
22.90981 ,93.47721 ,
23.59091 ,90.93530 ,
24.27201 ,88.39339 ,
24.95312 ,85.85147 ,
25.63422 ,83.30957 ,
26.31532 ,80.76766 ,
26.99642 ,78.22575 ,
27.67753 ,75.68384 ,
28.35862 ,73.14193 ,
29.03973 ,70.60002 ,
29.72083 ,68.05811 ,
30.40194 ,65.51620 ,
31.08304 ,62.97429 ,
31.76413 ,60.43238 ,
32.44525 ,57.89047 ,
32.37920 ,51.69744 ,
31.63206 ,48.04631 ,
23.58267 ,45.88950 ,
21.11007 ,48.67789 ,
17.34337 ,56.29590 ,
16.04927 ,61.12553 ,
14.75518 ,65.95516 ,
13.46109 ,70.78479 ,
12.16697 ,75.61442 ,
10.87289 ,80.44405 ,
9.57879 ,85.27368 ,
8.28470 ,90.10331 ,
6.99061 ,94.93294 ,
8.67168 ,103.14795 ,
7.37758 ,107.97758 ,
49.76525 ,82.96444 ,
45.81111 ,68.41411 ,
38.71067 ,93.62443 ,
38.29002 ,79.86415 ,
32.03952 ,102.73454 ,
14.31546 ,35.07374 ,
42.16316 ,58.96240 ,
64.00090 ,84.20781 ,
33.53806 ,86.45597 ,
37.49823 ,71.50426 ,
51.08064 ,95.10152 ,
30.61759 ,94.03983 ,
56.20546 ,73.62533 ,
10.30686 ,45.02358 ,
41.38022 ,102.56684 ,
39.99846 ,51.42914 ,
37.82677 ,64.57984 ,
42.84878 ,86.80340 ,
27.10738 ,109.02006 ,
45.87681 ,76.26626 ,
32.45547 ,81.05558 ,
13.58572 ,25.72457 ,
60.38447 ,93.32834 ,
26.78076 ,98.65970 ,
50.01515 ,61.01499 ,
23.30411 ,34.87654 ,
33.10647 ,76.29080 ,
8.83637 ,53.57218 ,
17.17427 ,42.65137 ,
63.75295 ,75.43063 ,
73.44484 ,84.73882 ,
57.06265 ,80.84395 ,
25.37553 ,103.67334 ,
20.97709 ,111.94834 ,
29.21647 ,88.90969 ,
34.41883 ,67.95473 ,
7.39873 ,31.22124 ,
54.10356 ,88.70821 ,
37.24069 ,58.17742 ,
7.94019 ,60.82029 ,
52.20898 ,67.33210 ,
44.96930 ,92.65213 ,
48.50441 ,101.84812 ,
35.27524 ,98.44544 ,
7.90308 ,38.28809 ,
66.78995 ,91.01652 ,
36.79723 ,107.28288 ,
43.88450 ,81.38891 ,
51.66158 ,77.19022 ,
19.27776 ,29.41182 ,
29.93048 ,38.29791 ,
36.93678 ,45.05879 ,
6.90518 ,24.99820 ,
37.90203 ,84.72559 ,
47.31814 ,55.63608 ,
40.49008 ,75.44875 ,
29.89861 ,84.24646 ,
55.93216 ,98.94128 ,
27.41575 ,93.41361 ,
32.92289 ,71.70454 ,
6.82219 ,68.71985 ,
34.55529 ,91.35182 ,
43.18017 ,64.03980 ,
48.24864 ,88.83777 ,
40.44095 ,69.05871 ,
49.43431 ,72.30398 ,
58.89263 ,67.55092 ,
13.02611 ,49.78360 ,
69.84505 ,78.84175 ,
42.50062 ,97.39074 ,
35.95925 ,61.73192 ,
31.65272 ,107.90167 ,
22.84018 ,106.62286 ,
21.36904 ,40.39810 ,
5.77357 ,48.54724 ,
7.23002 ,76.77956 ,
58.81421 ,85.93454 ,
38.49988 ,89.45426 ,
30.04270 ,77.51692 ,
43.16783 ,70.73309 ,
55.03231 ,63.08101 ,
34.25515 ,64.37478 ,
36.58929 ,76.54623 ,
9.29527 ,115.64192 ,
4.68666 ,114.18776 ,
5.19982 ,43.02800 ,
36.31370 ,102.53706 ,
11.37608 ,21.08980 ,
12.70759 ,40.22242 ,
3.68576 ,106.99726 ,
31.84258 ,97.18577 ,
24.09099 ,100.60543 ,
17.09520 ,47.77043 ,
62.84410 ,70.56493 ,
33.96603 ,40.76818 ,
36.66938 ,54.17176 ,
17.28090 ,114.80842 ,
44.92549 ,51.48312 ,
35.64524 ,82.19972 ,
25.23225 ,95.47434 ,
4.97086 ,81.69837 ,
35.72488 ,50.19129 ,
41.16237 ,47.01525 ,
64.72144 ,95.35268 ,
4.74072 ,57.20463 ,
38.91237 ,61.59725 ,
45.33534 ,105.72960 ,
55.25904 ,93.35164 ,
45.67361 ,61.18584 ,
72.17595 ,90.02314 ,
11.95554 ,57.93707 ,
54.09732 ,84.18433 ,
17.45664 ,38.22276 ,
26.37618 ,90.53161 ,
31.34182 ,91.07432 ,
34.72356 ,79.12265 ,
12.33160 ,30.75482 ,
29.49885 ,80.16792 ,
62.77088 ,88.94273 ,
16.19146 ,21.74510 ,
59.39423 ,76.66480 ,
27.84589 ,33.98650 ,
47.30495 ,97.09147 ,
25.32347 ,113.03214 ,
28.39551 ,102.41648 ,
30.19258 ,111.98415 ,
25.14960 ,39.04167 ,
53.30896 ,102.79179 ,
47.56054 ,79.69803 ,
77.62607 ,84.77918 ,
46.22359 ,84.71462 ,
23.97471 ,30.38038 ,
40.29208 ,55.88414 ,
35.05780 ,73.46494 ,
48.57959 ,65.14554 ,
28.38268 ,105.64500 ,
18.73610 ,33.80967 ,
4.27917 ,27.86549 ,
30.32635 ,74.96756 ,
68.01792 ,86.91316 ,
38.60574 ,99.45925 ,
4.52864 ,87.03126 ,
41.69929 ,90.38824 ,
5.44712 ,34.98526 ,
61.47417 ,80.56756 ,
41.16481 ,106.99750 ,
37.43985 ,68.00472 ,
40.41004 ,82.57624 ,
3.48058 ,103.06903 ,
32.56508 ,83.92640 ,
41.41708 ,78.58067 ,
51.47211 ,57.18099 ,
34.46945 ,94.55320 ,
60.56054 ,98.36464 ,
4.50899 ,110.73340 ,
28.51238 ,96.30744 ,
20.55916 ,44.71510 ,
50.99896 ,90.99884 ,
27.85995 ,85.63059 ,
22.27947 ,103.64083 ,
4.05492 ,72.70319 ,
3.90786 ,52.83818 ,
35.16849 ,110.93684 ,
32.07674 ,69.63941 ,
68.48054 ,74.58487 ,
73.96444 ,80.23680 ,
66.07977 ,79.36376 ,
9.01203 ,72.28650 ,
9.41988 ,65.22709 ,
34.83882 ,57.14882 ,
5.18041 ,64.80649 ,
10.05142 ,34.65131 ,
9.66593 ,27.75280 ,
13.60376 ,54.20092 ,
55.60982 ,77.10193 ,
52.74593 ,80.67976 ,
12.86039 ,115.72422 ,
3.60333 ,23.25471 ,
51.19928 ,86.33707 ,
3.88580 ,92.27604 ,
28.18107 ,82.68282 ,
52.86539 ,71.31007 ,
23.99399 ,97.98589 ,
44.80450 ,100.73373 ,
19.21196 ,25.08544 ,
30.83386 ,72.29754 ,
44.07709 ,56.27495 ,
14.16429 ,44.79893 ,
20.29872 ,108.72843 ,
33.40650 ,61.83497 ,
51.67247 ,98.70169 ,
58.14199 ,89.93838 ,
29.05695 ,41.55800 ,
14.09975 ,18.25682 ,
30.91365 ,86.47474 ,
28.99356 ,91.59381 ,
36.22609 ,88.06483 ,
9.55539 ,48.76150 ,
33.97092 ,59.66148 ,
40.39590 ,72.54952 ,
35.02801 ,70.40056 ,
3.78753 ,38.55209 ,
23.65129 ,109.28188 ,
49.02272 ,69.19969 ,
32.64624 ,66.34695 ,
26.55034 ,87.98119 ,
46.48088 ,72.42688 ,
49.30629 ,105.80662 ,
17.85599 ,111.13129 ,
16.01612 ,28.61540 ,
41.66212 ,94.10189 ,
45.03732 ,89.17969 ,
49.00843 ,75.42204 ,
35.06762 ,84.74207 ,
33.97056 ,105.47713 ,
33.80417 ,45.69983 ,
69.54787 ,93.73123 ,
12.14743 ,62.05315 ,
38.09646 ,74.37230 ,
66.73365 ,71.07278 ,
68.92503 ,82.54992 ,
59.61479 ,72.38701 ,
3.37066 ,96.44986 ,
75.67935 ,88.15488 ,
9.39690 ,41.51160 ,
6.08204 ,102.71945 ,
55.51421 ,69.04357 ,
35.97182 ,66.11482 ,
23.02369 ,42.90334 ,
45.51082 ,65.13149 ,
40.41000 ,65.33080 ,
7.32564 ,21.96931 ,
20.40805 ,106.09622 ,
25.10498 ,92.76641 ,
33.08512 ,100.13120 ,
59.15672 ,63.78773 ,
48.22169 ,93.08752 ,
51.88287 ,63.89461 ,
54.33325 ,59.47868 ,
6.56326 ,116.87363 ,
3.66781 ,61.16853 ,
32.88463 ,88.98628 ,
34.47495 ,52.85227 ,
40.02140 ,86.76889 ,
37.91548 ,96.32203 ,
39.14910 ,110.05603 ,
21.71056 ,115.36453 ,
47.88693 ,58.59275 ,
25.47141 ,106.84863 ,
43.18064 ,74.95712 ,
39.09675 ,77.34878 ,
62.19845 ,66.86393 ,
3.37616 ,31.59507 ,
57.92386 ,101.94263 ,
42.41801 ,53.56110 ,
43.09821 ,67.02730 ,
7.26247 ,113.34164 ,
54.07335 ,96.38912 ,
2.84980 ,116.95520 ,
42.92724 ,84.11538 ,
32.04812 ,78.81611 ,
38.91399 ,104.84607 ,
3.17760 ,68.13122 ,
38.06183 ,82.34143 ,
44.42240 ,78.56026 ,
31.82237 ,35.52300 ,
32.44948 ,73.74508 ,
21.95879 ,27.37263 ,
15.84186 ,31.89364 ,
30.50803 ,82.27047 ,
57.24191 ,96.07500 ,
26.46448 ,100.94706 ,
63.66669 ,92.16007 ,
53.00885 ,74.51881 ,
15.57607 ,51.83125 ,
10.02473 ,113.48674 ,
20.91326 ,37.24141 ,
49.55605 ,52.97443 ,
3.04379 ,46.33273 ,
39.74469 ,58.92541 ,
9.77171 ,24.30694 ,
32.74603 ,92.75479 ,
41.73669 ,61.67668 ,
36.90634 ,91.50153 ,
38.99873 ,42.31855 ,
3.05518 ,77.31159 ,
29.47868 ,99.79491 ,
8.36820 ,57.38354 ,
77.30268 ,81.40424 ,
37.87168 ,47.85394 ,
10.59206 ,68.74397 ,
2.00200 ,112.62434 ,
8.11133 ,100.40962 ,
1,594,PM1
595,594,PM2
595,1287,iron
1288,2574,xxx
