triangle
//Number_of_Node
625
//Number_of_Element
1071
//Number_of_Region
2
//Factor
1000.0
30,29,1,
1,2,30,
31,30,2,
2,3,31,
32,31,3,
3,4,32,
33,32,4,
4,5,33,
34,33,5,
5,6,34,
35,34,6,
6,7,35,
36,35,7,
7,8,36,
37,36,8,
8,9,37,
38,37,9,
9,10,38,
39,38,10,
10,11,39,
40,39,11,
11,12,40,
41,40,12,
12,13,41,
42,41,13,
13,14,42,
43,42,14,
14,15,43,
44,43,15,
15,16,44,
45,44,16,
16,17,45,
46,45,17,
17,18,46,
47,46,18,
18,19,47,
48,47,19,
19,20,48,
49,48,20,
20,21,49,
50,49,21,
21,22,50,
51,50,22,
22,23,51,
52,51,23,
23,24,52,
53,52,24,
24,25,53,
54,53,25,
25,26,54,
55,54,26,
26,27,55,
56,55,27,
27,28,56,
58,57,29,
29,30,58,
59,58,30,
30,31,59,
60,59,31,
31,32,60,
61,60,32,
32,33,61,
62,61,33,
33,34,62,
63,62,34,
34,35,63,
64,63,35,
35,36,64,
65,64,36,
36,37,65,
66,65,37,
37,38,66,
67,66,38,
38,39,67,
68,67,39,
39,40,68,
69,68,40,
40,41,69,
70,69,41,
41,42,70,
71,70,42,
42,43,71,
72,71,43,
43,44,72,
73,72,44,
44,45,73,
74,73,45,
45,46,74,
75,74,46,
46,47,75,
76,75,47,
47,48,76,
77,76,48,
48,49,77,
78,77,49,
49,50,78,
79,78,50,
50,51,79,
80,79,51,
51,52,80,
81,80,52,
52,53,81,
82,81,53,
53,54,82,
83,82,54,
54,55,83,
84,83,55,
55,56,84,
86,85,57,
57,58,86,
87,86,58,
58,59,87,
88,87,59,
59,60,88,
89,88,60,
60,61,89,
90,89,61,
61,62,90,
91,90,62,
62,63,91,
92,91,63,
63,64,92,
93,92,64,
64,65,93,
94,93,65,
65,66,94,
95,94,66,
66,67,95,
96,95,67,
67,68,96,
97,96,68,
68,69,97,
98,97,69,
69,70,98,
99,98,70,
70,71,99,
100,99,71,
71,72,100,
101,100,72,
72,73,101,
102,101,73,
73,74,102,
103,102,74,
74,75,103,
104,103,75,
75,76,104,
105,104,76,
76,77,105,
106,105,77,
77,78,106,
107,106,78,
78,79,107,
108,107,79,
79,80,108,
109,108,80,
80,81,109,
110,109,81,
81,82,110,
111,110,82,
82,83,111,
112,111,83,
83,84,112,
114,113,85,
85,86,114,
115,114,86,
86,87,115,
116,115,87,
87,88,116,
117,116,88,
88,89,117,
118,117,89,
89,90,118,
119,118,90,
90,91,119,
120,119,91,
91,92,120,
121,120,92,
92,93,121,
122,121,93,
93,94,122,
123,122,94,
94,95,123,
124,123,95,
95,96,124,
125,124,96,
96,97,125,
126,125,97,
97,98,126,
127,126,98,
98,99,127,
128,127,99,
99,100,128,
129,128,100,
100,101,129,
130,129,101,
101,102,130,
131,130,102,
102,103,131,
132,131,103,
103,104,132,
133,132,104,
104,105,133,
134,133,105,
105,106,134,
135,134,106,
106,107,135,
136,135,107,
107,108,136,
137,136,108,
108,109,137,
138,137,109,
109,110,138,
139,138,110,
110,111,139,
140,139,111,
111,112,140,
142,141,113,
113,114,142,
143,142,114,
114,115,143,
144,143,115,
115,116,144,
145,144,116,
116,117,145,
146,145,117,
117,118,146,
147,146,118,
118,119,147,
148,147,119,
119,120,148,
149,148,120,
120,121,149,
150,149,121,
121,122,150,
151,150,122,
122,123,151,
152,151,123,
123,124,152,
153,152,124,
124,125,153,
154,153,125,
125,126,154,
155,154,126,
126,127,155,
156,155,127,
127,128,156,
157,156,128,
128,129,157,
158,157,129,
129,130,158,
159,158,130,
130,131,159,
160,159,131,
131,132,160,
161,160,132,
132,133,161,
162,161,133,
133,134,162,
163,162,134,
134,135,163,
164,163,135,
135,136,164,
165,164,136,
136,137,165,
166,165,137,
137,138,166,
167,166,138,
138,139,167,
168,167,139,
139,140,168,
170,169,141,
141,142,170,
171,170,142,
142,143,171,
172,171,143,
143,144,172,
173,172,144,
144,145,173,
174,173,145,
145,146,174,
175,174,146,
146,147,175,
176,175,147,
147,148,176,
177,176,148,
148,149,177,
178,177,149,
149,150,178,
179,178,150,
150,151,179,
180,179,151,
151,152,180,
181,180,152,
152,153,181,
182,181,153,
153,154,182,
183,182,154,
154,155,183,
184,183,155,
155,156,184,
185,184,156,
156,157,185,
186,185,157,
157,158,186,
187,186,158,
158,159,187,
188,187,159,
159,160,188,
189,188,160,
160,161,189,
190,189,161,
161,162,190,
191,190,162,
162,163,191,
192,191,163,
163,164,192,
193,192,164,
164,165,193,
194,193,165,
165,166,194,
195,194,166,
166,167,195,
196,195,167,
167,168,196,
198,197,169,
169,170,198,
199,198,170,
170,171,199,
200,199,171,
171,172,200,
201,200,172,
172,173,201,
202,201,173,
173,174,202,
203,202,174,
174,175,203,
204,203,175,
175,176,204,
205,204,176,
176,177,205,
206,205,177,
177,178,206,
207,206,178,
178,179,207,
208,207,179,
179,180,208,
209,208,180,
180,181,209,
210,209,181,
181,182,210,
211,210,182,
182,183,211,
212,211,183,
183,184,212,
213,212,184,
184,185,213,
214,213,185,
185,186,214,
215,214,186,
186,187,215,
216,215,187,
187,188,216,
217,216,188,
188,189,217,
218,217,189,
189,190,218,
219,218,190,
190,191,219,
220,219,191,
191,192,220,
221,220,192,
192,193,221,
222,221,193,
193,194,222,
223,222,194,
194,195,223,
224,223,195,
195,196,224,
374,402,455,
278,297,462,
492,230,565,
407,346,418,
278,227,297,
431,336,448,
397,342,532,
364,409,477,
358,464,469,
464,382,469,
397,412,588,
342,397,479,
527,367,574,
404,337,468,
349,403,414,
315,314,537,
336,415,448,
406,361,489,
409,340,477,
421,338,504,
371,403,438,
402,374,543,
303,302,432,
414,315,537,
367,447,574,
344,423,485,
406,489,561,
377,421,504,
327,408,433,
554,399,559,
295,401,498,
332,237,422,
298,229,541,
327,326,408,
403,371,531,
381,461,508,
517,354,542,
339,441,519,
421,361,445,
346,400,520,
269,439,478,
345,554,559,
412,334,588,
303,432,566,
413,373,559,
232,427,525,
310,309,411,
405,365,492,
401,295,497,
319,434,548,
346,407,530,
496,312,518,
411,309,450,
229,429,541,
370,409,444,
536,334,539,
461,380,463,
405,492,565,
452,354,517,
497,362,499,
348,430,435,
409,364,444,
351,404,468,
242,243,418,
403,349,438,
402,543,577,
340,451,472,
529,394,616,
319,318,434,
543,335,577,
461,333,508,
391,344,528,
338,421,445,
333,463,511,
353,431,448,
307,491,513,
404,351,458,
394,529,574,
269,270,439,
401,497,499,
463,396,511,
361,406,445,
233,232,525,
260,259,420,
383,427,598,
399,413,559,
410,335,475,
451,378,472,
519,441,580,
337,404,547,
396,544,569,
428,231,502,
415,359,448,
344,391,488,
371,502,531,
301,300,424,
485,335,616,
412,397,532,
400,346,530,
334,412,539,
333,461,463,
426,399,554,
423,376,485,
335,410,616,
347,402,473,
427,232,548,
438,349,563,
467,441,562,
374,455,569,
428,371,465,
413,291,571,
331,235,558,
238,332,487,
359,415,466,
454,282,464,
357,441,467,
234,321,425,
544,374,569,
242,418,534,
410,529,616,
422,237,481,
430,287,435,
337,457,468,
427,284,598,
436,355,486,
360,400,530,
427,383,525,
309,308,450,
340,409,451,
250,251,433,
406,459,609,
328,327,433,
420,259,564,
407,360,530,
291,413,568,
313,496,537,
438,563,615,
454,358,459,
313,312,496,
400,425,520,
398,536,539,
307,306,491,
400,360,506,
548,434,622,
314,313,537,
335,485,577,
431,353,482,
361,421,520,
365,405,581,
360,407,494,
349,479,563,
323,322,443,
473,402,577,
398,545,606,
461,381,545,
332,422,487,
385,470,505,
310,411,471,
404,379,547,
420,564,613,
459,358,609,
296,295,498,
283,282,454,
407,244,494,
274,275,436,
424,356,515,
408,326,500,
258,225,510,
276,277,442,
480,576,592,
430,348,587,
384,427,548,
285,284,427,
376,419,473,
439,375,516,
464,281,600,
235,254,481,
420,354,452,
458,267,495,
432,391,566,
402,347,516,
299,298,541,
347,439,516,
423,344,488,
384,435,617,
433,251,474,
486,355,603,
315,414,522,
383,454,459,
371,428,502,
387,430,519,
421,346,520,
288,287,430,
392,496,518,
582,483,597,
394,485,616,
436,275,549,
358,454,464,
373,413,570,
245,246,437,
409,370,524,
419,376,567,
244,407,611,
440,370,490,
233,459,561,
509,229,608,
480,386,576,
564,385,613,
362,453,477,
282,281,464,
343,440,490,
337,419,567,
336,480,483,
521,299,541,
426,362,552,
225,239,510,
419,347,473,
351,456,458,
271,460,540,
271,272,460,
476,241,534,
388,483,582,
488,356,619,
379,404,495,
266,267,458,
234,425,607,
491,389,513,
378,442,472,
328,433,474,
429,229,509,
418,243,611,
411,450,593,
404,458,495,
498,363,621,
263,264,429,
363,462,621,
463,350,544,
470,369,505,
442,363,472,
254,235,555,
416,509,608,
419,337,547,
391,432,488,
295,294,497,
378,436,549,
443,322,506,
305,304,446,
519,430,587,
456,266,458,
362,477,499,
322,234,607,
241,242,534,
411,359,471,
362,426,554,
428,348,434,
357,570,571,
415,336,583,
418,346,557,
425,321,489,
366,429,579,
475,335,543,
384,548,622,
265,266,456,
460,375,540,
287,286,435,
251,252,474,
435,286,617,
291,290,571,
479,397,563,
231,428,575,
460,390,523,
424,300,492,
356,424,604,
450,353,593,
423,488,619,
371,438,612,
490,396,569,
459,406,561,
427,384,617,
432,302,515,
430,387,610,
367,446,528,
476,377,504,
349,414,560,
356,432,515,
379,419,547,
416,262,509,
414,403,522,
348,428,465,
396,463,544,
377,418,557,
501,372,503,
369,476,504,
393,501,503,
228,260,526,
279,228,526,
344,447,528,
352,461,545,
439,347,478,
361,425,489,
359,411,593,
480,380,483,
479,349,560,
363,498,553,
545,381,606,
301,424,515,
457,365,468,
329,328,474,
239,240,470,
280,279,452,
437,360,494,
407,418,611,
278,462,556,
435,384,622,
230,299,565,
442,277,556,
274,436,486,
429,366,541,
396,490,511,
281,280,517,
570,413,571,
260,420,526,
576,350,592,
346,421,557,
514,398,606,
523,390,590,
398,514,536,
447,367,528,
498,401,553,
451,409,524,
338,445,469,
399,426,584,
453,364,477,
348,435,622,
425,400,607,
277,278,556,
419,379,594,
426,293,584,
269,478,578,
418,377,534,
311,310,471,
360,443,506,
382,517,542,
395,441,615,
290,289,484,
364,507,508,
441,339,615,
352,582,597,
387,519,580,
238,487,589,
459,233,525,
432,356,488,
355,451,524,
392,466,533,
370,440,524,
338,449,504,
490,370,511,
252,253,512,
326,325,500,
318,231,575,
514,373,536,
389,491,527,
421,377,557,
413,399,568,
441,395,562,
455,343,569,
474,252,512,
496,392,533,
340,472,553,
428,434,575,
446,367,538,
453,362,554,
354,420,613,
444,364,508,
362,497,552,
267,268,495,
263,429,509,
245,437,494,
491,367,527,
433,408,618,
250,433,618,
368,496,533,
425,361,520,
246,247,573,
512,253,555,
449,369,504,
288,430,610,
273,274,486,
281,517,600,
337,567,619,
470,385,510,
529,341,574,
262,263,509,
414,537,560,
429,264,579,
341,527,574,
343,455,523,
499,340,553,
239,470,510,
405,535,581,
293,426,552,
285,427,617,
333,444,508,
448,359,593,
440,355,524,
244,245,494,
321,320,489,
300,230,492,
302,301,515,
537,368,560,
410,475,576,
507,381,508,
479,368,533,
449,354,505,
450,308,513,
434,348,622,
248,249,493,
446,304,566,
437,246,573,
563,395,615,
444,333,511,
482,389,527,
325,324,623,
255,256,422,
457,337,619,
247,503,573,
469,382,601,
481,237,558,
453,345,507,
386,431,546,
364,453,507,
355,436,605,
363,442,556,
455,375,523,
551,415,583,
347,419,594,
466,342,533,
434,318,575,
442,378,549,
254,255,481,
495,268,578,
456,351,535,
422,256,487,
475,350,576,
306,305,538,
493,249,618,
360,437,620,
280,452,517,
365,424,492,
243,244,611,
311,471,518,
388,551,583,
455,402,516,
431,482,546,
336,431,596,
484,357,571,
231,317,502,
370,444,511,
276,442,549,
375,455,516,
456,366,579,
369,449,505,
324,501,623,
466,392,599,
420,452,526,
462,363,556,
408,493,618,
375,439,540,
383,459,525,
342,479,533,
437,372,620,
293,292,584,
454,383,598,
436,378,605,
354,449,542,
253,254,555,
359,466,599,
465,371,612,
491,306,538,
292,291,568,
372,437,573,
431,386,596,
292,568,584,
329,474,512,
375,460,523,
477,340,499,
443,372,550,
443,360,620,
305,446,538,
391,446,566,
372,443,620,
341,482,527,
366,456,535,
262,416,572,
439,270,540,
268,269,578,
405,521,535,
353,448,593,
240,241,585,
390,460,586,
535,351,581,
467,334,536,
377,476,534,
308,307,513,
496,368,537,
376,423,567,
330,329,512,
323,443,550,
567,423,619,
255,422,481,
290,484,571,
312,311,518,
387,484,610,
324,323,550,
440,343,590,
334,467,562,
365,457,604,
485,376,577,
445,406,609,
465,339,519,
386,529,576,
424,365,604,
393,493,500,
316,315,522,
493,408,500,
241,476,585,
486,390,586,
489,320,561,
379,495,578,
235,330,555,
506,322,607,
256,257,624,
330,512,555,
532,388,582,
449,338,601,
446,391,528,
500,325,623,
460,272,586,
345,453,554,
261,262,572,
374,475,543,
270,271,540,
382,542,601,
317,316,531,
368,479,560,
380,461,597,
502,317,531,
529,410,576,
469,445,609,
463,380,592,
461,352,597,
350,463,592,
447,344,614,
373,467,536,
468,365,581,
369,470,585,
273,486,586,
355,440,603,
283,454,598,
378,451,605,
412,532,582,
358,469,609,
390,486,603,
247,248,595,
447,394,574,
339,465,612,
265,456,579,
472,363,553,
275,276,549,
316,522,531,
475,374,544,
232,319,548,
568,399,584,
452,279,526,
476,369,585,
294,293,552,
451,355,605,
501,324,550,
350,475,544,
389,482,602,
376,473,577,
264,265,579,
394,447,614,
357,484,580,
382,464,600,
484,387,580,
462,297,621,
484,289,610,
467,373,570,
612,438,615,
286,285,617,
353,450,602,
289,288,610,
284,283,598,
257,226,591,
482,353,602,
320,233,561,
259,258,564,
336,483,583,
226,261,591,
487,417,589,
272,273,586,
304,303,566,
591,417,624,
357,467,570,
367,491,538,
466,415,551,
297,296,621,
441,357,580,
521,366,535,
539,352,545,
388,532,551,
237,331,558,
342,466,551,
483,388,583,
249,250,618,
487,256,624,
344,485,614,
480,336,596,
514,345,559,
258,510,564,
351,468,581,
379,478,594,
338,469,601,
372,501,550,
339,612,615,
529,386,546,
478,347,594,
470,240,585,
482,341,546,
478,379,578,
493,393,595,
503,247,595,
248,493,595,
386,480,596,
518,471,599,
522,403,531,
450,513,602,
485,394,614,
398,539,545,
471,359,599,
503,372,573,
400,506,607,
497,294,552,
356,604,619,
341,529,546,
532,342,551,
343,490,569,
513,389,602,
401,499,553,
510,385,564,
572,416,589,
521,405,565,
539,412,582,
385,505,613,
257,591,624,
517,382,600,
393,500,623,
235,481,558,
373,514,559,
348,465,587,
507,345,606,
343,523,590,
380,480,592,
381,507,606,
352,539,582,
483,380,597,
505,354,613,
604,457,619,
366,521,541,
417,572,589,
393,503,595,
440,590,603,
299,521,565,
563,397,588,
296,498,621,
501,393,623,
590,390,603,
572,417,591,
465,519,587,
395,563,588,
238,589,608,
562,395,588,
542,449,601,
345,514,606,
392,518,599,
334,562,588,
417,487,624,
261,572,591,
589,416,608,
229,238,608,
331,625,235,
331,236,625,
51.66394 ,19.37131 ,
52.62987 ,19.11249 ,
53.69238 ,18.82779 ,
54.86115 ,18.51462 ,
56.14584 ,18.17039 ,
57.56575 ,17.78994 ,
59.12089 ,17.37322 ,
60.83058 ,16.91512 ,
62.71413 ,16.41042 ,
64.78121 ,15.85655 ,
67.06080 ,15.24573 ,
69.56255 ,14.57539 ,
72.31543 ,13.83776 ,
74.64332 ,13.21400 ,
76.98086 ,12.58766 ,
79.30874 ,11.96391 ,
82.06163 ,11.22627 ,
84.56337 ,10.55594 ,
86.84296 ,9.94512 ,
88.91004 ,9.39125 ,
90.79360 ,8.88655 ,
92.50328 ,8.42844 ,
94.05842 ,8.01174 ,
95.47834 ,7.63129 ,
96.76302 ,7.28705 ,
97.93179 ,6.97387 ,
98.99432 ,6.68918 ,
99.96023 ,6.43036 ,
51.92276 ,20.33724 ,
52.88868 ,20.07842 ,
53.95120 ,19.79372 ,
55.11997 ,19.48054 ,
56.40465 ,19.13632 ,
57.82457 ,18.75585 ,
59.37971 ,18.33915 ,
61.08940 ,17.88104 ,
62.97295 ,17.37635 ,
65.04003 ,16.82246 ,
67.31962 ,16.21166 ,
69.82136 ,15.54131 ,
72.57425 ,14.80368 ,
74.90213 ,14.17993 ,
77.23967 ,13.55359 ,
79.56756 ,12.92983 ,
82.32044 ,12.19220 ,
84.82219 ,11.52187 ,
87.10178 ,10.91105 ,
89.16886 ,10.35717 ,
91.05241 ,9.85249 ,
92.76210 ,9.39437 ,
94.31724 ,8.97767 ,
95.73715 ,8.59720 ,
97.02184 ,8.25297 ,
98.19061 ,7.93980 ,
99.25312 ,7.65510 ,
100.21905 ,7.39628 ,
52.20746 ,21.39975 ,
53.17339 ,21.14094 ,
54.23590 ,20.85623 ,
55.40467 ,20.54306 ,
56.68935 ,20.19883 ,
58.10927 ,19.81837 ,
59.66441 ,19.40167 ,
61.37410 ,18.94357 ,
63.25765 ,18.43886 ,
65.32473 ,17.88499 ,
67.60433 ,17.27418 ,
70.10607 ,16.60384 ,
72.85895 ,15.86620 ,
75.18684 ,15.24245 ,
77.52438 ,14.61611 ,
79.85226 ,13.99235 ,
82.60515 ,13.25472 ,
85.10689 ,12.58438 ,
87.38648 ,11.97356 ,
89.45356 ,11.41969 ,
91.33712 ,10.91498 ,
93.04680 ,10.45688 ,
94.60194 ,10.04019 ,
96.02187 ,9.65972 ,
97.30654 ,9.31549 ,
98.47531 ,9.00232 ,
99.53783 ,8.71762 ,
100.50375 ,8.45880 ,
52.52063 ,22.56852 ,
53.48656 ,22.30971 ,
54.54908 ,22.02500 ,
55.71785 ,21.71183 ,
57.00253 ,21.36760 ,
58.42245 ,20.98714 ,
59.97758 ,20.57044 ,
61.68727 ,20.11234 ,
63.57082 ,19.60763 ,
65.63790 ,19.05376 ,
67.91749 ,18.44296 ,
70.41924 ,17.77261 ,
73.17213 ,17.03497 ,
75.50001 ,16.41122 ,
77.83755 ,15.78488 ,
80.16543 ,15.16112 ,
82.91832 ,14.42349 ,
85.42006 ,13.75315 ,
87.69965 ,13.14233 ,
89.76673 ,12.58846 ,
91.65028 ,12.08376 ,
93.35997 ,11.62565 ,
94.91512 ,11.20896 ,
96.33504 ,10.82849 ,
97.61971 ,10.48426 ,
98.78848 ,10.17109 ,
99.85100 ,9.88639 ,
100.81692 ,9.62757 ,
52.86486 ,23.85321 ,
53.83079 ,23.59438 ,
54.89330 ,23.30969 ,
56.06207 ,22.99651 ,
57.34676 ,22.65228 ,
58.76667 ,22.27182 ,
60.32181 ,21.85512 ,
62.03150 ,21.39701 ,
63.91505 ,20.89232 ,
65.98212 ,20.33844 ,
68.26172 ,19.72763 ,
70.76347 ,19.05729 ,
73.51635 ,18.31965 ,
75.84424 ,17.69590 ,
78.18178 ,17.06956 ,
80.50966 ,16.44580 ,
83.26255 ,15.70817 ,
85.76429 ,15.03783 ,
88.04388 ,14.42702 ,
90.11096 ,13.87314 ,
91.99452 ,13.36845 ,
93.70420 ,12.91034 ,
95.25934 ,12.49364 ,
96.67926 ,12.11317 ,
97.96394 ,11.76894 ,
99.13271 ,11.45577 ,
100.19523 ,11.17107 ,
101.16115 ,10.91225 ,
53.18580 ,25.05095 ,
54.15173 ,24.79213 ,
55.21424 ,24.50743 ,
56.38301 ,24.19426 ,
57.66769 ,23.85003 ,
59.08760 ,23.46957 ,
60.64274 ,23.05287 ,
62.35243 ,22.59476 ,
64.23599 ,22.09006 ,
66.30307 ,21.53619 ,
68.58265 ,20.92538 ,
71.08440 ,20.25504 ,
73.83729 ,19.51740 ,
76.16517 ,18.89365 ,
78.50271 ,18.26731 ,
80.83060 ,17.64355 ,
83.58348 ,16.90592 ,
86.08523 ,16.23558 ,
88.36480 ,15.62476 ,
90.43190 ,15.07089 ,
92.31545 ,14.56619 ,
94.02514 ,14.10808 ,
95.58028 ,13.69139 ,
97.00019 ,13.31092 ,
98.28488 ,12.96669 ,
99.45365 ,12.65352 ,
100.51616 ,12.36882 ,
101.48209 ,12.11000 ,
53.50673 ,26.24870 ,
54.47266 ,25.98988 ,
55.53518 ,25.70518 ,
56.70395 ,25.39201 ,
57.98863 ,25.04778 ,
59.40853 ,24.66732 ,
60.96368 ,24.25061 ,
62.67337 ,23.79251 ,
64.55692 ,23.28781 ,
66.62400 ,22.73394 ,
68.90358 ,22.12313 ,
71.40534 ,21.45278 ,
74.15823 ,20.71514 ,
76.48611 ,20.09141 ,
78.82365 ,19.46505 ,
81.15153 ,18.84130 ,
83.90442 ,18.10367 ,
86.40617 ,17.43333 ,
88.68575 ,16.82251 ,
90.75283 ,16.26864 ,
92.63639 ,15.76394 ,
94.34608 ,15.30583 ,
95.90122 ,14.88913 ,
97.32112 ,14.50867 ,
98.60581 ,14.16444 ,
99.77458 ,13.85127 ,
100.83710 ,13.56656 ,
101.80302 ,13.30775 ,
53.82767 ,27.44645 ,
54.79359 ,27.18763 ,
55.85611 ,26.90293 ,
57.02488 ,26.58976 ,
58.30956 ,26.24553 ,
59.72947 ,25.86507 ,
61.28461 ,25.44837 ,
62.99430 ,24.99026 ,
64.87786 ,24.48556 ,
66.94494 ,23.93170 ,
69.22452 ,23.32088 ,
71.72627 ,22.65053 ,
74.47916 ,21.91290 ,
76.80704 ,21.28914 ,
79.14458 ,20.66280 ,
81.47246 ,20.03905 ,
84.22535 ,19.30141 ,
86.72710 ,18.63107 ,
89.00669 ,18.02026 ,
91.07377 ,17.46639 ,
92.95732 ,16.96169 ,
94.66701 ,16.50358 ,
96.22215 ,16.08688 ,
97.64206 ,15.70642 ,
98.92674 ,15.36219 ,
100.09551 ,15.04902 ,
101.15803 ,14.76432 ,
102.12396 ,14.50550 ,
20.00001 ,-0.00000 ,
119.99999 ,-0.00000 ,
84.85281 ,84.85281 ,
14.14214 ,14.14214 ,
114.79841 ,10.29496 ,
103.64485 ,20.18540 ,
55.34856 ,33.12635 ,
44.39520 ,30.88491 ,
43.10111 ,26.05528 ,
51.46627 ,18.63746 ,
99.76257 ,5.69651 ,
101.05665 ,10.52614 ,
105.23924 ,6.81723 ,
115.14456 ,8.25547 ,
25.00000 ,-0.00000 ,
30.00000 ,-0.00000 ,
35.00000 ,0.00000 ,
40.00000 ,-0.00000 ,
45.00001 ,-0.00000 ,
50.00000 ,-0.00000 ,
55.00000 ,-0.00000 ,
60.00000 ,-0.00000 ,
65.00000 ,-0.00000 ,
69.99999 ,-0.00000 ,
75.00000 ,-0.00000 ,
80.00000 ,-0.00000 ,
85.00001 ,-0.00000 ,
90.00000 ,-0.00000 ,
94.99999 ,-0.00000 ,
100.00000 ,-0.00000 ,
105.00000 ,-0.00000 ,
110.00001 ,-0.00000 ,
115.00000 ,-0.00000 ,
19.61571 ,3.90181 ,
18.47759 ,7.65367 ,
16.62939 ,11.11140 ,
119.89749 ,4.95900 ,
119.59014 ,9.90952 ,
119.07846 ,14.84312 ,
118.36336 ,19.75135 ,
117.44602 ,24.62584 ,
116.32802 ,29.45826 ,
115.01130 ,34.24034 ,
113.49807 ,38.96394 ,
111.79093 ,43.62096 ,
109.89280 ,48.20345 ,
107.80692 ,52.70359 ,
105.53685 ,57.11369 ,
103.08647 ,61.42621 ,
100.45998 ,65.63378 ,
97.66185 ,69.72922 ,
94.69686 ,73.70553 ,
91.57009 ,77.55591 ,
88.28687 ,81.27379 ,
17.67767 ,17.67767 ,
21.21320 ,21.21320 ,
24.74874 ,24.74874 ,
28.28427 ,28.28427 ,
31.81981 ,31.81981 ,
35.35534 ,35.35534 ,
38.89087 ,38.89087 ,
42.42641 ,42.42641 ,
45.96194 ,45.96194 ,
49.49747 ,49.49747 ,
53.03301 ,53.03301 ,
56.56854 ,56.56854 ,
60.10408 ,60.10408 ,
63.63961 ,63.63961 ,
67.17514 ,67.17514 ,
70.71068 ,70.71068 ,
74.24621 ,74.24621 ,
77.78175 ,77.78175 ,
81.31728 ,81.31728 ,
109.22163 ,15.24018 ,
106.43324 ,17.71279 ,
101.10294 ,20.86650 ,
98.56103 ,21.54760 ,
96.01913 ,22.22870 ,
93.47721 ,22.90981 ,
90.93530 ,23.59091 ,
88.39339 ,24.27201 ,
85.85147 ,24.95312 ,
83.30957 ,25.63422 ,
80.76766 ,26.31532 ,
78.22575 ,26.99642 ,
75.68384 ,27.67753 ,
73.14193 ,28.35862 ,
70.60002 ,29.03973 ,
68.05811 ,29.72083 ,
65.51620 ,30.40194 ,
62.97429 ,31.08304 ,
60.43238 ,31.76413 ,
57.89047 ,32.44525 ,
51.69744 ,32.37920 ,
48.04631 ,31.63206 ,
45.88950 ,23.58267 ,
48.67789 ,21.11007 ,
56.29590 ,17.34337 ,
61.12553 ,16.04927 ,
65.95516 ,14.75518 ,
70.78479 ,13.46109 ,
75.61442 ,12.16697 ,
80.44405 ,10.87289 ,
85.27368 ,9.57879 ,
90.10331 ,8.28470 ,
94.93294 ,6.99061 ,
103.14795 ,8.67168 ,
107.97758 ,7.37758 ,
82.96444 ,49.76525 ,
68.41411 ,45.81111 ,
93.62443 ,38.71067 ,
79.86415 ,38.29002 ,
102.73454 ,32.03952 ,
35.07374 ,14.31546 ,
58.96240 ,42.16316 ,
84.20781 ,64.00090 ,
86.45597 ,33.53806 ,
71.50426 ,37.49823 ,
95.10152 ,51.08064 ,
94.03983 ,30.61759 ,
73.62533 ,56.20546 ,
45.02358 ,10.30686 ,
102.56684 ,41.38022 ,
51.42914 ,39.99846 ,
64.57984 ,37.82677 ,
86.80340 ,42.84878 ,
109.02006 ,27.10738 ,
76.26626 ,45.87681 ,
81.05558 ,32.45547 ,
25.72457 ,13.58572 ,
93.32834 ,60.38447 ,
98.65970 ,26.78076 ,
61.01499 ,50.01515 ,
34.87654 ,23.30411 ,
76.29080 ,33.10647 ,
53.57218 ,8.83637 ,
42.65137 ,17.17427 ,
75.43063 ,63.75295 ,
84.73882 ,73.44484 ,
80.84395 ,57.06265 ,
103.67334 ,25.37553 ,
111.94834 ,20.97709 ,
88.90969 ,29.21647 ,
67.95473 ,34.41883 ,
31.22124 ,7.39873 ,
88.70821 ,54.10356 ,
58.17742 ,37.24069 ,
60.82029 ,7.94019 ,
67.33210 ,52.20898 ,
92.65213 ,44.96930 ,
101.84812 ,48.50441 ,
98.44544 ,35.27524 ,
38.28809 ,7.90308 ,
91.01652 ,66.78995 ,
107.28288 ,36.79723 ,
81.38891 ,43.88450 ,
77.19022 ,51.66158 ,
29.41182 ,19.27776 ,
38.29791 ,29.93048 ,
45.05879 ,36.93678 ,
24.99820 ,6.90518 ,
84.72559 ,37.90203 ,
55.63608 ,47.31814 ,
75.44875 ,40.49008 ,
84.24646 ,29.89861 ,
98.94128 ,55.93216 ,
93.41361 ,27.41575 ,
71.70454 ,32.92289 ,
68.71985 ,6.82219 ,
91.35182 ,34.55529 ,
64.03980 ,43.18017 ,
88.83777 ,48.24864 ,
69.05871 ,40.44095 ,
72.30398 ,49.43431 ,
67.55092 ,58.89263 ,
49.78360 ,13.02611 ,
78.84175 ,69.84505 ,
97.39074 ,42.50062 ,
61.73192 ,35.95925 ,
107.90167 ,31.65272 ,
106.62286 ,22.84018 ,
40.39810 ,21.36904 ,
48.54724 ,5.77357 ,
76.77956 ,7.23002 ,
85.93454 ,58.81421 ,
89.45426 ,38.49988 ,
77.51692 ,30.04270 ,
70.73309 ,43.16783 ,
63.08101 ,55.03231 ,
64.37478 ,34.25515 ,
76.54623 ,36.58929 ,
117.95476 ,9.48118 ,
116.47152 ,4.78039 ,
43.02800 ,5.19982 ,
102.53706 ,36.31370 ,
21.08980 ,11.37608 ,
40.22242 ,12.70759 ,
106.99726 ,3.68576 ,
97.18577 ,31.84258 ,
100.60543 ,24.09099 ,
47.77043 ,17.09520 ,
70.56493 ,62.84410 ,
40.76818 ,33.96603 ,
54.17176 ,36.66938 ,
114.80842 ,17.28090 ,
51.48312 ,44.92549 ,
82.19972 ,35.64524 ,
95.47434 ,25.23225 ,
81.69837 ,4.97086 ,
50.19129 ,35.72488 ,
47.01525 ,41.16237 ,
95.35268 ,64.72144 ,
57.20463 ,4.74072 ,
61.59725 ,38.91237 ,
105.72960 ,45.33534 ,
93.35164 ,55.25904 ,
61.18584 ,45.67361 ,
90.02314 ,72.17595 ,
57.93707 ,11.95554 ,
84.18433 ,54.09732 ,
38.22276 ,17.45664 ,
90.53161 ,26.37618 ,
91.07432 ,31.34182 ,
79.12265 ,34.72356 ,
30.75482 ,12.33160 ,
80.16792 ,29.49885 ,
88.94273 ,62.77088 ,
22.18000 ,16.51529 ,
76.66480 ,59.39423 ,
33.98650 ,27.84589 ,
97.09147 ,47.30495 ,
113.03214 ,25.32347 ,
102.41648 ,28.39551 ,
111.98415 ,30.19258 ,
39.04167 ,25.14960 ,
102.79179 ,53.30896 ,
79.69803 ,47.56054 ,
84.77918 ,77.62607 ,
84.71462 ,46.22359 ,
30.38038 ,23.97471 ,
55.88414 ,40.29208 ,
73.46494 ,35.05780 ,
65.14554 ,48.57959 ,
105.64500 ,28.38268 ,
33.80967 ,18.73610 ,
27.86549 ,4.27917 ,
74.96756 ,30.32635 ,
86.91316 ,68.01792 ,
99.45925 ,38.60574 ,
87.03126 ,4.52864 ,
90.38824 ,41.69929 ,
34.98526 ,5.44712 ,
80.56756 ,61.47417 ,
106.99750 ,41.16481 ,
68.00472 ,37.43985 ,
82.57624 ,40.41004 ,
103.06903 ,3.48058 ,
83.92640 ,32.56508 ,
78.58067 ,41.41708 ,
57.18099 ,51.47211 ,
94.55320 ,34.46945 ,
98.36464 ,60.56054 ,
110.73340 ,4.50899 ,
96.30744 ,28.51238 ,
44.71510 ,20.55916 ,
90.99884 ,50.99896 ,
85.63059 ,27.85995 ,
103.64083 ,22.27947 ,
72.70319 ,4.05492 ,
52.83818 ,3.90786 ,
110.93684 ,35.16849 ,
69.63941 ,32.07674 ,
74.58487 ,68.48054 ,
80.23680 ,73.96444 ,
79.36376 ,66.07977 ,
72.28650 ,9.01203 ,
65.22709 ,9.41988 ,
57.14882 ,34.83882 ,
64.80649 ,5.18041 ,
34.65131 ,10.05142 ,
27.75280 ,9.66593 ,
54.20092 ,13.60376 ,
77.10193 ,55.60982 ,
80.67976 ,52.74593 ,
118.03870 ,13.11760 ,
23.25471 ,3.60333 ,
86.33707 ,51.19928 ,
92.27604 ,3.88580 ,
82.68282 ,28.18107 ,
71.31007 ,52.86539 ,
97.98589 ,23.99399 ,
100.73373 ,44.80450 ,
25.08544 ,19.21196 ,
72.29754 ,30.83386 ,
56.27495 ,44.07709 ,
44.79893 ,14.16429 ,
108.72843 ,20.29872 ,
61.83497 ,33.40650 ,
98.70169 ,51.67247 ,
89.93838 ,58.14199 ,
41.55800 ,29.05695 ,
18.25682 ,14.09975 ,
86.47474 ,30.91365 ,
91.59381 ,28.99356 ,
88.06483 ,36.22609 ,
48.76150 ,9.55539 ,
59.66148 ,33.97092 ,
72.54952 ,40.39590 ,
70.40056 ,35.02801 ,
38.55209 ,3.78753 ,
109.28188 ,23.65129 ,
69.19969 ,49.02272 ,
66.34695 ,32.64624 ,
87.98119 ,26.55034 ,
72.42688 ,46.48088 ,
105.80662 ,49.30629 ,
111.13129 ,17.85599 ,
28.61540 ,16.01612 ,
94.10189 ,41.66212 ,
89.17969 ,45.03732 ,
75.42204 ,49.00843 ,
84.74207 ,35.06762 ,
105.47713 ,33.97056 ,
45.69983 ,33.80417 ,
93.73123 ,69.54787 ,
62.05315 ,12.14743 ,
74.37230 ,38.09646 ,
71.07278 ,66.73365 ,
82.54992 ,68.92503 ,
72.38701 ,59.61479 ,
96.44986 ,3.37066 ,
88.15488 ,75.67935 ,
41.51160 ,9.39690 ,
102.71945 ,6.08204 ,
69.04357 ,55.51421 ,
66.11482 ,35.97182 ,
42.90334 ,23.02369 ,
65.13149 ,45.51082 ,
65.33080 ,40.41000 ,
21.96931 ,7.32564 ,
106.09622 ,20.40805 ,
92.76641 ,25.10498 ,
100.13120 ,33.08512 ,
63.78773 ,59.15672 ,
93.08752 ,48.22169 ,
63.89461 ,51.88287 ,
59.47868 ,54.33325 ,
119.21110 ,6.69453 ,
61.16853 ,3.66781 ,
88.98628 ,32.88463 ,
52.85227 ,34.47495 ,
86.76889 ,40.02140 ,
96.32203 ,37.91548 ,
110.05603 ,39.14910 ,
115.36453 ,21.71056 ,
58.59275 ,47.88693 ,
106.84863 ,25.47141 ,
74.95712 ,43.18064 ,
77.34878 ,39.09675 ,
66.86393 ,62.19845 ,
31.59507 ,3.37616 ,
101.94263 ,57.92386 ,
53.56110 ,42.41801 ,
67.02730 ,43.09821 ,
116.74189 ,7.48034 ,
96.38912 ,54.07335 ,
116.95520 ,2.84980 ,
84.11538 ,42.92724 ,
78.81611 ,32.04812 ,
104.84607 ,38.91399 ,
68.13122 ,3.17760 ,
82.34143 ,38.06183 ,
78.56026 ,44.42240 ,
35.52300 ,31.82237 ,
73.74508 ,32.44948 ,
27.37263 ,21.95879 ,
31.89364 ,15.84186 ,
82.27047 ,30.50803 ,
96.07500 ,57.24191 ,
100.94706 ,26.46448 ,
92.16007 ,63.66669 ,
74.51881 ,53.00885 ,
51.83125 ,15.57607 ,
116.89134 ,10.32547 ,
37.24141 ,20.91326 ,
52.97443 ,49.55605 ,
46.33273 ,3.04379 ,
58.92541 ,39.74469 ,
24.30694 ,9.77171 ,
92.75479 ,32.74603 ,
61.67668 ,41.73669 ,
91.50153 ,36.90634 ,
42.31855 ,38.99873 ,
77.31159 ,3.05518 ,
99.79491 ,29.47868 ,
57.38354 ,8.36820 ,
81.40424 ,77.30268 ,
47.85394 ,37.87168 ,
68.74397 ,10.59206 ,
112.62434 ,2.00200 ,
100.40962 ,8.11133 ,
1,378,PM1
379,1071,iron
