triangle
//Number_of_Node
739
//Number_of_Element
1287
//Number_of_Region
3
//Factor
1000.0
30,29,1,
1,2,30,
31,30,2,
2,3,31,
32,31,3,
3,4,32,
33,32,4,
4,5,33,
34,33,5,
5,6,34,
35,34,6,
6,7,35,
36,35,7,
7,8,36,
37,36,8,
8,9,37,
38,37,9,
9,10,38,
39,38,10,
10,11,39,
40,39,11,
11,12,40,
41,40,12,
12,13,41,
42,41,13,
13,14,42,
43,42,14,
14,15,43,
44,43,15,
15,16,44,
45,44,16,
16,17,45,
46,45,17,
17,18,46,
47,46,18,
18,19,47,
48,47,19,
19,20,48,
49,48,20,
20,21,49,
50,49,21,
21,22,50,
51,50,22,
22,23,51,
52,51,23,
23,24,52,
53,52,24,
24,25,53,
54,53,25,
25,26,54,
55,54,26,
26,27,55,
56,55,27,
27,28,56,
58,57,29,
29,30,58,
59,58,30,
30,31,59,
60,59,31,
31,32,60,
61,60,32,
32,33,61,
62,61,33,
33,34,62,
63,62,34,
34,35,63,
64,63,35,
35,36,64,
65,64,36,
36,37,65,
66,65,37,
37,38,66,
67,66,38,
38,39,67,
68,67,39,
39,40,68,
69,68,40,
40,41,69,
70,69,41,
41,42,70,
71,70,42,
42,43,71,
72,71,43,
43,44,72,
73,72,44,
44,45,73,
74,73,45,
45,46,74,
75,74,46,
46,47,75,
76,75,47,
47,48,76,
77,76,48,
48,49,77,
78,77,49,
49,50,78,
79,78,50,
50,51,79,
80,79,51,
51,52,80,
81,80,52,
52,53,81,
82,81,53,
53,54,82,
83,82,54,
54,55,83,
84,83,55,
55,56,84,
86,85,57,
57,58,86,
87,86,58,
58,59,87,
88,87,59,
59,60,88,
89,88,60,
60,61,89,
90,89,61,
61,62,90,
91,90,62,
62,63,91,
92,91,63,
63,64,92,
93,92,64,
64,65,93,
94,93,65,
65,66,94,
95,94,66,
66,67,95,
96,95,67,
67,68,96,
97,96,68,
68,69,97,
98,97,69,
69,70,98,
99,98,70,
70,71,99,
100,99,71,
71,72,100,
101,100,72,
72,73,101,
102,101,73,
73,74,102,
103,102,74,
74,75,103,
104,103,75,
75,76,104,
105,104,76,
76,77,105,
106,105,77,
77,78,106,
107,106,78,
78,79,107,
108,107,79,
79,80,108,
109,108,80,
80,81,109,
110,109,81,
81,82,110,
111,110,82,
82,83,111,
112,111,83,
83,84,112,
114,113,85,
85,86,114,
115,114,86,
86,87,115,
116,115,87,
87,88,116,
117,116,88,
88,89,117,
118,117,89,
89,90,118,
119,118,90,
90,91,119,
120,119,91,
91,92,120,
121,120,92,
92,93,121,
122,121,93,
93,94,122,
123,122,94,
94,95,123,
124,123,95,
95,96,124,
125,124,96,
96,97,125,
126,125,97,
97,98,126,
127,126,98,
98,99,127,
128,127,99,
99,100,128,
129,128,100,
100,101,129,
130,129,101,
101,102,130,
131,130,102,
102,103,131,
132,131,103,
103,104,132,
133,132,104,
104,105,133,
134,133,105,
105,106,134,
135,134,106,
106,107,135,
136,135,107,
107,108,136,
137,136,108,
108,109,137,
138,137,109,
109,110,138,
139,138,110,
110,111,139,
140,139,111,
111,112,140,
142,141,113,
113,114,142,
143,142,114,
114,115,143,
144,143,115,
115,116,144,
145,144,116,
116,117,145,
146,145,117,
117,118,146,
147,146,118,
118,119,147,
148,147,119,
119,120,148,
149,148,120,
120,121,149,
150,149,121,
121,122,150,
151,150,122,
122,123,151,
152,151,123,
123,124,152,
153,152,124,
124,125,153,
154,153,125,
125,126,154,
155,154,126,
126,127,155,
156,155,127,
127,128,156,
157,156,128,
128,129,157,
158,157,129,
129,130,158,
159,158,130,
130,131,159,
160,159,131,
131,132,160,
161,160,132,
132,133,161,
162,161,133,
133,134,162,
163,162,134,
134,135,163,
164,163,135,
135,136,164,
165,164,136,
136,137,165,
166,165,137,
137,138,166,
167,166,138,
138,139,167,
168,167,139,
139,140,168,
170,169,141,
141,142,170,
171,170,142,
142,143,171,
172,171,143,
143,144,172,
173,172,144,
144,145,173,
174,173,145,
145,146,174,
175,174,146,
146,147,175,
176,175,147,
147,148,176,
177,176,148,
148,149,177,
178,177,149,
149,150,178,
179,178,150,
150,151,179,
180,179,151,
151,152,180,
181,180,152,
152,153,181,
182,181,153,
153,154,182,
183,182,154,
154,155,183,
184,183,155,
155,156,184,
185,184,156,
156,157,185,
186,185,157,
157,158,186,
187,186,158,
158,159,187,
188,187,159,
159,160,188,
189,188,160,
160,161,189,
190,189,161,
161,162,190,
191,190,162,
162,163,191,
192,191,163,
163,164,192,
193,192,164,
164,165,193,
194,193,165,
165,166,194,
195,194,166,
166,167,195,
196,195,167,
167,168,196,
198,197,169,
169,170,198,
199,198,170,
170,171,199,
200,199,171,
171,172,200,
201,200,172,
172,173,201,
202,201,173,
173,174,202,
203,202,174,
174,175,203,
204,203,175,
175,176,204,
205,204,176,
176,177,205,
206,205,177,
177,178,206,
207,206,178,
178,179,207,
208,207,179,
179,180,208,
209,208,180,
180,181,209,
210,209,181,
181,182,210,
211,210,182,
182,183,211,
212,211,183,
183,184,212,
213,212,184,
184,185,213,
214,213,185,
185,186,214,
215,214,186,
186,187,215,
216,215,187,
187,188,216,
217,216,188,
188,189,217,
218,217,189,
189,190,218,
219,218,190,
190,191,219,
220,219,191,
191,192,220,
221,220,192,
192,193,221,
222,221,193,
193,194,222,
223,222,194,
194,195,223,
224,223,195,
195,196,224,
226,225,197,
197,198,226,
227,226,198,
198,199,227,
228,227,199,
199,200,228,
229,228,200,
200,201,229,
230,229,201,
201,202,230,
231,230,202,
202,203,231,
232,231,203,
203,204,232,
233,232,204,
204,205,233,
234,233,205,
205,206,234,
235,234,206,
206,207,235,
236,235,207,
207,208,236,
237,236,208,
208,209,237,
238,237,209,
209,210,238,
239,238,210,
210,211,239,
240,239,211,
211,212,240,
241,240,212,
212,213,241,
242,241,213,
213,214,242,
243,242,214,
214,215,243,
244,243,215,
215,216,244,
245,244,216,
216,217,245,
246,245,217,
217,218,246,
247,246,218,
218,219,247,
248,247,219,
219,220,248,
249,248,220,
220,221,249,
250,249,221,
221,222,250,
251,250,222,
222,223,251,
252,251,223,
223,224,252,
254,253,225,
225,226,254,
255,254,226,
226,227,255,
256,255,227,
227,228,256,
257,256,228,
228,229,257,
258,257,229,
229,230,258,
259,258,230,
230,231,259,
260,259,231,
231,232,260,
261,260,232,
232,233,261,
262,261,233,
233,234,262,
263,262,234,
234,235,263,
264,263,235,
235,236,264,
265,264,236,
236,237,265,
266,265,237,
237,238,266,
267,266,238,
238,239,267,
268,267,239,
239,240,268,
269,268,240,
240,241,269,
270,269,241,
241,242,270,
271,270,242,
242,243,271,
272,271,243,
243,244,272,
273,272,244,
244,245,273,
274,273,245,
245,246,274,
275,274,246,
246,247,275,
276,275,247,
247,248,276,
277,276,248,
248,249,277,
278,277,249,
249,250,278,
279,278,250,
250,251,279,
280,279,251,
251,252,280,
282,281,253,
253,254,282,
283,282,254,
254,255,283,
284,283,255,
255,256,284,
285,284,256,
256,257,285,
286,285,257,
257,258,286,
287,286,258,
258,259,287,
288,287,259,
259,260,288,
289,288,260,
260,261,289,
290,289,261,
261,262,290,
291,290,262,
262,263,291,
292,291,263,
263,264,292,
293,292,264,
264,265,293,
294,293,265,
265,266,294,
295,294,266,
266,267,295,
296,295,267,
267,268,296,
297,296,268,
268,269,297,
298,297,269,
269,270,298,
299,298,270,
270,271,299,
300,299,271,
271,272,300,
301,300,272,
272,273,301,
302,301,273,
273,274,302,
303,302,274,
274,275,303,
304,303,275,
275,276,304,
305,304,276,
276,277,305,
306,305,277,
277,278,306,
307,306,278,
278,279,307,
308,307,279,
279,280,308,
310,309,281,
281,282,310,
311,310,282,
282,283,311,
312,311,283,
283,284,312,
313,312,284,
284,285,313,
314,313,285,
285,286,314,
315,314,286,
286,287,315,
316,315,287,
287,288,316,
317,316,288,
288,289,317,
318,317,289,
289,290,318,
319,318,290,
290,291,319,
320,319,291,
291,292,320,
321,320,292,
292,293,321,
322,321,293,
293,294,322,
323,322,294,
294,295,323,
324,323,295,
295,296,324,
325,324,296,
296,297,325,
326,325,297,
297,298,326,
327,326,298,
298,299,327,
328,327,299,
299,300,328,
329,328,300,
300,301,329,
330,329,301,
301,302,330,
331,330,302,
302,303,331,
332,331,303,
303,304,332,
333,332,304,
304,305,333,
334,333,305,
305,306,334,
335,334,306,
306,307,335,
336,335,307,
307,308,336,
488,516,569,
392,411,576,
606,344,679,
521,460,532,
392,339,411,
545,450,562,
511,456,646,
478,523,591,
472,578,583,
578,496,583,
511,526,702,
456,511,593,
641,481,688,
518,451,582,
463,517,528,
429,428,651,
450,529,562,
520,475,603,
523,454,591,
535,452,618,
485,517,552,
516,488,657,
417,416,546,
528,429,651,
481,561,688,
458,537,599,
520,603,675,
491,535,618,
441,522,547,
668,513,673,
409,515,612,
446,351,536,
412,343,655,
441,440,522,
517,485,645,
495,575,622,
631,468,656,
453,555,633,
535,475,559,
460,514,634,
383,553,592,
459,668,673,
526,448,702,
417,546,680,
527,487,673,
346,541,639,
424,423,525,
519,479,606,
515,409,611,
433,548,662,
460,521,644,
610,426,632,
525,423,564,
343,543,655,
484,523,558,
650,448,653,
575,494,577,
519,606,679,
566,468,631,
611,476,613,
462,544,549,
523,478,558,
465,518,582,
356,357,532,
517,463,552,
516,657,691,
454,565,586,
643,508,730,
433,432,548,
657,449,691,
575,447,622,
505,458,642,
452,535,559,
447,577,625,
467,545,562,
421,605,627,
518,465,572,
508,643,688,
383,384,553,
515,611,613,
577,510,625,
475,520,559,
347,346,639,
374,373,534,
497,541,712,
513,527,673,
524,449,589,
565,492,586,
633,555,694,
451,518,661,
510,658,683,
542,345,616,
529,473,562,
458,505,602,
485,616,645,
415,414,538,
599,449,730,
526,511,646,
514,460,644,
448,526,653,
447,575,577,
540,513,668,
537,490,599,
449,524,730,
461,516,587,
541,346,662,
552,463,677,
581,555,676,
488,569,683,
542,485,579,
527,405,685,
445,349,672,
352,446,601,
473,529,580,
568,396,578,
471,555,581,
348,435,539,
658,488,683,
356,532,648,
524,643,730,
536,351,595,
544,401,549,
451,571,582,
541,398,712,
550,469,600,
474,514,644,
541,497,639,
423,422,564,
454,523,565,
364,365,547,
520,573,723,
442,441,547,
534,373,678,
521,474,644,
405,527,682,
427,610,651,
552,677,729,
568,472,573,
427,426,610,
514,539,634,
512,650,653,
421,420,605,
514,474,620,
662,548,736,
428,427,651,
449,599,691,
545,467,596,
475,535,634,
479,519,695,
474,521,608,
463,593,677,
437,436,557,
587,516,691,
512,659,720,
575,495,659,
446,536,601,
499,584,619,
424,525,585,
518,493,661,
534,678,727,
573,472,723,
410,409,612,
397,396,568,
521,358,608,
388,389,550,
538,470,629,
522,440,614,
372,337,624,
390,391,556,
594,690,706,
544,462,701,
498,541,662,
399,398,541,
490,533,587,
553,489,630,
578,395,714,
349,368,595,
534,468,566,
572,381,609,
546,505,680,
516,461,630,
413,412,655,
461,553,630,
537,458,602,
498,549,731,
547,365,588,
600,469,717,
429,528,636,
497,568,573,
485,542,616,
501,544,633,
535,460,634,
402,401,544,
506,610,632,
696,597,711,
508,599,730,
550,389,663,
472,568,578,
487,527,684,
359,360,551,
523,484,638,
533,490,681,
358,521,725,
554,484,604,
347,573,675,
623,343,722,
594,500,690,
678,499,727,
476,567,591,
396,395,578,
457,554,604,
451,533,681,
450,594,597,
635,413,655,
540,476,666,
337,353,624,
533,461,587,
465,570,572,
385,574,654,
385,386,574,
590,355,648,
502,597,696,
602,470,733,
493,518,609,
380,381,572,
348,539,721,
605,503,627,
492,556,586,
442,547,588,
543,343,623,
532,357,725,
525,564,707,
518,572,609,
612,477,735,
377,378,543,
477,576,735,
577,464,658,
584,483,619,
556,477,586,
368,349,669,
530,623,722,
533,451,661,
505,546,602,
409,408,611,
492,550,663,
557,436,620,
419,418,560,
633,544,701,
570,380,572,
476,591,613,
436,348,721,
355,356,648,
525,473,585,
476,540,668,
542,462,548,
471,684,685,
529,450,697,
532,460,671,
539,435,603,
480,543,693,
589,449,657,
498,662,736,
379,380,570,
574,489,654,
401,400,549,
365,366,588,
549,400,731,
405,404,685,
593,511,677,
345,542,689,
574,504,637,
538,414,606,
470,538,718,
564,467,707,
537,602,733,
485,552,726,
604,510,683,
573,520,675,
541,498,731,
546,416,629,
544,501,724,
481,560,642,
590,491,618,
463,528,674,
470,546,629,
493,533,661,
530,376,623,
528,517,636,
462,542,579,
510,577,658,
491,532,671,
615,486,617,
483,590,618,
507,615,617,
340,374,640,
393,340,640,
458,561,642,
466,575,659,
553,461,592,
475,539,603,
473,525,707,
594,494,597,
593,463,674,
477,612,667,
659,495,720,
415,538,629,
571,479,582,
443,442,588,
353,354,584,
394,393,566,
551,474,608,
521,532,725,
392,576,670,
549,498,736,
344,413,679,
556,391,670,
388,550,600,
543,480,655,
510,604,625,
395,394,631,
684,527,685,
374,534,640,
690,464,706,
460,535,671,
628,512,720,
637,504,704,
512,628,650,
561,481,642,
612,515,667,
565,523,638,
452,559,583,
513,540,698,
567,478,591,
462,549,736,
539,514,721,
391,392,670,
533,493,708,
540,407,698,
383,592,692,
532,491,648,
425,424,585,
474,557,620,
496,631,656,
509,555,729,
404,403,598,
478,621,622,
555,453,729,
466,696,711,
501,633,694,
352,601,703,
573,347,639,
546,470,602,
469,565,638,
506,580,647,
484,554,638,
452,563,618,
604,484,625,
366,367,626,
440,439,614,
432,345,689,
628,487,650,
503,605,641,
535,491,671,
527,513,682,
555,509,676,
569,457,683,
588,366,626,
610,506,647,
454,586,667,
542,548,689,
560,481,652,
567,476,668,
468,534,727,
558,478,622,
476,611,666,
381,382,609,
377,543,623,
359,551,608,
605,481,641,
547,522,732,
364,547,732,
482,610,647,
539,475,634,
360,361,687,
626,367,669,
563,483,618,
402,544,724,
387,388,600,
395,631,714,
451,681,733,
584,499,624,
643,455,688,
376,377,623,
528,651,674,
543,378,693,
455,641,688,
457,569,637,
613,454,667,
353,584,624,
519,649,695,
407,540,666,
399,541,731,
447,558,622,
562,473,707,
554,469,638,
358,359,608,
435,434,603,
414,344,606,
416,415,629,
651,482,674,
524,589,690,
621,495,622,
593,482,647,
563,468,619,
564,422,627,
548,462,736,
362,363,607,
560,418,680,
551,360,687,
677,509,729,
558,447,625,
596,503,641,
439,438,737,
369,370,536,
571,451,733,
361,617,687,
583,496,715,
595,351,672,
567,459,621,
500,545,660,
478,567,621,
469,550,719,
477,556,670,
569,489,637,
665,529,697,
461,533,708,
580,456,647,
548,432,689,
556,492,663,
368,369,595,
609,382,692,
570,465,649,
536,370,601,
589,464,690,
420,419,652,
607,363,732,
474,551,734,
394,566,631,
479,538,606,
357,358,725,
425,585,632,
502,665,697,
569,516,630,
545,596,660,
450,545,710,
598,471,685,
345,431,616,
484,558,625,
390,556,663,
489,569,630,
570,480,693,
483,563,619,
438,615,737,
580,506,713,
534,566,640,
576,477,670,
522,607,732,
489,553,654,
497,573,639,
456,593,647,
551,486,734,
407,406,698,
568,497,712,
550,492,719,
468,563,656,
367,368,669,
473,580,713,
579,485,726,
605,420,652,
406,405,682,
486,551,687,
545,500,710,
406,682,698,
443,588,626,
489,574,637,
591,454,613,
557,486,664,
557,474,734,
419,560,652,
505,560,680,
486,557,734,
455,596,641,
480,570,649,
376,530,686,
553,384,654,
382,383,692,
519,635,649,
467,562,707,
354,355,699,
504,574,700,
649,465,695,
581,448,650,
491,590,648,
422,421,627,
610,482,651,
490,537,681,
444,443,626,
437,557,664,
681,537,733,
369,536,595,
404,598,685,
426,425,632,
501,598,724,
438,437,664,
554,457,704,
448,581,676,
479,571,718,
599,490,691,
559,520,723,
579,453,633,
500,643,690,
538,479,718,
507,607,614,
430,429,636,
607,522,614,
355,590,699,
600,504,700,
603,434,675,
493,609,692,
349,444,669,
620,436,721,
370,371,738,
444,626,669,
646,502,696,
563,452,715,
560,505,642,
614,439,737,
574,386,700,
459,567,668,
375,376,686,
488,589,657,
384,385,654,
496,656,715,
431,430,645,
482,593,674,
494,575,711,
616,431,645,
643,524,690,
583,559,723,
577,494,706,
575,466,711,
464,577,706,
561,458,728,
487,581,650,
582,479,695,
483,584,699,
387,600,700,
469,554,717,
397,568,712,
492,565,719,
526,646,696,
472,583,723,
504,600,717,
361,362,709,
561,508,688,
453,579,726,
379,570,693,
586,477,667,
389,390,663,
430,636,645,
589,488,658,
346,433,662,
682,513,698,
566,393,640,
590,483,699,
408,407,666,
565,469,719,
615,438,664,
464,589,658,
503,596,716,
490,587,691,
378,379,693,
508,561,728,
471,598,694,
496,578,714,
598,501,694,
576,411,735,
598,403,724,
581,487,684,
726,552,729,
400,399,731,
467,564,716,
403,402,724,
398,397,712,
371,338,705,
596,467,716,
434,347,675,
373,372,678,
450,597,697,
338,375,705,
601,531,703,
386,387,700,
418,417,680,
705,531,738,
471,581,684,
481,605,652,
580,529,665,
411,410,735,
555,471,694,
635,480,649,
653,466,659,
502,646,665,
351,445,672,
456,580,665,
597,502,697,
363,364,732,
601,370,738,
458,599,728,
594,450,710,
628,459,673,
372,624,678,
465,582,695,
493,592,708,
452,583,715,
486,615,664,
453,726,729,
643,500,660,
592,461,708,
584,354,699,
596,455,660,
592,493,692,
607,507,709,
617,361,709,
362,607,709,
500,594,710,
632,585,713,
636,517,645,
564,627,716,
599,508,728,
512,653,659,
585,473,713,
617,486,687,
514,620,721,
611,408,666,
470,718,733,
455,643,660,
646,456,665,
457,604,683,
627,503,716,
515,613,667,
624,499,678,
686,530,703,
635,519,679,
653,526,696,
499,619,727,
371,705,738,
631,496,714,
507,614,737,
349,595,672,
487,628,673,
462,579,701,
621,459,720,
457,637,704,
494,594,706,
495,621,720,
466,653,696,
597,494,711,
619,468,727,
718,571,733,
480,635,655,
531,686,703,
507,617,709,
554,704,717,
413,635,679,
677,511,702,
410,612,735,
615,507,737,
704,504,717,
686,531,705,
579,633,701,
509,677,702,
352,703,722,
676,509,702,
656,563,715,
459,628,720,
506,632,713,
448,676,702,
531,601,738,
375,686,705,
703,530,722,
343,352,722,
445,739,349,
445,350,739,
51.98391 ,20.56932 ,
52.94984 ,20.31050 ,
54.01235 ,20.02580 ,
55.18112 ,19.71263 ,
56.46581 ,19.36840 ,
57.88572 ,18.98794 ,
59.44086 ,18.57124 ,
61.15055 ,18.11313 ,
63.03410 ,17.60843 ,
65.10118 ,17.05456 ,
67.38077 ,16.44374 ,
69.88252 ,15.77340 ,
72.63540 ,15.03577 ,
74.96329 ,14.41201 ,
77.30083 ,13.78567 ,
79.62871 ,13.16192 ,
82.38160 ,12.42428 ,
84.88334 ,11.75394 ,
87.16293 ,11.14313 ,
89.23001 ,10.58926 ,
91.11357 ,10.08456 ,
92.82325 ,9.62645 ,
94.37839 ,9.20975 ,
95.79831 ,8.82929 ,
97.08299 ,8.48506 ,
98.25176 ,8.17189 ,
99.31428 ,7.88719 ,
100.28020 ,7.62837 ,
52.24273 ,21.53525 ,
53.20865 ,21.27643 ,
54.27117 ,20.99173 ,
55.43994 ,20.67855 ,
56.72462 ,20.33433 ,
58.14454 ,19.95386 ,
59.69968 ,19.53716 ,
61.40937 ,19.07905 ,
63.29292 ,18.57436 ,
65.36000 ,18.02048 ,
67.63959 ,17.40967 ,
70.14133 ,16.73933 ,
72.89422 ,16.00169 ,
75.22210 ,15.37794 ,
77.55964 ,14.75160 ,
79.88753 ,14.12784 ,
82.64041 ,13.39021 ,
85.14216 ,12.71987 ,
87.42175 ,12.10906 ,
89.48883 ,11.55518 ,
91.37238 ,11.05049 ,
93.08207 ,10.59238 ,
94.63721 ,10.17568 ,
96.05712 ,9.79521 ,
97.34181 ,9.45098 ,
98.51058 ,9.13781 ,
99.57309 ,8.85311 ,
100.53902 ,8.59429 ,
52.52743 ,22.59776 ,
53.49336 ,22.33895 ,
54.55587 ,22.05424 ,
55.72464 ,21.74107 ,
57.00933 ,21.39684 ,
58.42924 ,21.01638 ,
59.98438 ,20.59968 ,
61.69407 ,20.14157 ,
63.57762 ,19.63687 ,
65.64470 ,19.08300 ,
67.92429 ,18.47219 ,
70.42604 ,17.80185 ,
73.17892 ,17.06421 ,
75.50681 ,16.44046 ,
77.84435 ,15.81412 ,
80.17223 ,15.19036 ,
82.92512 ,14.45273 ,
85.42686 ,13.78239 ,
87.70645 ,13.17157 ,
89.77353 ,12.61770 ,
91.65709 ,12.11300 ,
93.36677 ,11.65489 ,
94.92191 ,11.23820 ,
96.34183 ,10.85773 ,
97.62651 ,10.51350 ,
98.79528 ,10.20033 ,
99.85780 ,9.91563 ,
100.82372 ,9.65681 ,
52.84060 ,23.76653 ,
53.80653 ,23.50772 ,
54.86905 ,23.22301 ,
56.03782 ,22.90984 ,
57.32250 ,22.56561 ,
58.74241 ,22.18515 ,
60.29755 ,21.76845 ,
62.00724 ,21.31034 ,
63.89079 ,20.80564 ,
65.95787 ,20.25177 ,
68.23746 ,19.64096 ,
70.73921 ,18.97062 ,
73.49210 ,18.23298 ,
75.81998 ,17.60923 ,
78.15752 ,16.98289 ,
80.48540 ,16.35913 ,
83.23829 ,15.62150 ,
85.74003 ,14.95116 ,
88.01962 ,14.34034 ,
90.08670 ,13.78647 ,
91.97026 ,13.28177 ,
93.67994 ,12.82367 ,
95.23509 ,12.40697 ,
96.65500 ,12.02650 ,
97.93968 ,11.68227 ,
99.10845 ,11.36910 ,
100.17097 ,11.08440 ,
101.13689 ,10.82558 ,
53.18483 ,25.05122 ,
54.15076 ,24.79240 ,
55.21327 ,24.50770 ,
56.38204 ,24.19452 ,
57.66673 ,23.85030 ,
59.08664 ,23.46983 ,
60.64178 ,23.05313 ,
62.35147 ,22.59502 ,
64.23502 ,22.09033 ,
66.30210 ,21.53645 ,
68.58169 ,20.92564 ,
71.08344 ,20.25530 ,
73.83632 ,19.51766 ,
76.16421 ,18.89391 ,
78.50175 ,18.26757 ,
80.82963 ,17.64381 ,
83.58252 ,16.90618 ,
86.08426 ,16.23584 ,
88.36385 ,15.62503 ,
90.43093 ,15.07115 ,
92.31449 ,14.56646 ,
94.02417 ,14.10835 ,
95.57931 ,13.69165 ,
96.99923 ,13.31118 ,
98.28391 ,12.96695 ,
99.45268 ,12.65378 ,
100.51520 ,12.36908 ,
101.48112 ,12.11026 ,
53.50577 ,26.24896 ,
54.47169 ,25.99014 ,
55.53421 ,25.70544 ,
56.70298 ,25.39227 ,
57.98766 ,25.04804 ,
59.40757 ,24.66758 ,
60.96271 ,24.25088 ,
62.67240 ,23.79277 ,
64.55596 ,23.28807 ,
66.62304 ,22.73420 ,
68.90262 ,22.12339 ,
71.40437 ,21.45305 ,
74.15726 ,20.71541 ,
76.48514 ,20.09166 ,
78.82268 ,19.46532 ,
81.15056 ,18.84156 ,
83.90345 ,18.10393 ,
86.40520 ,17.43359 ,
88.68478 ,16.82277 ,
90.75187 ,16.26890 ,
92.63542 ,15.76420 ,
94.34511 ,15.30609 ,
95.90025 ,14.88940 ,
97.32016 ,14.50893 ,
98.60484 ,14.16470 ,
99.77361 ,13.85153 ,
100.83613 ,13.56683 ,
101.80206 ,13.30801 ,
53.82670 ,27.44671 ,
54.79263 ,27.18789 ,
55.85515 ,26.90319 ,
57.02392 ,26.59002 ,
58.30860 ,26.24579 ,
59.72851 ,25.86533 ,
61.28365 ,25.44863 ,
62.99334 ,24.99052 ,
64.87689 ,24.48582 ,
66.94397 ,23.93195 ,
69.22356 ,23.32114 ,
71.72531 ,22.65079 ,
74.47820 ,21.91316 ,
76.80608 ,21.28941 ,
79.14362 ,20.66306 ,
81.47150 ,20.03931 ,
84.22439 ,19.30168 ,
86.72614 ,18.63134 ,
89.00572 ,18.02052 ,
91.07280 ,17.46665 ,
92.95636 ,16.96195 ,
94.66605 ,16.50384 ,
96.22119 ,16.08714 ,
97.64110 ,15.70668 ,
98.92578 ,15.36245 ,
100.09455 ,15.04928 ,
101.15707 ,14.76458 ,
102.12299 ,14.50576 ,
54.14764 ,28.64446 ,
55.11356 ,28.38564 ,
56.17608 ,28.10094 ,
57.34485 ,27.78777 ,
58.62953 ,27.44354 ,
60.04944 ,27.06308 ,
61.60458 ,26.64638 ,
63.31427 ,26.18827 ,
65.19783 ,25.68357 ,
67.26491 ,25.12970 ,
69.54449 ,24.51888 ,
72.04624 ,23.84854 ,
74.79913 ,23.11091 ,
77.12701 ,22.48715 ,
79.46455 ,21.86081 ,
81.79243 ,21.23706 ,
84.54532 ,20.49942 ,
87.04707 ,19.82908 ,
89.32666 ,19.21827 ,
91.39374 ,18.66440 ,
93.27729 ,18.15970 ,
94.98698 ,17.70159 ,
96.54212 ,17.28489 ,
97.96203 ,16.90443 ,
99.24671 ,16.56020 ,
100.41548 ,16.24703 ,
101.47800 ,15.96233 ,
102.44393 ,15.70351 ,
54.49187 ,29.92914 ,
55.45779 ,29.67032 ,
56.52031 ,29.38562 ,
57.68908 ,29.07245 ,
58.97376 ,28.72822 ,
60.39367 ,28.34776 ,
61.94881 ,27.93106 ,
63.65850 ,27.47295 ,
65.54206 ,26.96825 ,
67.60914 ,26.41438 ,
69.88872 ,25.80357 ,
72.39047 ,25.13322 ,
75.14336 ,24.39559 ,
77.47124 ,23.77184 ,
79.80878 ,23.14549 ,
82.13666 ,22.52174 ,
84.88955 ,21.78411 ,
87.39130 ,21.11376 ,
89.67089 ,20.50295 ,
91.73797 ,19.94908 ,
93.62152 ,19.44438 ,
95.33121 ,18.98627 ,
96.88635 ,18.56957 ,
98.30626 ,18.18911 ,
99.59094 ,17.84488 ,
100.75971 ,17.53171 ,
101.82223 ,17.24701 ,
102.78816 ,16.98819 ,
54.80504 ,31.09791 ,
55.77096 ,30.83909 ,
56.83348 ,30.55439 ,
58.00225 ,30.24122 ,
59.28693 ,29.89699 ,
60.70684 ,29.51653 ,
62.26198 ,29.09983 ,
63.97167 ,28.64172 ,
65.85523 ,28.13702 ,
67.92231 ,27.58315 ,
70.20190 ,26.97234 ,
72.70364 ,26.30199 ,
75.45653 ,25.56436 ,
77.78441 ,24.94061 ,
80.12195 ,24.31426 ,
82.44983 ,23.69051 ,
85.20272 ,22.95288 ,
87.70447 ,22.28253 ,
89.98406 ,21.67172 ,
92.05114 ,21.11785 ,
93.93469 ,20.61315 ,
95.64438 ,20.15504 ,
97.19952 ,19.73834 ,
98.61943 ,19.35788 ,
99.90411 ,19.01365 ,
101.07288 ,18.70048 ,
102.13540 ,18.41578 ,
103.10133 ,18.15696 ,
55.08974 ,32.16043 ,
56.05566 ,31.90161 ,
57.11818 ,31.61691 ,
58.28695 ,31.30374 ,
59.57163 ,30.95951 ,
60.99155 ,30.57905 ,
62.54669 ,30.16235 ,
64.25637 ,29.70424 ,
66.13993 ,29.19954 ,
68.20701 ,28.64567 ,
70.48660 ,28.03485 ,
72.98834 ,27.36451 ,
75.74123 ,26.62688 ,
78.06911 ,26.00312 ,
80.40665 ,25.37678 ,
82.73454 ,24.75303 ,
85.48742 ,24.01539 ,
87.98917 ,23.34505 ,
90.26876 ,22.73424 ,
92.33584 ,22.18037 ,
94.21939 ,21.67567 ,
95.92908 ,21.21756 ,
97.48422 ,20.80086 ,
98.90413 ,20.42040 ,
100.18882 ,20.07617 ,
101.35759 ,19.76300 ,
102.42010 ,19.47830 ,
103.38603 ,19.21948 ,
55.34856 ,33.12636 ,
56.31448 ,32.86754 ,
57.37700 ,32.58284 ,
58.54577 ,32.26966 ,
59.83045 ,31.92544 ,
61.25036 ,31.54497 ,
62.80550 ,31.12827 ,
64.51519 ,30.67016 ,
66.39875 ,30.16547 ,
68.46583 ,29.61159 ,
70.74542 ,29.00078 ,
73.24716 ,28.33044 ,
76.00005 ,27.59280 ,
78.32793 ,26.96905 ,
80.66547 ,26.34271 ,
82.99335 ,25.71895 ,
85.74624 ,24.98132 ,
88.24799 ,24.31098 ,
90.52758 ,23.70017 ,
92.59466 ,23.14629 ,
94.47821 ,22.64160 ,
96.18790 ,22.18349 ,
97.74304 ,21.76679 ,
99.16295 ,21.38632 ,
100.44763 ,21.04209 ,
101.61640 ,20.72892 ,
102.67892 ,20.44422 ,
103.64485 ,20.18540 ,
20.00000 ,0.00000 ,
120.00000 ,0.00000 ,
84.85281 ,84.85281 ,
14.14214 ,14.14214 ,
0.00000 ,0.00000 ,
150.00000 ,0.00000 ,
112.01001 ,12.76758 ,
103.64485 ,20.18540 ,
55.34856 ,33.12635 ,
44.39521 ,30.88491 ,
43.10111 ,26.05528 ,
51.46627 ,18.63746 ,
99.76257 ,5.69651 ,
101.05666 ,10.52614 ,
105.23924 ,6.81723 ,
110.71592 ,7.93795 ,
25.00000 ,0.00000 ,
30.00000 ,0.00000 ,
35.00000 ,0.00000 ,
40.00000 ,0.00000 ,
45.00000 ,0.00000 ,
50.00000 ,0.00000 ,
55.00000 ,0.00000 ,
60.00000 ,0.00000 ,
65.00000 ,0.00000 ,
70.00000 ,0.00000 ,
75.00000 ,0.00000 ,
80.00000 ,0.00000 ,
85.00000 ,0.00000 ,
90.00000 ,0.00000 ,
95.00000 ,0.00000 ,
100.00000 ,0.00000 ,
105.00000 ,0.00000 ,
110.00000 ,0.00000 ,
115.00000 ,0.00000 ,
19.61571 ,3.90181 ,
18.47759 ,7.65367 ,
16.62939 ,11.11140 ,
119.89749 ,4.95900 ,
119.59014 ,9.90952 ,
119.07847 ,14.84312 ,
118.36336 ,19.75135 ,
117.44602 ,24.62584 ,
116.32803 ,29.45826 ,
115.01130 ,34.24035 ,
113.49807 ,38.96394 ,
111.79093 ,43.62096 ,
109.89280 ,48.20345 ,
107.80692 ,52.70359 ,
105.53685 ,57.11369 ,
103.08647 ,61.42621 ,
100.45998 ,65.63378 ,
97.66185 ,69.72922 ,
94.69686 ,73.70553 ,
91.57009 ,77.55591 ,
88.28687 ,81.27379 ,
17.67767 ,17.67767 ,
21.21320 ,21.21320 ,
24.74874 ,24.74874 ,
28.28427 ,28.28427 ,
31.81981 ,31.81981 ,
35.35534 ,35.35534 ,
38.89087 ,38.89087 ,
42.42641 ,42.42641 ,
45.96194 ,45.96194 ,
49.49747 ,49.49747 ,
53.03301 ,53.03301 ,
56.56854 ,56.56854 ,
60.10408 ,60.10408 ,
63.63961 ,63.63961 ,
67.17514 ,67.17514 ,
70.71068 ,70.71068 ,
74.24621 ,74.24621 ,
77.78175 ,77.78175 ,
81.31728 ,81.31728 ,
109.22163 ,15.24018 ,
106.43324 ,17.71279 ,
101.10294 ,20.86650 ,
98.56103 ,21.54760 ,
96.01912 ,22.22870 ,
93.47721 ,22.90981 ,
90.93530 ,23.59091 ,
88.39339 ,24.27201 ,
85.85148 ,24.95312 ,
83.30957 ,25.63422 ,
80.76766 ,26.31532 ,
78.22575 ,26.99642 ,
75.68384 ,27.67753 ,
73.14193 ,28.35863 ,
70.60002 ,29.03973 ,
68.05811 ,29.72083 ,
65.51620 ,30.40194 ,
62.97429 ,31.08304 ,
60.43238 ,31.76414 ,
57.89047 ,32.44525 ,
51.69744 ,32.37920 ,
48.04632 ,31.63206 ,
45.88950 ,23.58267 ,
48.67789 ,21.11007 ,
56.29590 ,17.34337 ,
61.12553 ,16.04927 ,
65.95516 ,14.75518 ,
70.78479 ,13.46108 ,
75.61442 ,12.16698 ,
80.44405 ,10.87289 ,
85.27368 ,9.57879 ,
90.10331 ,8.28470 ,
94.93294 ,6.99060 ,
103.14795 ,8.67168 ,
107.97758 ,7.37759 ,
82.96443 ,49.76525 ,
68.41411 ,45.81112 ,
93.62443 ,38.71068 ,
79.86415 ,38.29002 ,
102.73454 ,32.03952 ,
35.07374 ,14.31546 ,
58.96240 ,42.16316 ,
84.20781 ,64.00090 ,
86.45596 ,33.53806 ,
71.50426 ,37.49823 ,
95.10152 ,51.08064 ,
94.03983 ,30.61759 ,
73.62533 ,56.20546 ,
45.02358 ,10.30686 ,
102.56684 ,41.38022 ,
51.42914 ,39.99846 ,
64.57984 ,37.82677 ,
86.80340 ,42.84878 ,
109.02006 ,27.10738 ,
76.26626 ,45.87681 ,
81.05558 ,32.45546 ,
25.72456 ,13.58572 ,
93.32834 ,60.38447 ,
98.65970 ,26.78076 ,
61.01499 ,50.01515 ,
34.87653 ,23.30411 ,
76.29080 ,33.10647 ,
53.57218 ,8.83637 ,
42.65137 ,17.17427 ,
75.43063 ,63.75294 ,
84.73882 ,73.44484 ,
80.84395 ,57.06265 ,
103.67334 ,25.37553 ,
111.94834 ,20.97709 ,
88.90969 ,29.21647 ,
67.95473 ,34.41883 ,
31.22124 ,7.39873 ,
88.70821 ,54.10356 ,
58.17742 ,37.24069 ,
60.82029 ,7.94019 ,
67.33210 ,52.20898 ,
92.65213 ,44.96931 ,
101.84812 ,48.50441 ,
98.44544 ,35.27524 ,
38.28809 ,7.90308 ,
91.01652 ,66.78995 ,
107.28288 ,36.79723 ,
81.38891 ,43.88450 ,
77.19022 ,51.66158 ,
29.41181 ,19.27776 ,
38.29792 ,29.93048 ,
45.05879 ,36.93678 ,
24.99821 ,6.90518 ,
84.72559 ,37.90203 ,
55.63608 ,47.31814 ,
75.44875 ,40.49008 ,
84.24645 ,29.89861 ,
98.94128 ,55.93216 ,
93.41361 ,27.41575 ,
71.70454 ,32.92289 ,
68.71985 ,6.82219 ,
91.35182 ,34.55529 ,
64.03980 ,43.18017 ,
88.83777 ,48.24864 ,
69.05871 ,40.44095 ,
72.30398 ,49.43431 ,
67.55092 ,58.89263 ,
49.78360 ,13.02611 ,
78.84175 ,69.84504 ,
97.39074 ,42.50062 ,
61.73192 ,35.95925 ,
107.90167 ,31.65272 ,
106.62286 ,22.84018 ,
40.39810 ,21.36904 ,
48.54723 ,5.77357 ,
76.77956 ,7.23002 ,
85.93454 ,58.81421 ,
89.45426 ,38.49988 ,
77.51692 ,30.04271 ,
70.73309 ,43.16783 ,
63.08101 ,55.03231 ,
64.37477 ,34.25515 ,
76.54622 ,36.58929 ,
115.64192 ,9.29526 ,
114.18776 ,4.68666 ,
43.02800 ,5.19982 ,
102.53706 ,36.31370 ,
21.08980 ,11.37607 ,
40.22242 ,12.70759 ,
106.99725 ,3.68576 ,
97.18577 ,31.84258 ,
100.60543 ,24.09099 ,
47.77043 ,17.09520 ,
70.56493 ,62.84410 ,
40.76818 ,33.96603 ,
54.17176 ,36.66938 ,
114.80842 ,17.28090 ,
51.48312 ,44.92549 ,
82.19972 ,35.64524 ,
95.47434 ,25.23225 ,
81.69837 ,4.97086 ,
50.19130 ,35.72488 ,
47.01525 ,41.16237 ,
95.35269 ,64.72144 ,
57.20463 ,4.74072 ,
61.59724 ,38.91237 ,
105.72960 ,45.33534 ,
93.35164 ,55.25904 ,
61.18584 ,45.67361 ,
90.02314 ,72.17595 ,
57.93707 ,11.95554 ,
84.18433 ,54.09732 ,
38.22276 ,17.45664 ,
90.53161 ,26.37618 ,
91.07432 ,31.34181 ,
79.12265 ,34.72356 ,
30.75482 ,12.33160 ,
80.16792 ,29.49886 ,
88.94273 ,62.77088 ,
21.74510 ,16.19146 ,
76.66480 ,59.39422 ,
33.98650 ,27.84588 ,
97.09147 ,47.30495 ,
113.03214 ,25.32347 ,
102.41648 ,28.39551 ,
111.98415 ,30.19258 ,
39.04167 ,25.14960 ,
102.79179 ,53.30896 ,
79.69804 ,47.56054 ,
84.77918 ,77.62607 ,
84.71462 ,46.22359 ,
30.38037 ,23.97471 ,
55.88414 ,40.29208 ,
73.46494 ,35.05780 ,
65.14554 ,48.57959 ,
105.64500 ,28.38268 ,
33.80967 ,18.73610 ,
27.86549 ,4.27917 ,
74.96756 ,30.32635 ,
86.91316 ,68.01793 ,
99.45925 ,38.60574 ,
87.03126 ,4.52864 ,
90.38824 ,41.69929 ,
34.98526 ,5.44712 ,
80.56756 ,61.47417 ,
106.99750 ,41.16481 ,
68.00472 ,37.43985 ,
82.57624 ,40.41004 ,
103.06903 ,3.48058 ,
83.92641 ,32.56508 ,
78.58067 ,41.41707 ,
57.18099 ,51.47211 ,
94.55320 ,34.46945 ,
98.36464 ,60.56053 ,
110.73340 ,4.50899 ,
96.30744 ,28.51238 ,
44.71510 ,20.55916 ,
90.99884 ,50.99896 ,
85.63059 ,27.85995 ,
103.64083 ,22.27947 ,
72.70319 ,4.05492 ,
52.83818 ,3.90786 ,
110.93684 ,35.16849 ,
69.63941 ,32.07674 ,
74.58487 ,68.48054 ,
80.23680 ,73.96444 ,
79.36376 ,66.07977 ,
72.28650 ,9.01203 ,
65.22709 ,9.41988 ,
57.14881 ,34.83882 ,
64.80649 ,5.18041 ,
34.65131 ,10.05142 ,
27.75280 ,9.66593 ,
54.20092 ,13.60376 ,
77.10193 ,55.60982 ,
80.67976 ,52.74593 ,
115.72422 ,12.86039 ,
23.25470 ,3.60333 ,
86.33707 ,51.19928 ,
92.27604 ,3.88580 ,
82.68282 ,28.18107 ,
71.31007 ,52.86539 ,
97.98589 ,23.99399 ,
100.73373 ,44.80450 ,
25.08544 ,19.21196 ,
72.29754 ,30.83386 ,
56.27495 ,44.07709 ,
44.79893 ,14.16429 ,
108.72843 ,20.29872 ,
61.83497 ,33.40650 ,
98.70169 ,51.67247 ,
89.93837 ,58.14199 ,
41.55800 ,29.05695 ,
18.25682 ,14.09975 ,
86.47474 ,30.91366 ,
91.59381 ,28.99356 ,
88.06483 ,36.22609 ,
48.76150 ,9.55539 ,
59.66148 ,33.97092 ,
72.54951 ,40.39590 ,
70.40056 ,35.02801 ,
38.55209 ,3.78753 ,
109.28188 ,23.65129 ,
69.19969 ,49.02273 ,
66.34695 ,32.64624 ,
87.98119 ,26.55034 ,
72.42688 ,46.48088 ,
105.80662 ,49.30629 ,
111.13129 ,17.85599 ,
28.61540 ,16.01612 ,
94.10189 ,41.66211 ,
89.17969 ,45.03732 ,
75.42204 ,49.00843 ,
84.74207 ,35.06762 ,
105.47713 ,33.97056 ,
45.69983 ,33.80417 ,
93.73123 ,69.54787 ,
62.05315 ,12.14743 ,
74.37230 ,38.09646 ,
71.07278 ,66.73365 ,
82.54992 ,68.92503 ,
72.38701 ,59.61479 ,
96.44986 ,3.37066 ,
88.15488 ,75.67935 ,
41.51160 ,9.39691 ,
102.71945 ,6.08204 ,
69.04357 ,55.51421 ,
66.11482 ,35.97182 ,
42.90334 ,23.02369 ,
65.13149 ,45.51082 ,
65.33080 ,40.41000 ,
21.96931 ,7.32564 ,
106.09623 ,20.40805 ,
92.76641 ,25.10498 ,
100.13120 ,33.08511 ,
63.78773 ,59.15672 ,
93.08752 ,48.22169 ,
63.89461 ,51.88287 ,
59.47868 ,54.33325 ,
116.87363 ,6.56326 ,
61.16853 ,3.66781 ,
88.98628 ,32.88463 ,
52.85227 ,34.47495 ,
86.76889 ,40.02139 ,
96.32203 ,37.91548 ,
110.05603 ,39.14910 ,
115.36454 ,21.71056 ,
58.59275 ,47.88692 ,
106.84863 ,25.47141 ,
74.95712 ,43.18064 ,
77.34878 ,39.09675 ,
66.86392 ,62.19845 ,
31.59507 ,3.37616 ,
101.94263 ,57.92386 ,
53.56110 ,42.41801 ,
67.02730 ,43.09821 ,
113.34164 ,7.26247 ,
96.38912 ,54.07335 ,
116.95520 ,2.84980 ,
84.11538 ,42.92724 ,
78.81611 ,32.04812 ,
104.84607 ,38.91399 ,
68.13122 ,3.17760 ,
82.34143 ,38.06183 ,
78.56025 ,44.42240 ,
35.52300 ,31.82237 ,
73.74508 ,32.44948 ,
27.37263 ,21.95879 ,
31.89364 ,15.84186 ,
82.27046 ,30.50803 ,
96.07500 ,57.24191 ,
100.94706 ,26.46447 ,
92.16007 ,63.66669 ,
74.51881 ,53.00885 ,
51.83124 ,15.57607 ,
113.48674 ,10.02473 ,
37.24141 ,20.91326 ,
52.97443 ,49.55605 ,
46.33273 ,3.04379 ,
58.92541 ,39.74469 ,
24.30694 ,9.77171 ,
92.75479 ,32.74603 ,
61.67668 ,41.73670 ,
91.50153 ,36.90634 ,
42.31855 ,38.99873 ,
77.31159 ,3.05518 ,
99.79490 ,29.47868 ,
57.38354 ,8.36820 ,
81.40424 ,77.30268 ,
47.85394 ,37.87169 ,
68.74397 ,10.59206 ,
112.62434 ,2.00199 ,
100.40962 ,8.11133 ,
1,594,block1
595,594,airSpace
595,1287,iron
