triangle
//Number_of_Node
625
//Number_of_Element
1071
//Number_of_Region
2
//Factor
1000.0
30,29,1,
1,2,30,
31,30,2,
2,3,31,
32,31,3,
3,4,32,
33,32,4,
4,5,33,
34,33,5,
5,6,34,
35,34,6,
6,7,35,
36,35,7,
7,8,36,
37,36,8,
8,9,37,
38,37,9,
9,10,38,
39,38,10,
10,11,39,
40,39,11,
11,12,40,
41,40,12,
12,13,41,
42,41,13,
13,14,42,
43,42,14,
14,15,43,
44,43,15,
15,16,44,
45,44,16,
16,17,45,
46,45,17,
17,18,46,
47,46,18,
18,19,47,
48,47,19,
19,20,48,
49,48,20,
20,21,49,
50,49,21,
21,22,50,
51,50,22,
22,23,51,
52,51,23,
23,24,52,
53,52,24,
24,25,53,
54,53,25,
25,26,54,
55,54,26,
26,27,55,
56,55,27,
27,28,56,
58,57,29,
29,30,58,
59,58,30,
30,31,59,
60,59,31,
31,32,60,
61,60,32,
32,33,61,
62,61,33,
33,34,62,
63,62,34,
34,35,63,
64,63,35,
35,36,64,
65,64,36,
36,37,65,
66,65,37,
37,38,66,
67,66,38,
38,39,67,
68,67,39,
39,40,68,
69,68,40,
40,41,69,
70,69,41,
41,42,70,
71,70,42,
42,43,71,
72,71,43,
43,44,72,
73,72,44,
44,45,73,
74,73,45,
45,46,74,
75,74,46,
46,47,75,
76,75,47,
47,48,76,
77,76,48,
48,49,77,
78,77,49,
49,50,78,
79,78,50,
50,51,79,
80,79,51,
51,52,80,
81,80,52,
52,53,81,
82,81,53,
53,54,82,
83,82,54,
54,55,83,
84,83,55,
55,56,84,
86,85,57,
57,58,86,
87,86,58,
58,59,87,
88,87,59,
59,60,88,
89,88,60,
60,61,89,
90,89,61,
61,62,90,
91,90,62,
62,63,91,
92,91,63,
63,64,92,
93,92,64,
64,65,93,
94,93,65,
65,66,94,
95,94,66,
66,67,95,
96,95,67,
67,68,96,
97,96,68,
68,69,97,
98,97,69,
69,70,98,
99,98,70,
70,71,99,
100,99,71,
71,72,100,
101,100,72,
72,73,101,
102,101,73,
73,74,102,
103,102,74,
74,75,103,
104,103,75,
75,76,104,
105,104,76,
76,77,105,
106,105,77,
77,78,106,
107,106,78,
78,79,107,
108,107,79,
79,80,108,
109,108,80,
80,81,109,
110,109,81,
81,82,110,
111,110,82,
82,83,111,
112,111,83,
83,84,112,
114,113,85,
85,86,114,
115,114,86,
86,87,115,
116,115,87,
87,88,116,
117,116,88,
88,89,117,
118,117,89,
89,90,118,
119,118,90,
90,91,119,
120,119,91,
91,92,120,
121,120,92,
92,93,121,
122,121,93,
93,94,122,
123,122,94,
94,95,123,
124,123,95,
95,96,124,
125,124,96,
96,97,125,
126,125,97,
97,98,126,
127,126,98,
98,99,127,
128,127,99,
99,100,128,
129,128,100,
100,101,129,
130,129,101,
101,102,130,
131,130,102,
102,103,131,
132,131,103,
103,104,132,
133,132,104,
104,105,133,
134,133,105,
105,106,134,
135,134,106,
106,107,135,
136,135,107,
107,108,136,
137,136,108,
108,109,137,
138,137,109,
109,110,138,
139,138,110,
110,111,139,
140,139,111,
111,112,140,
142,141,113,
113,114,142,
143,142,114,
114,115,143,
144,143,115,
115,116,144,
145,144,116,
116,117,145,
146,145,117,
117,118,146,
147,146,118,
118,119,147,
148,147,119,
119,120,148,
149,148,120,
120,121,149,
150,149,121,
121,122,150,
151,150,122,
122,123,151,
152,151,123,
123,124,152,
153,152,124,
124,125,153,
154,153,125,
125,126,154,
155,154,126,
126,127,155,
156,155,127,
127,128,156,
157,156,128,
128,129,157,
158,157,129,
129,130,158,
159,158,130,
130,131,159,
160,159,131,
131,132,160,
161,160,132,
132,133,161,
162,161,133,
133,134,162,
163,162,134,
134,135,163,
164,163,135,
135,136,164,
165,164,136,
136,137,165,
166,165,137,
137,138,166,
167,166,138,
138,139,167,
168,167,139,
139,140,168,
170,169,141,
141,142,170,
171,170,142,
142,143,171,
172,171,143,
143,144,172,
173,172,144,
144,145,173,
174,173,145,
145,146,174,
175,174,146,
146,147,175,
176,175,147,
147,148,176,
177,176,148,
148,149,177,
178,177,149,
149,150,178,
179,178,150,
150,151,179,
180,179,151,
151,152,180,
181,180,152,
152,153,181,
182,181,153,
153,154,182,
183,182,154,
154,155,183,
184,183,155,
155,156,184,
185,184,156,
156,157,185,
186,185,157,
157,158,186,
187,186,158,
158,159,187,
188,187,159,
159,160,188,
189,188,160,
160,161,189,
190,189,161,
161,162,190,
191,190,162,
162,163,191,
192,191,163,
163,164,192,
193,192,164,
164,165,193,
194,193,165,
165,166,194,
195,194,166,
166,167,195,
196,195,167,
167,168,196,
198,197,169,
169,170,198,
199,198,170,
170,171,199,
200,199,171,
171,172,200,
201,200,172,
172,173,201,
202,201,173,
173,174,202,
203,202,174,
174,175,203,
204,203,175,
175,176,204,
205,204,176,
176,177,205,
206,205,177,
177,178,206,
207,206,178,
178,179,207,
208,207,179,
179,180,208,
209,208,180,
180,181,209,
210,209,181,
181,182,210,
211,210,182,
182,183,211,
212,211,183,
183,184,212,
213,212,184,
184,185,213,
214,213,185,
185,186,214,
215,214,186,
186,187,215,
216,215,187,
187,188,216,
217,216,188,
188,189,217,
218,217,189,
189,190,218,
219,218,190,
190,191,219,
220,219,191,
191,192,220,
221,220,192,
192,193,221,
222,221,193,
193,194,222,
223,222,194,
194,195,223,
224,223,195,
195,196,224,
374,402,455,
278,297,462,
492,230,565,
407,346,418,
278,227,297,
431,336,448,
397,342,532,
364,409,477,
358,464,469,
464,382,469,
397,412,588,
342,397,479,
527,367,574,
404,337,468,
349,403,414,
315,314,537,
336,415,448,
406,361,489,
409,340,477,
421,338,504,
371,403,438,
402,374,543,
303,302,432,
414,315,537,
367,447,574,
344,423,485,
406,489,561,
377,421,504,
327,408,433,
554,399,559,
295,401,498,
332,237,422,
298,229,541,
327,326,408,
403,371,531,
381,461,508,
517,354,542,
339,441,519,
421,361,445,
346,400,520,
269,439,478,
345,554,559,
412,334,588,
303,432,566,
413,373,559,
232,427,525,
310,309,411,
405,365,492,
401,295,497,
319,434,548,
346,407,530,
496,312,518,
411,309,450,
229,429,541,
370,409,444,
536,334,539,
461,380,463,
405,492,565,
452,354,517,
497,362,499,
348,430,435,
409,364,444,
351,404,468,
242,243,418,
403,349,438,
402,543,577,
340,451,472,
529,394,616,
319,318,434,
543,335,577,
461,333,508,
391,344,528,
338,421,445,
333,463,511,
353,431,448,
307,491,513,
404,351,458,
394,529,574,
269,270,439,
401,497,499,
463,396,511,
361,406,445,
233,232,525,
260,259,420,
383,427,598,
399,413,559,
410,335,475,
451,378,472,
519,441,580,
337,404,547,
396,544,569,
428,231,502,
415,359,448,
344,391,488,
371,502,531,
301,300,424,
485,335,616,
412,397,532,
400,346,530,
334,412,539,
333,461,463,
426,399,554,
423,376,485,
335,410,616,
347,402,473,
427,232,548,
438,349,563,
467,441,562,
374,455,569,
428,371,465,
413,291,571,
331,235,558,
238,332,487,
359,415,466,
454,282,464,
357,441,467,
234,321,425,
544,374,569,
242,418,534,
410,529,616,
422,237,481,
430,287,435,
337,457,468,
427,284,598,
436,355,486,
360,400,530,
427,383,525,
309,308,450,
340,409,451,
250,251,433,
406,459,609,
328,327,433,
420,259,564,
407,360,530,
291,413,568,
313,496,537,
438,563,615,
454,358,459,
313,312,496,
400,425,520,
398,536,539,
307,306,491,
400,360,506,
548,434,622,
314,313,537,
335,485,577,
431,353,482,
361,421,520,
365,405,581,
360,407,494,
349,479,563,
323,322,443,
473,402,577,
398,545,606,
461,381,545,
332,422,487,
385,470,505,
310,411,471,
404,379,547,
420,564,613,
459,358,609,
296,295,498,
283,282,454,
407,244,494,
274,275,436,
424,356,515,
408,326,500,
258,225,510,
276,277,442,
480,576,592,
430,348,587,
384,427,548,
285,284,427,
376,419,473,
439,375,516,
464,281,600,
235,254,481,
420,354,452,
458,267,495,
432,391,566,
402,347,516,
299,298,541,
347,439,516,
423,344,488,
384,435,617,
433,251,474,
486,355,603,
315,414,522,
383,454,459,
371,428,502,
387,430,519,
421,346,520,
288,287,430,
392,496,518,
582,483,597,
394,485,616,
436,275,549,
358,454,464,
373,413,570,
245,246,437,
409,370,524,
419,376,567,
244,407,611,
440,370,490,
233,459,561,
509,229,608,
480,386,576,
564,385,613,
362,453,477,
282,281,464,
343,440,490,
337,419,567,
336,480,483,
521,299,541,
426,362,552,
225,239,510,
419,347,473,
351,456,458,
271,460,540,
271,272,460,
476,241,534,
388,483,582,
488,356,619,
379,404,495,
266,267,458,
234,425,607,
491,389,513,
378,442,472,
328,433,474,
429,229,509,
418,243,611,
411,450,593,
404,458,495,
498,363,621,
263,264,429,
363,462,621,
463,350,544,
470,369,505,
442,363,472,
254,235,555,
416,509,608,
419,337,547,
391,432,488,
295,294,497,
378,436,549,
443,322,506,
305,304,446,
519,430,587,
456,266,458,
362,477,499,
322,234,607,
241,242,534,
411,359,471,
362,426,554,
428,348,434,
357,570,571,
415,336,583,
418,346,557,
425,321,489,
366,429,579,
475,335,543,
384,548,622,
265,266,456,
460,375,540,
287,286,435,
251,252,474,
435,286,617,
291,290,571,
479,397,563,
231,428,575,
460,390,523,
424,300,492,
356,424,604,
450,353,593,
423,488,619,
371,438,612,
490,396,569,
459,406,561,
427,384,617,
432,302,515,
430,387,610,
367,446,528,
476,377,504,
349,414,560,
356,432,515,
379,419,547,
416,262,509,
414,403,522,
348,428,465,
396,463,544,
377,418,557,
501,372,503,
369,476,504,
393,501,503,
228,260,526,
279,228,526,
344,447,528,
352,461,545,
439,347,478,
361,425,489,
359,411,593,
480,380,483,
479,349,560,
363,498,553,
545,381,606,
301,424,515,
457,365,468,
329,328,474,
239,240,470,
280,279,452,
437,360,494,
407,418,611,
278,462,556,
435,384,622,
230,299,565,
442,277,556,
274,436,486,
429,366,541,
396,490,511,
281,280,517,
570,413,571,
260,420,526,
576,350,592,
346,421,557,
514,398,606,
523,390,590,
398,514,536,
447,367,528,
498,401,553,
451,409,524,
338,445,469,
399,426,584,
453,364,477,
348,435,622,
425,400,607,
277,278,556,
419,379,594,
426,293,584,
269,478,578,
418,377,534,
311,310,471,
360,443,506,
382,517,542,
395,441,615,
290,289,484,
364,507,508,
441,339,615,
352,582,597,
387,519,580,
238,487,589,
459,233,525,
432,356,488,
355,451,524,
392,466,533,
370,440,524,
338,449,504,
490,370,511,
252,253,512,
326,325,500,
318,231,575,
514,373,536,
389,491,527,
421,377,557,
413,399,568,
441,395,562,
455,343,569,
474,252,512,
496,392,533,
340,472,553,
428,434,575,
446,367,538,
453,362,554,
354,420,613,
444,364,508,
362,497,552,
267,268,495,
263,429,509,
245,437,494,
491,367,527,
433,408,618,
250,433,618,
368,496,533,
425,361,520,
246,247,573,
512,253,555,
449,369,504,
288,430,610,
273,274,486,
281,517,600,
337,567,619,
470,385,510,
529,341,574,
262,263,509,
414,537,560,
429,264,579,
341,527,574,
343,455,523,
499,340,553,
239,470,510,
405,535,581,
293,426,552,
285,427,617,
333,444,508,
448,359,593,
440,355,524,
244,245,494,
321,320,489,
300,230,492,
302,301,515,
537,368,560,
410,475,576,
507,381,508,
479,368,533,
449,354,505,
450,308,513,
434,348,622,
248,249,493,
446,304,566,
437,246,573,
563,395,615,
444,333,511,
482,389,527,
325,324,623,
255,256,422,
457,337,619,
247,503,573,
469,382,601,
481,237,558,
453,345,507,
386,431,546,
364,453,507,
355,436,605,
363,442,556,
455,375,523,
551,415,583,
347,419,594,
466,342,533,
434,318,575,
442,378,549,
254,255,481,
495,268,578,
456,351,535,
422,256,487,
475,350,576,
306,305,538,
493,249,618,
360,437,620,
280,452,517,
365,424,492,
243,244,611,
311,471,518,
388,551,583,
455,402,516,
431,482,546,
336,431,596,
484,357,571,
231,317,502,
370,444,511,
276,442,549,
375,455,516,
456,366,579,
369,449,505,
324,501,623,
466,392,599,
420,452,526,
462,363,556,
408,493,618,
375,439,540,
383,459,525,
342,479,533,
437,372,620,
293,292,584,
454,383,598,
436,378,605,
354,449,542,
253,254,555,
359,466,599,
465,371,612,
491,306,538,
292,291,568,
372,437,573,
431,386,596,
292,568,584,
329,474,512,
375,460,523,
477,340,499,
443,372,550,
443,360,620,
305,446,538,
391,446,566,
372,443,620,
341,482,527,
366,456,535,
262,416,572,
439,270,540,
268,269,578,
405,521,535,
353,448,593,
240,241,585,
390,460,586,
535,351,581,
467,334,536,
377,476,534,
308,307,513,
496,368,537,
376,423,567,
330,329,512,
323,443,550,
567,423,619,
255,422,481,
290,484,571,
312,311,518,
387,484,610,
324,323,550,
440,343,590,
334,467,562,
365,457,604,
485,376,577,
445,406,609,
465,339,519,
386,529,576,
424,365,604,
393,493,500,
316,315,522,
493,408,500,
241,476,585,
486,390,586,
489,320,561,
379,495,578,
235,330,555,
506,322,607,
256,257,624,
330,512,555,
532,388,582,
449,338,601,
446,391,528,
500,325,623,
460,272,586,
345,453,554,
261,262,572,
374,475,543,
270,271,540,
382,542,601,
317,316,531,
368,479,560,
380,461,597,
502,317,531,
529,410,576,
469,445,609,
463,380,592,
461,352,597,
350,463,592,
447,344,614,
373,467,536,
468,365,581,
369,470,585,
273,486,586,
355,440,603,
283,454,598,
378,451,605,
412,532,582,
358,469,609,
390,486,603,
247,248,595,
447,394,574,
339,465,612,
265,456,579,
472,363,553,
275,276,549,
316,522,531,
475,374,544,
232,319,548,
568,399,584,
452,279,526,
476,369,585,
294,293,552,
451,355,605,
501,324,550,
350,475,544,
389,482,602,
376,473,577,
264,265,579,
394,447,614,
357,484,580,
382,464,600,
484,387,580,
462,297,621,
484,289,610,
467,373,570,
612,438,615,
286,285,617,
353,450,602,
289,288,610,
284,283,598,
257,226,591,
482,353,602,
320,233,561,
259,258,564,
336,483,583,
226,261,591,
487,417,589,
272,273,586,
304,303,566,
591,417,624,
357,467,570,
367,491,538,
466,415,551,
297,296,621,
441,357,580,
521,366,535,
539,352,545,
388,532,551,
237,331,558,
342,466,551,
483,388,583,
249,250,618,
487,256,624,
344,485,614,
480,336,596,
514,345,559,
258,510,564,
351,468,581,
379,478,594,
338,469,601,
372,501,550,
339,612,615,
529,386,546,
478,347,594,
470,240,585,
482,341,546,
478,379,578,
493,393,595,
503,247,595,
248,493,595,
386,480,596,
518,471,599,
522,403,531,
450,513,602,
485,394,614,
398,539,545,
471,359,599,
503,372,573,
400,506,607,
497,294,552,
356,604,619,
341,529,546,
532,342,551,
343,490,569,
513,389,602,
401,499,553,
510,385,564,
572,416,589,
521,405,565,
539,412,582,
385,505,613,
257,591,624,
517,382,600,
393,500,623,
235,481,558,
373,514,559,
348,465,587,
507,345,606,
343,523,590,
380,480,592,
381,507,606,
352,539,582,
483,380,597,
505,354,613,
604,457,619,
366,521,541,
417,572,589,
393,503,595,
440,590,603,
299,521,565,
563,397,588,
296,498,621,
501,393,623,
590,390,603,
572,417,591,
465,519,587,
395,563,588,
238,589,608,
562,395,588,
542,449,601,
345,514,606,
392,518,599,
334,562,588,
417,487,624,
261,572,591,
589,416,608,
229,238,608,
331,625,235,
331,236,625,
44.88987 ,32.08286 ,
45.88987 ,32.08286 ,
46.98987 ,32.08286 ,
48.19987 ,32.08286 ,
49.52987 ,32.08286 ,
50.99987 ,32.08288 ,
52.60987 ,32.08285 ,
54.37987 ,32.08286 ,
56.32987 ,32.08286 ,
58.46987 ,32.08286 ,
60.82987 ,32.08286 ,
63.41988 ,32.08286 ,
66.26987 ,32.08286 ,
68.67988 ,32.08286 ,
71.09987 ,32.08286 ,
73.50987 ,32.08286 ,
76.35988 ,32.08286 ,
78.94986 ,32.08287 ,
81.30987 ,32.08286 ,
83.44987 ,32.08286 ,
85.39987 ,32.08286 ,
87.16987 ,32.08286 ,
88.77987 ,32.08286 ,
90.24987 ,32.08287 ,
91.57987 ,32.08286 ,
92.78987 ,32.08285 ,
93.88988 ,32.08287 ,
94.88987 ,32.08286 ,
44.88987 ,33.08286 ,
45.88986 ,33.08286 ,
46.98987 ,33.08286 ,
48.19987 ,33.08285 ,
49.52986 ,33.08286 ,
50.99987 ,33.08286 ,
52.60987 ,33.08286 ,
54.37988 ,33.08286 ,
56.32987 ,33.08286 ,
58.46987 ,33.08285 ,
60.82987 ,33.08286 ,
63.41987 ,33.08285 ,
66.26987 ,33.08286 ,
68.67987 ,33.08286 ,
71.09986 ,33.08286 ,
73.50987 ,33.08286 ,
76.35987 ,33.08286 ,
78.94986 ,33.08287 ,
81.30987 ,33.08286 ,
83.44987 ,33.08286 ,
85.39986 ,33.08287 ,
87.16987 ,33.08286 ,
88.77987 ,33.08286 ,
90.24987 ,33.08286 ,
91.57988 ,33.08286 ,
92.78987 ,33.08286 ,
93.88987 ,33.08286 ,
94.88987 ,33.08286 ,
44.88987 ,34.18286 ,
45.88987 ,34.18287 ,
46.98987 ,34.18286 ,
48.19987 ,34.18286 ,
49.52987 ,34.18286 ,
50.99987 ,34.18286 ,
52.60987 ,34.18286 ,
54.37987 ,34.18287 ,
56.32987 ,34.18286 ,
58.46987 ,34.18286 ,
60.82988 ,34.18286 ,
63.41987 ,34.18286 ,
66.26987 ,34.18286 ,
68.67987 ,34.18286 ,
71.09987 ,34.18286 ,
73.50987 ,34.18286 ,
76.35987 ,34.18286 ,
78.94987 ,34.18286 ,
81.30987 ,34.18286 ,
83.44987 ,34.18286 ,
85.39988 ,34.18285 ,
87.16987 ,34.18285 ,
88.77986 ,34.18286 ,
90.24988 ,34.18286 ,
91.57987 ,34.18286 ,
92.78987 ,34.18286 ,
93.88987 ,34.18286 ,
94.88987 ,34.18286 ,
44.88987 ,35.39286 ,
45.88987 ,35.39287 ,
46.98988 ,35.39286 ,
48.19988 ,35.39286 ,
49.52987 ,35.39286 ,
50.99988 ,35.39286 ,
52.60987 ,35.39286 ,
54.37987 ,35.39287 ,
56.32987 ,35.39286 ,
58.46987 ,35.39286 ,
60.82987 ,35.39287 ,
63.41987 ,35.39286 ,
66.26988 ,35.39286 ,
68.67987 ,35.39286 ,
71.09987 ,35.39286 ,
73.50987 ,35.39286 ,
76.35987 ,35.39286 ,
78.94986 ,35.39286 ,
81.30987 ,35.39286 ,
83.44987 ,35.39286 ,
85.39987 ,35.39285 ,
87.16987 ,35.39285 ,
88.77987 ,35.39286 ,
90.24988 ,35.39286 ,
91.57987 ,35.39286 ,
92.78987 ,35.39286 ,
93.88987 ,35.39286 ,
94.88987 ,35.39286 ,
44.88987 ,36.72286 ,
45.88988 ,36.72285 ,
46.98986 ,36.72286 ,
48.19987 ,36.72285 ,
49.52988 ,36.72286 ,
50.99987 ,36.72286 ,
52.60987 ,36.72286 ,
54.37987 ,36.72286 ,
56.32987 ,36.72286 ,
58.46986 ,36.72285 ,
60.82987 ,36.72286 ,
63.41987 ,36.72286 ,
66.26987 ,36.72285 ,
68.67987 ,36.72286 ,
71.09987 ,36.72286 ,
73.50987 ,36.72286 ,
76.35987 ,36.72286 ,
78.94987 ,36.72286 ,
81.30987 ,36.72286 ,
83.44987 ,36.72286 ,
85.39987 ,36.72287 ,
87.16986 ,36.72286 ,
88.77986 ,36.72286 ,
90.24987 ,36.72286 ,
91.57987 ,36.72286 ,
92.78987 ,36.72286 ,
93.88987 ,36.72286 ,
94.88987 ,36.72286 ,
44.88987 ,37.96286 ,
45.88988 ,37.96286 ,
46.98987 ,37.96286 ,
48.19987 ,37.96286 ,
49.52987 ,37.96286 ,
50.99987 ,37.96286 ,
52.60987 ,37.96286 ,
54.37987 ,37.96286 ,
56.32987 ,37.96286 ,
58.46987 ,37.96286 ,
60.82987 ,37.96286 ,
63.41987 ,37.96286 ,
66.26987 ,37.96286 ,
68.67987 ,37.96286 ,
71.09987 ,37.96286 ,
73.50988 ,37.96286 ,
76.35987 ,37.96286 ,
78.94987 ,37.96286 ,
81.30986 ,37.96285 ,
83.44987 ,37.96286 ,
85.39987 ,37.96286 ,
87.16987 ,37.96286 ,
88.77987 ,37.96286 ,
90.24987 ,37.96286 ,
91.57988 ,37.96286 ,
92.78988 ,37.96286 ,
93.88987 ,37.96286 ,
94.88987 ,37.96286 ,
44.88987 ,39.20286 ,
45.88987 ,39.20286 ,
46.98987 ,39.20286 ,
48.19987 ,39.20286 ,
49.52987 ,39.20286 ,
50.99986 ,39.20286 ,
52.60987 ,39.20285 ,
54.37987 ,39.20286 ,
56.32987 ,39.20286 ,
58.46987 ,39.20286 ,
60.82986 ,39.20286 ,
63.41987 ,39.20286 ,
66.26988 ,39.20285 ,
68.67987 ,39.20287 ,
71.09987 ,39.20286 ,
73.50987 ,39.20286 ,
76.35987 ,39.20286 ,
78.94987 ,39.20287 ,
81.30987 ,39.20286 ,
83.44987 ,39.20286 ,
85.39987 ,39.20286 ,
87.16987 ,39.20286 ,
88.77987 ,39.20286 ,
90.24986 ,39.20286 ,
91.57987 ,39.20286 ,
92.78987 ,39.20286 ,
93.88987 ,39.20285 ,
94.88987 ,39.20286 ,
44.88987 ,40.44286 ,
45.88987 ,40.44286 ,
46.98987 ,40.44286 ,
48.19987 ,40.44286 ,
49.52987 ,40.44286 ,
50.99986 ,40.44286 ,
52.60986 ,40.44286 ,
54.37987 ,40.44286 ,
56.32987 ,40.44286 ,
58.46987 ,40.44287 ,
60.82986 ,40.44286 ,
63.41987 ,40.44286 ,
66.26987 ,40.44286 ,
68.67987 ,40.44285 ,
71.09987 ,40.44286 ,
73.50987 ,40.44286 ,
76.35987 ,40.44286 ,
78.94987 ,40.44286 ,
81.30987 ,40.44286 ,
83.44987 ,40.44286 ,
85.39987 ,40.44286 ,
87.16987 ,40.44286 ,
88.77987 ,40.44286 ,
90.24987 ,40.44286 ,
91.57987 ,40.44286 ,
92.78987 ,40.44286 ,
93.88987 ,40.44286 ,
94.88987 ,40.44286 ,
19.31853 ,5.17638 ,
115.91109 ,31.05828 ,
60.00000 ,103.92304 ,
10.00000 ,17.32051 ,
108.22222 ,39.65618 ,
94.88887 ,40.32286 ,
44.88887 ,40.32286 ,
34.88887 ,41.32286 ,
34.88887 ,36.32286 ,
44.88887 ,31.32285 ,
94.88888 ,31.32286 ,
94.88886 ,36.32286 ,
99.88887 ,33.82286 ,
109.08443 ,37.77578 ,
24.14815 ,6.47048 ,
28.97777 ,7.76457 ,
33.80740 ,9.05867 ,
38.63703 ,10.35276 ,
43.46667 ,11.64686 ,
48.29629 ,12.94095 ,
53.12592 ,14.23505 ,
57.95555 ,15.52914 ,
62.78518 ,16.82324 ,
67.61480 ,18.11733 ,
72.44444 ,19.41143 ,
77.27407 ,20.70552 ,
82.10370 ,21.99962 ,
86.93332 ,23.29371 ,
91.76294 ,24.58781 ,
96.59258 ,25.88190 ,
101.42221 ,27.17600 ,
106.25185 ,28.47010 ,
111.08147 ,29.76419 ,
17.93746 ,8.84578 ,
15.86707 ,12.17523 ,
13.18692 ,15.03679 ,
114.52860 ,35.82178 ,
112.95043 ,40.52407 ,
111.17928 ,45.15713 ,
109.21820 ,49.71303 ,
107.07051 ,54.18400 ,
104.73988 ,58.56240 ,
102.23033 ,62.84074 ,
99.54611 ,67.01174 ,
96.69181 ,71.06823 ,
93.67232 ,75.00331 ,
90.49280 ,78.81024 ,
87.15866 ,82.48254 ,
83.67561 ,86.01390 ,
80.04962 ,89.39832 ,
76.28685 ,92.63000 ,
72.39375 ,95.70343 ,
68.37697 ,98.61334 ,
64.24336 ,101.35478 ,
12.50000 ,21.65064 ,
15.00000 ,25.98076 ,
17.50000 ,30.31089 ,
20.00000 ,34.64101 ,
22.50000 ,38.97115 ,
25.00000 ,43.30127 ,
27.50000 ,47.63139 ,
30.00000 ,51.96153 ,
32.50000 ,56.29165 ,
35.00000 ,60.62177 ,
37.50000 ,64.95191 ,
40.00000 ,69.28203 ,
42.50000 ,73.61216 ,
45.00000 ,77.94229 ,
47.50000 ,82.27241 ,
50.00000 ,86.60254 ,
52.50000 ,90.93266 ,
55.00000 ,95.26280 ,
57.50000 ,99.59292 ,
101.55554 ,42.98952 ,
98.22221 ,44.65619 ,
92.25729 ,40.32286 ,
89.62572 ,40.32286 ,
86.99415 ,40.32286 ,
84.36256 ,40.32286 ,
81.73098 ,40.32286 ,
79.09940 ,40.32285 ,
76.46781 ,40.32286 ,
73.83624 ,40.32286 ,
71.20466 ,40.32286 ,
68.57308 ,40.32285 ,
65.94150 ,40.32286 ,
63.30993 ,40.32285 ,
60.67835 ,40.32286 ,
58.04677 ,40.32285 ,
55.41519 ,40.32286 ,
52.78361 ,40.32286 ,
50.15203 ,40.32284 ,
47.52045 ,40.32286 ,
41.55554 ,44.65619 ,
38.22219 ,42.98952 ,
38.22221 ,34.65619 ,
41.55554 ,32.98953 ,
49.88887 ,31.32286 ,
54.88887 ,31.32286 ,
59.88887 ,31.32286 ,
64.88887 ,31.32287 ,
69.88888 ,31.32284 ,
74.88887 ,31.32286 ,
79.88888 ,31.32285 ,
84.88888 ,31.32286 ,
89.88888 ,31.32286 ,
97.38887 ,35.07285 ,
102.38887 ,35.07285 ,
67.25730 ,69.54232 ,
54.22617 ,61.95701 ,
80.41520 ,59.62342 ,
67.23266 ,55.65568 ,
90.94151 ,55.53746 ,
30.17352 ,22.90542 ,
46.04068 ,53.98708 ,
64.77385 ,83.61471 ,
74.82977 ,52.77173 ,
59.36256 ,52.72717 ,
78.64037 ,73.95419 ,
82.91109 ,51.91362 ,
56.56956 ,73.34594 ,
40.82183 ,21.60862 ,
88.36197 ,66.51647 ,
39.32437 ,51.94639 ,
52.58905 ,49.25235 ,
72.75557 ,63.85512 ,
98.28939 ,54.40019 ,
61.79376 ,64.05276 ,
69.89358 ,48.32830 ,
21.33178 ,19.78081 ,
74.51960 ,82.48207 ,
88.36658 ,47.40324 ,
45.99108 ,64.10277 ,
27.65660 ,31.53675 ,
65.12267 ,47.72391 ,
49.45973 ,22.40078 ,
36.75303 ,27.62806 ,
56.35992 ,81.10350 ,
62.84249 ,92.87429 ,
63.32036 ,76.04224 ,
93.57309 ,47.34351 ,
102.70452 ,49.23668 ,
78.31839 ,47.23246 ,
56.73098 ,46.83402 ,
28.24247 ,15.22728 ,
71.68252 ,75.21940 ,
46.55647 ,47.02917 ,
56.69282 ,23.41108 ,
51.52514 ,67.85683 ,
77.85617 ,67.41714 ,
85.82386 ,73.21190 ,
85.96109 ,57.55282 ,
34.93799 ,17.54348 ,
70.62870 ,88.07095 ,
94.10348 ,63.31025 ,
67.25751 ,63.45417 ,
61.18903 ,69.87955 ,
23.42019 ,26.23323 ,
29.24636 ,38.82285 ,
33.96351 ,47.34026 ,
22.35921 ,13.13990 ,
72.02887 ,56.53915 ,
41.49349 ,60.10549 ,
62.39829 ,56.63799 ,
73.63750 ,46.68443 ,
81.09363 ,79.63421 ,
83.13490 ,46.65880 ,
60.74020 ,46.35957 ,
64.61257 ,24.37574 ,
79.29551 ,55.02144 ,
50.68185 ,56.28356 ,
73.32303 ,69.59751 ,
56.23870 ,54.93667 ,
57.04574 ,66.46352 ,
50.00664 ,74.36938 ,
44.71586 ,25.46720 ,
58.07805 ,87.87088 ,
83.07226 ,66.25902 ,
50.32152 ,46.71136 ,
96.03268 ,58.50119 ,
97.07830 ,49.65795 ,
33.49085 ,31.09671 ,
45.39872 ,18.14179 ,
72.29209 ,26.85568 ,
67.78415 ,79.05166 ,
76.44168 ,58.34049 ,
67.09997 ,45.08188 ,
57.15026 ,58.00399 ,
46.68817 ,69.48370 ,
53.31538 ,45.74935 ,
64.46798 ,53.15416 ,
111.48164 ,39.68706 ,
111.26559 ,34.76255 ,
40.21604 ,16.15911 ,
89.64452 ,59.61488 ,
17.42684 ,16.44689 ,
35.56291 ,22.68492 ,
102.39747 ,31.25310 ,
85.63278 ,53.91110 ,
90.94218 ,45.30871 ,
41.71813 ,28.87659 ,
51.89524 ,78.96629 ,
30.58798 ,43.36025 ,
42.83517 ,49.44058 ,
106.42379 ,46.40667 ,
38.10130 ,56.71950 ,
70.17317 ,53.70551 ,
85.69054 ,45.08306 ,
77.62801 ,25.94658 ,
39.23478 ,47.49805 ,
34.75964 ,51.92824 ,
75.35247 ,87.19520 ,
54.02844 ,19.38483 ,
49.42711 ,49.52900 ,
90.39330 ,71.15541 ,
75.86867 ,77.53732 ,
47.27978 ,57.95338 ,
68.27517 ,93.01632 ,
52.86859 ,26.54338 ,
67.31440 ,74.04251 ,
32.40224 ,26.75460 ,
80.62016 ,44.90874 ,
79.85918 ,51.84564 ,
67.43949 ,52.01883 ,
26.51522 ,19.87134 ,
69.80140 ,45.24269 ,
69.66578 ,83.65209 ,
17.14976 ,21.69315 ,
58.68015 ,77.21273 ,
25.62139 ,35.69342 ,
81.53974 ,70.82219 ,
102.62647 ,53.71546 ,
91.57742 ,51.93529 ,
100.35397 ,58.14742 ,
31.20216 ,34.39738 ,
85.49187 ,78.09697 ,
64.67281 ,66.56732 ,
61.79929 ,96.92349 ,
69.86449 ,66.57432 ,
23.14008 ,31.02081 ,
43.55158 ,53.38304 ,
61.88806 ,48.87736 ,
50.35244 ,63.78519 ,
94.69926 ,52.75850 ,
27.80837 ,26.84827 ,
25.80847 ,11.34548 ,
64.56407 ,43.69604 ,
66.34733 ,88.19505 ,
86.07836 ,63.03223 ,
82.89364 ,26.89968 ,
76.51576 ,63.67262 ,
32.38335 ,14.31637 ,
61.91160 ,80.23191 ,
92.69741 ,67.45514 ,
55.99737 ,51.76503 ,
69.30363 ,58.40540 ,
98.65620 ,30.03821 ,
72.63821 ,49.17720 ,
65.18357 ,58.34400 ,
41.91063 ,64.51777 ,
82.41003 ,55.76710 ,
79.33872 ,83.95563 ,
105.79324 ,33.01526 ,
85.64630 ,48.46704 ,
37.87037 ,31.43174 ,
74.69863 ,72.81345 ,
75.50211 ,45.07347 ,
94.34300 ,43.34454 ,
69.17640 ,22.73372 ,
50.02633 ,17.45023 ,
98.05448 ,62.68272 ,
58.96443 ,45.00776 ,
54.31938 ,85.45111 ,
58.35939 ,92.21097 ,
59.55680 ,84.36901 ,
67.49091 ,27.41408 ,
60.56649 ,25.98092 ,
46.18457 ,43.44292 ,
61.25747 ,21.77705 ,
30.86910 ,18.67735 ,
24.30542 ,16.51952 ,
48.83316 ,27.16845 ,
60.08186 ,73.67041 ,
64.27901 ,71.83011 ,
110.62154 ,43.22129 ,
21.52971 ,9.49931 ,
70.14386 ,71.80038 ,
88.12609 ,27.63619 ,
72.57167 ,43.62071 ,
55.19767 ,69.52045 ,
88.43700 ,43.53703 ,
85.70505 ,69.34963 ,
19.25825 ,25.04992 ,
61.85367 ,43.49520 ,
42.94944 ,57.14023 ,
39.60646 ,25.27647 ,
99.76990 ,47.74805 ,
51.08176 ,43.27227 ,
81.96469 ,75.45765 ,
71.82555 ,79.43862 ,
32.62145 ,38.82286 ,
13.98545 ,18.34453 ,
75.52714 ,48.24160 ,
80.96874 ,47.71185 ,
75.68809 ,55.78457 ,
44.62688 ,21.85020 ,
48.83624 ,43.25492 ,
59.62223 ,55.79664 ,
58.93580 ,48.05547 ,
36.25817 ,13.63649 ,
99.43679 ,51.12962 ,
54.15375 ,65.26251 ,
55.63676 ,43.70570 ,
78.11157 ,43.41687 ,
57.92886 ,63.64254 ,
89.43994 ,75.01099 ,
102.72311 ,46.01046 ,
23.49508 ,22.87659 ,
80.11250 ,64.59788 ,
74.48445 ,66.58411 ,
60.16778 ,66.85917 ,
72.77839 ,53.80558 ,
93.09086 ,58.11253 ,
35.39348 ,44.48031 ,
72.53710 ,91.43751 ,
56.79475 ,27.79405 ,
61.97804 ,54.04732 ,
51.37909 ,82.85475 ,
61.89799 ,87.94196 ,
54.49104 ,76.31860 ,
92.29102 ,28.21887 ,
65.56382 ,95.91680 ,
37.66503 ,19.82070 ,
97.64522 ,32.46055 ,
52.32283 ,71.49240 ,
54.55182 ,47.85788 ,
35.48247 ,33.34338 ,
51.13312 ,58.81735 ,
52.64583 ,53.94192 ,
19.32471 ,12.76210 ,
97.19909 ,47.17239 ,
83.10782 ,43.25926 ,
88.15625 ,55.87363 ,
46.30333 ,73.65048 ,
77.43495 ,70.67140 ,
48.28918 ,66.65215 ,
43.38951 ,67.87610 ,
113.41641 ,37.32052 ,
58.13496 ,19.37441 ,
77.44298 ,52.79546 ,
42.12860 ,46.97942 ,
73.45401 ,59.11515 ,
83.22669 ,59.55352 ,
96.17343 ,66.29972 ,
105.81447 ,50.82933 ,
44.20220 ,61.42014 ,
96.61537 ,52.25795 ,
61.22705 ,59.10963 ,
64.59420 ,55.78390 ,
48.48745 ,77.38475 ,
29.64468 ,11.43853 ,
83.47722 ,82.33485 ,
40.75746 ,54.83528 ,
53.58876 ,56.97762 ,
110.82795 ,37.44048 ,
79.10953 ,77.17819 ,
112.23247 ,33.02293 ,
70.13883 ,63.23519 ,
67.83585 ,47.35522 ,
91.20184 ,64.72419 ,
64.98728 ,20.70298 ,
69.68459 ,56.07643 ,
64.38602 ,63.24163 ,
26.07635 ,39.93208 ,
62.83373 ,46.43042 ,
20.75658 ,28.29512 ,
26.70672 ,23.55674 ,
71.57111 ,46.76166 ,
77.98603 ,80.15748 ,
90.65786 ,47.68975 ,
72.54164 ,85.35008 ,
58.25994 ,70.48950 ,
46.03376 ,28.46024 ,
110.23594 ,40.22734 ,
30.55969 ,29.83944 ,
38.34332 ,61.57826 ,
43.96619 ,14.93187 ,
46.63089 ,51.64144 ,
20.94960 ,15.72985 ,
81.11895 ,53.63694 ,
48.77285 ,54.27765 ,
78.83163 ,57.33113 ,
30.78297 ,48.62273 ,
73.88652 ,22.96079 ,
88.76484 ,52.30304 ,
53.26239 ,22.93501 ,
58.62305 ,95.73762 ,
36.42144 ,48.96674 ,
63.66015 ,28.02339 ,
108.26860 ,31.08311 ,
94.88888 ,33.82287 ,
1,378,PM1
379,1071,iron
