nodal
2
1229
1	3.626425E-04	2.967312E-04	
2	3.634859E-04	2.999373E-04	
3	3.643571E-04	3.035614E-04	
4	3.651741E-04	3.076208E-04	
5	3.658440E-04	3.120622E-04	
6	3.662835E-04	3.168076E-04	
7	3.664153E-04	3.216698E-04	
8	3.661843E-04	3.264896E-04	
9	3.655496E-04	3.310726E-04	
10	3.644848E-04	3.352038E-04	
11	3.629362E-04	3.387284E-04	
12	3.608396E-04	3.413619E-04	
13	3.581220E-04	3.429214E-04	
14	3.553189E-04	3.432439E-04	
15	3.520468E-04	3.425627E-04	
16	3.482649E-04	3.408175E-04	
17	3.432543E-04	3.372224E-04	
18	3.380167E-04	3.326358E-04	
19	3.325848E-04	3.272098E-04	
20	3.270569E-04	3.211042E-04	
21	3.214945E-04	3.144240E-04	
22	3.159984E-04	3.073045E-04	
23	3.106711E-04	2.997872E-04	
24	3.056860E-04	2.919245E-04	
25	3.013705E-04	2.839793E-04	
26	2.980519E-04	2.763318E-04	
27	2.958776E-04	2.695960E-04	
28	2.943812E-04	2.641063E-04	
29	3.594443E-04	2.975791E-04	
30	3.602869E-04	3.007860E-04	
31	3.611644E-04	3.044320E-04	
32	3.620266E-04	3.085134E-04	
33	3.628076E-04	3.129628E-04	
34	3.634384E-04	3.176941E-04	
35	3.638408E-04	3.225167E-04	
36	3.639512E-04	3.272717E-04	
37	3.637125E-04	3.317673E-04	
38	3.630785E-04	3.357945E-04	
39	3.619880E-04	3.392074E-04	
40	3.603651E-04	3.417218E-04	
41	3.581130E-04	3.431685E-04	
42	3.557599E-04	3.433884E-04	
43	3.529505E-04	3.426013E-04	
44	3.496746E-04	3.407412E-04	
45	3.452118E-04	3.370176E-04	
46	3.405413E-04	3.323076E-04	
47	3.356934E-04	3.267546E-04	
48	3.307628E-04	3.205156E-04	
49	3.258062E-04	3.136967E-04	
50	3.209138E-04	3.064381E-04	
51	3.161516E-04	2.987855E-04	
52	3.116032E-04	2.908037E-04	
53	3.074452E-04	2.827551E-04	
54	3.038707E-04	2.749670E-04	
55	3.012872E-04	2.680668E-04	
56	2.997310E-04	2.626195E-04	
57	3.559874E-04	2.984211E-04	
58	3.568493E-04	3.016286E-04	
59	3.577675E-04	3.053082E-04	
60	3.586984E-04	3.094203E-04	
61	3.595957E-04	3.138812E-04	
62	3.604095E-04	3.185977E-04	
63	3.610694E-04	3.233792E-04	
64	3.615106E-04	3.280673E-04	
65	3.616677E-04	3.324699E-04	
66	3.614815E-04	3.363842E-04	
67	3.608782E-04	3.396824E-04	
68	3.597691E-04	3.420641E-04	
69	3.580629E-04	3.433781E-04	
70	3.561997E-04	3.434810E-04	
71	3.539026E-04	3.425777E-04	
72	3.511583E-04	3.405979E-04	
73	3.473265E-04	3.367193E-04	
74	3.432883E-04	3.318662E-04	
75	3.390792E-04	3.261702E-04	
76	3.347873E-04	3.197840E-04	
77	3.304630E-04	3.128244E-04	
78	3.261674E-04	3.054542E-04	
79	3.219136E-04	2.977304E-04	
80	3.177036E-04	2.897361E-04	
81	3.135882E-04	2.817150E-04	
82	3.095718E-04	2.738561E-04	
83	3.058884E-04	2.664109E-04	
84	3.042746E-04	2.607382E-04	
85	3.521835E-04	2.991836E-04	
86	3.530898E-04	3.024378E-04	
87	3.540695E-04	3.061869E-04	
88	3.550889E-04	3.103547E-04	
89	3.561169E-04	3.148375E-04	
90	3.571229E-04	3.195385E-04	
91	3.580465E-04	3.242728E-04	
92	3.588245E-04	3.288854E-04	
93	3.593884E-04	3.331800E-04	
94	3.596731E-04	3.369636E-04	
95	3.595905E-04	3.401426E-04	
96	3.590360E-04	3.423701E-04	
97	3.579415E-04	3.435316E-04	
98	3.566177E-04	3.435046E-04	
99	3.548846E-04	3.424764E-04	
100	3.527135E-04	3.403701E-04	
101	3.495777E-04	3.363041E-04	
102	3.462363E-04	3.312922E-04	
103	3.427207E-04	3.254413E-04	
104	3.391077E-04	3.188977E-04	
105	3.354469E-04	3.117990E-04	
106	3.317750E-04	3.043509E-04	
107	3.280638E-04	2.966121E-04	
108	3.242704E-04	2.886834E-04	
109	3.203786E-04	2.808044E-04	
110	3.162197E-04	2.731411E-04	
111	3.113739E-04	2.655504E-04	
112	3.044972E-04	2.563964E-04	
113	3.478502E-04	2.998073E-04	
114	3.488379E-04	3.032031E-04	
115	3.499096E-04	3.070869E-04	
116	3.510466E-04	3.113450E-04	
117	3.522360E-04	3.158591E-04	
118	3.534678E-04	3.205367E-04	
119	3.546909E-04	3.252110E-04	
120	3.558394E-04	3.297330E-04	
121	3.568387E-04	3.338936E-04	
122	3.576283E-04	3.375167E-04	
123	3.581102E-04	3.405762E-04	
124	3.581448E-04	3.426189E-04	
125	3.577148E-04	3.436079E-04	
126	3.569798E-04	3.434380E-04	
127	3.558711E-04	3.422778E-04	
128	3.543263E-04	3.400429E-04	
129	3.519303E-04	3.357482E-04	
130	3.493426E-04	3.305669E-04	
131	3.465783E-04	3.245543E-04	
132	3.436871E-04	3.178428E-04	
133	3.407287E-04	3.105944E-04	
134	3.377564E-04	3.030798E-04	
135	3.347375E-04	2.953113E-04	
136	3.316621E-04	2.873583E-04	
137	3.286223E-04	2.793660E-04	
138	3.256933E-04	2.715265E-04	
139	3.229065E-04	2.638076E-04	
140	3.202247E-04	2.559037E-04	
141	3.434809E-04	3.002048E-04	
142	3.445867E-04	3.038462E-04	
143	3.457806E-04	3.079170E-04	
144	3.470637E-04	3.122783E-04	
145	3.484414E-04	3.168140E-04	
146	3.499230E-04	3.214496E-04	
147	3.514682E-04	3.260531E-04	
148	3.529978E-04	3.304833E-04	
149	3.544124E-04	3.344990E-04	
150	3.556717E-04	3.379465E-04	
151	3.566867E-04	3.409182E-04	
152	3.572411E-04	3.427691E-04	
153	3.574031E-04	3.435949E-04	
154	3.572030E-04	3.432907E-04	
155	3.566871E-04	3.420111E-04	
156	3.557425E-04	3.396792E-04	
157	3.539803E-04	3.351448E-04	
158	3.520635E-04	3.298150E-04	
159	3.499968E-04	3.236615E-04	
160	3.477668E-04	3.168005E-04	
161	3.454139E-04	3.094046E-04	
162	3.430786E-04	3.018423E-04	
163	3.407294E-04	2.940360E-04	
164	3.383340E-04	2.860357E-04	
165	3.359653E-04	2.778405E-04	
166	3.337299E-04	2.698652E-04	
167	3.316288E-04	2.623171E-04	
168	3.296112E-04	2.553812E-04	
169	3.385669E-04	3.005174E-04	
170	3.398459E-04	3.044930E-04	
171	3.412350E-04	3.087920E-04	
172	3.427412E-04	3.132513E-04	
173	3.443774E-04	3.177821E-04	
174	3.461653E-04	3.223389E-04	
175	3.480967E-04	3.268485E-04	
176	3.500934E-04	3.311875E-04	
177	3.519531E-04	3.350433E-04	
178	3.536543E-04	3.382757E-04	
179	3.552549E-04	3.412074E-04	
180	3.562768E-04	3.428428E-04	
181	3.569851E-04	3.435101E-04	
182	3.572871E-04	3.430664E-04	
183	3.573660E-04	3.416579E-04	
184	3.571136E-04	3.392730E-04	
185	3.558684E-04	3.344733E-04	
186	3.545585E-04	3.290074E-04	
187	3.531953E-04	3.227113E-04	
188	3.516832E-04	3.157244E-04	
189	3.498039E-04	3.081723E-04	
190	3.480379E-04	3.005835E-04	
191	3.463490E-04	2.927195E-04	
192	3.446892E-04	2.847019E-04	
193	3.429502E-04	2.762181E-04	
194	3.411805E-04	2.681303E-04	
195	3.394563E-04	2.608230E-04	
196	3.377150E-04	2.545388E-04	
197	3.328322E-04	3.009682E-04	
198	3.343392E-04	3.052160E-04	
199	3.360868E-04	3.097499E-04	
200	3.379667E-04	3.142663E-04	
201	3.399862E-04	3.187551E-04	
202	3.421459E-04	3.231906E-04	
203	3.444847E-04	3.275595E-04	
204	3.471296E-04	3.318121E-04	
205	3.495702E-04	3.355353E-04	
206	3.514872E-04	3.384713E-04	
207	3.538966E-04	3.414524E-04	
208	3.552653E-04	3.428467E-04	
209	3.564428E-04	3.433675E-04	
210	3.572227E-04	3.427857E-04	
211	3.577689E-04	3.411870E-04	
212	3.585860E-04	3.388373E-04	
213	3.575598E-04	3.337589E-04	
214	3.567711E-04	3.281796E-04	
215	3.560069E-04	3.216723E-04	
216	3.556533E-04	3.146452E-04	
217	3.537920E-04	3.069466E-04	
218	3.525030E-04	2.993738E-04	
219	3.513585E-04	2.913561E-04	
220	3.506366E-04	2.833129E-04	
221	3.499997E-04	2.743675E-04	
222	3.486243E-04	2.661961E-04	
223	3.469438E-04	2.590594E-04	
224	3.455149E-04	2.535110E-04	
225	1.314049E-04	0.000000E+00	
226	1.982973E-04	0.000000E+00	
227	3.402890E-04	3.402890E-04	
228	1.273916E-04	1.273915E-04	
229	2.103861E-04	9.776780E-05	
230	2.776322E-04	2.723908E-04	
231	3.191882E-04	3.041494E-04	
232	2.302588E-04	2.021078E-04	
233	1.794677E-04	1.254784E-04	
234	1.387605E-04	1.214539E-05	
235	2.014077E-04	3.166370E-06	
236	2.435117E-04	8.336907E-06	
237	2.070941E-04	-6.797927E-06	
238	1.957359E-04	4.753569E-05	
239	1.227392E-04	0.000000E+00	
240	1.175036E-04	0.000000E+00	
241	1.135112E-04	0.000000E+00	
242	1.120069E-04	0.000000E+00	
243	1.131875E-04	0.000000E+00	
244	1.174457E-04	0.000000E+00	
245	1.248644E-04	0.000000E+00	
246	1.336490E-04	0.000000E+00	
247	1.428432E-04	0.000000E+00	
248	1.519041E-04	0.000000E+00	
249	1.604946E-04	0.000000E+00	
250	1.688153E-04	0.000000E+00	
251	1.770011E-04	0.000000E+00	
252	1.853421E-04	0.000000E+00	
253	1.937632E-04	0.000000E+00	
254	1.996165E-04	0.000000E+00	
255	2.069162E-04	0.000000E+00	
256	2.136207E-04	0.000000E+00	
257	2.090450E-04	0.000000E+00	
258	1.339486E-04	4.121840E-05	
259	1.356386E-04	7.925098E-05	
260	1.350556E-04	1.081871E-04	
261	1.927693E-04	2.941319E-05	
262	1.965575E-04	4.624855E-05	
263	2.505766E-04	7.154888E-05	
264	3.029066E-04	1.120425E-04	
265	3.379352E-04	1.533784E-04	
266	3.595262E-04	1.884189E-04	
267	3.716444E-04	2.177930E-04	
268	3.777469E-04	2.425229E-04	
269	3.799422E-04	2.629298E-04	
270	3.789726E-04	2.793482E-04	
271	3.758561E-04	2.932466E-04	
272	3.718774E-04	3.042951E-04	
273	3.668506E-04	3.130372E-04	
274	3.618458E-04	3.199859E-04	
275	3.569040E-04	3.254559E-04	
276	3.520782E-04	3.298062E-04	
277	3.477407E-04	3.335441E-04	
278	3.439082E-04	3.369360E-04	
279	1.254570E-04	1.254569E-04	
280	1.308246E-04	1.308245E-04	
281	1.422975E-04	1.422975E-04	
282	1.594378E-04	1.594378E-04	
283	1.788001E-04	1.788001E-04	
284	1.964431E-04	1.964431E-04	
285	2.170296E-04	2.170296E-04	
286	2.398173E-04	2.398173E-04	
287	2.622175E-04	2.622175E-04	
288	2.814568E-04	2.814568E-04	
289	2.975158E-04	2.975158E-04	
290	3.102232E-04	3.102232E-04	
291	3.202447E-04	3.202447E-04	
292	3.280876E-04	3.280876E-04	
293	3.337070E-04	3.337070E-04	
294	3.375758E-04	3.375759E-04	
295	3.399559E-04	3.399559E-04	
296	3.409595E-04	3.409595E-04	
297	3.410387E-04	3.410387E-04	
298	2.429320E-04	2.036576E-04	
299	2.668497E-04	2.533407E-04	
300	2.905572E-04	2.882358E-04	
301	3.002399E-04	3.007704E-04	
302	3.097436E-04	3.118409E-04	
303	3.164466E-04	3.213524E-04	
304	3.233315E-04	3.290491E-04	
305	3.283494E-04	3.353152E-04	
306	3.329578E-04	3.399769E-04	
307	3.358544E-04	3.434092E-04	
308	3.390885E-04	3.458855E-04	
309	3.407277E-04	3.470761E-04	
310	3.415547E-04	3.472084E-04	
311	3.421094E-04	3.461666E-04	
312	3.417507E-04	3.437077E-04	
313	3.403334E-04	3.406941E-04	
314	3.382752E-04	3.356504E-04	
315	3.356160E-04	3.304106E-04	
316	3.321378E-04	3.231935E-04	
317	3.270075E-04	3.145291E-04	
318	3.109538E-04	2.914869E-04	
319	2.992654E-04	2.759405E-04	
320	1.595597E-04	4.676414E-05	
321	1.458472E-04	2.649957E-05	
322	1.372300E-04	-1.154853E-06	
323	1.392939E-04	-5.808894E-06	
324	1.431137E-04	-7.016323E-06	
325	1.487954E-04	-6.394347E-06	
326	1.559710E-04	-5.469775E-06	
327	1.639071E-04	-4.584775E-06	
328	1.721503E-04	-4.004849E-06	
329	1.805503E-04	-3.411031E-06	
330	1.892410E-04	-2.045871E-06	
331	2.200171E-04	-5.389287E-06	
332	2.023399E-04	-3.299643E-06	
333	3.534593E-04	3.315935E-04	
334	3.228165E-04	3.298434E-04	
335	3.654593E-04	3.172744E-04	
336	3.457704E-04	3.404749E-04	
337	3.629881E-04	2.794626E-04	
338	1.282039E-04	7.722134E-05	
339	2.933507E-04	3.108581E-04	
340	3.521542E-04	3.316550E-04	
341	3.518803E-04	3.351703E-04	
342	3.313189E-04	3.400760E-04	
343	3.704653E-04	3.157706E-04	
344	3.532061E-04	3.170281E-04	
345	3.375103E-04	3.319093E-04	
346	1.176363E-04	2.702878E-05	
347	3.784502E-04	2.891837E-04	
348	2.662798E-04	2.807289E-04	
349	3.174823E-04	3.306829E-04	
350	3.597082E-04	3.293490E-04	
351	3.554049E-04	2.324886E-04	
352	3.406041E-04	3.353700E-04	
353	3.440871E-04	3.440225E-04	
354	1.327038E-04	9.064083E-05	
355	3.633015E-04	3.228932E-04	
356	3.360623E-04	3.002561E-04	
357	3.073787E-04	3.151469E-04	
358	1.570761E-04	1.315460E-04	
359	3.403858E-04	3.456342E-04	
360	1.249466E-04	4.197150E-06	
361	1.292457E-04	5.964477E-05	
362	3.418789E-04	3.339412E-04	
363	3.476420E-04	3.353338E-04	
364	3.494529E-04	3.319731E-04	
365	3.293124E-04	2.719437E-04	
366	3.226450E-04	1.900859E-04	
367	3.435708E-04	3.332809E-04	
368	3.294520E-04	3.390056E-04	
369	1.203489E-04	4.415188E-05	
370	3.615530E-04	3.259374E-04	
371	3.017143E-04	3.134609E-04	
372	1.361289E-04	-2.998440E-06	
373	3.235068E-04	3.263350E-04	
374	3.687651E-04	3.188382E-04	
375	3.772032E-04	2.994613E-04	
376	3.665316E-04	3.007327E-04	
377	1.158938E-04	3.513360E-05	
378	3.565895E-04	3.283146E-04	
379	3.771217E-04	2.632225E-04	
380	3.504850E-04	3.348166E-04	
381	3.429856E-04	3.331700E-04	
382	1.409021E-04	1.170527E-04	
383	1.986397E-04	1.717231E-04	
384	2.390850E-04	2.388995E-04	
385	1.260801E-04	4.987208E-05	
386	3.530347E-04	3.359302E-04	
387	2.902160E-04	2.995658E-04	
388	3.377929E-04	3.397301E-04	
389	3.435314E-04	3.414175E-04	
390	3.707926E-04	3.126173E-04	
391	3.392791E-04	3.210498E-04	
392	3.362038E-04	3.437982E-04	
393	1.490157E-04	-3.885803E-06	
394	3.580907E-04	3.241301E-04	
395	3.095523E-04	3.241974E-04	
396	3.631112E-04	3.254910E-04	
397	3.241916E-04	3.353688E-04	
398	3.327642E-04	3.321795E-04	
399	3.291178E-04	3.282998E-04	
400	1.241678E-04	1.604307E-05	
401	3.447415E-04	3.361804E-04	
402	3.741495E-04	3.064039E-04	
403	3.150064E-04	3.255927E-04	
404	3.690530E-04	2.495503E-04	
405	3.366382E-04	2.429229E-04	
406	1.462636E-04	9.622884E-05	
407	1.169119E-04	9.434730E-06	
408	1.614580E-04	-3.538150E-06	
409	3.563111E-04	3.292531E-04	
410	3.599514E-04	3.275020E-04	
411	3.416562E-04	3.464807E-04	
412	3.271404E-04	3.350889E-04	
413	3.177949E-04	3.209691E-04	
414	3.243814E-04	3.329390E-04	
415	3.405088E-04	3.425949E-04	
416	1.961322E-04	5.504689E-05	
417	2.008289E-04	2.907605E-05	
418	1.131712E-04	1.691553E-05	
419	3.715706E-04	2.841394E-04	
420	1.334706E-04	8.920358E-05	
421	1.205728E-04	5.249195E-05	
422	2.097558E-04	-2.946353E-06	
423	3.586359E-04	3.050551E-04	
424	3.226509E-04	2.903821E-04	
425	1.306833E-04	3.776762E-05	
426	3.354695E-04	3.322925E-04	
427	2.199960E-04	1.995362E-04	
428	2.808198E-04	2.974293E-04	
429	2.858243E-04	1.390718E-04	
430	2.738494E-04	2.829405E-04	
431	3.484695E-04	3.402071E-04	
432	3.309643E-04	3.137800E-04	
433	1.704131E-04	-2.285183E-06	
434	2.648437E-04	2.753762E-04	
435	2.511951E-04	2.577882E-04	
436	3.610030E-04	3.235372E-04	
437	1.289302E-04	-2.363887E-07	
438	3.079892E-04	3.224762E-04	
439	3.800762E-04	2.848740E-04	
440	3.666696E-04	3.203797E-04	
441	3.010116E-04	3.155918E-04	
442	3.517007E-04	3.316892E-04	
443	1.336538E-04	-2.112105E-06	
444	3.551213E-04	3.301768E-04	
445	1.334828E-04	8.529325E-05	
446	3.369715E-04	3.297135E-04	
447	3.525968E-04	3.257010E-04	
448	3.442112E-04	3.430384E-04	
449	1.275985E-04	7.481506E-05	
450	3.421909E-04	3.456359E-04	
451	3.576829E-04	3.280872E-04	
452	1.336774E-04	1.127696E-04	
453	3.431303E-04	3.328392E-04	
454	1.742578E-04	1.641010E-04	
455	3.738168E-04	3.095763E-04	
456	3.469075E-04	1.950658E-04	
457	3.520145E-04	2.871603E-04	
458	3.648764E-04	2.202976E-04	
459	1.702256E-04	1.336846E-04	
460	3.747891E-04	3.033515E-04	
461	3.476035E-04	3.342861E-04	
462	3.450255E-04	3.373334E-04	
463	3.567230E-04	3.311982E-04	
464	1.547932E-04	1.422188E-04	
465	2.833917E-04	3.012800E-04	
466	3.365767E-04	3.439931E-04	
467	3.162062E-04	3.237490E-04	
468	3.529122E-04	2.581392E-04	
469	1.404519E-04	1.071631E-04	
470	1.205487E-04	2.830498E-05	
471	3.407505E-04	3.466182E-04	
472	3.525913E-04	3.315802E-04	
473	3.738199E-04	2.975906E-04	
474	1.790721E-04	-2.024357E-06	
475	3.649475E-04	3.234759E-04	
476	1.156187E-04	2.841443E-05	
477	3.485895E-04	3.326272E-04	
478	3.799108E-04	2.728580E-04	
479	3.243372E-04	3.364139E-04	
480	3.507144E-04	3.372457E-04	
481	2.041389E-04	-2.376501E-06	
482	3.463145E-04	3.411506E-04	
483	3.438079E-04	3.391153E-04	
484	3.015649E-04	3.065352E-04	
485	3.615031E-04	3.148216E-04	
486	3.664536E-04	3.173792E-04	
487	2.108875E-04	8.900576E-06	
488	3.427016E-04	3.108371E-04	
489	1.408569E-04	5.576038E-05	
490	3.656874E-04	3.225047E-04	
491	3.409729E-04	3.397758E-04	
492	3.023569E-04	2.723489E-04	
493	1.562090E-04	-2.261024E-06	
494	1.218540E-04	2.452489E-06	
495	3.751252E-04	2.417850E-04	
496	3.350352E-04	3.423625E-04	
497	3.411058E-04	3.362691E-04	
498	3.443200E-04	3.378901E-04	
499	3.462334E-04	3.343291E-04	
500	1.537490E-04	-4.680334E-06	
501	1.433192E-04	-4.889122E-06	
502	3.124625E-04	3.104944E-04	
503	1.425716E-04	-2.737855E-06	
504	1.206791E-04	5.422375E-05	
505	1.263924E-04	6.321261E-05	
506	1.306802E-04	3.821484E-06	
507	3.433320E-04	3.326294E-04	
508	3.494395E-04	3.323341E-04	
509	2.329995E-04	7.461007E-05	
510	1.259934E-04	2.866789E-05	
511	3.589348E-04	3.284213E-04	
512	1.881644E-04	-1.522297E-06	
513	3.406596E-04	3.440657E-04	
514	3.319259E-04	3.306062E-04	
515	3.195261E-04	3.038624E-04	
516	3.773145E-04	2.983751E-04	
517	1.377189E-04	1.211120E-04	
518	3.392002E-04	3.452333E-04	
519	2.875198E-04	3.012603E-04	
520	1.232088E-04	3.837966E-05	
521	3.201438E-04	2.193438E-04	
522	3.255315E-04	3.270101E-04	
523	3.735321E-04	3.092776E-04	
524	3.613686E-04	3.255383E-04	
525	2.063018E-04	1.669550E-04	
526	1.324622E-04	1.127039E-04	
527	3.456154E-04	3.376967E-04	
528	3.434350E-04	3.264855E-04	
529	3.563180E-04	3.312756E-04	
530	1.204294E-04	1.456684E-05	
531	3.203988E-04	3.203887E-04	
532	3.319405E-04	3.386164E-04	
533	3.323518E-04	3.416013E-04	
534	1.131597E-04	1.674783E-05	
535	3.401851E-04	2.219696E-04	
536	3.258847E-04	3.293649E-04	
537	3.324195E-04	3.373530E-04	
538	3.362861E-04	3.360325E-04	
539	3.323730E-04	3.335487E-04	
540	3.781922E-04	2.913371E-04	
541	2.988721E-04	1.893952E-04	
542	1.351927E-04	1.002067E-04	
543	3.697318E-04	3.148968E-04	
544	3.638060E-04	3.252141E-04	
545	3.391804E-04	3.338266E-04	
546	3.511954E-04	3.371725E-04	
547	3.689109E-04	2.666986E-04	
548	2.449370E-04	2.375131E-04	
549	3.557249E-04	3.278976E-04	
550	1.390255E-04	-5.116731E-06	
551	3.363036E-04	3.411558E-04	
552	3.374581E-04	3.347838E-04	
553	3.483510E-04	3.343242E-04	
554	3.368318E-04	3.318788E-04	
555	1.958874E-04	5.509878E-07	
556	3.479645E-04	3.344680E-04	
557	1.165408E-04	3.517081E-05	
558	2.063060E-04	-3.453851E-06	
559	3.291285E-04	3.287798E-04	
560	3.239483E-04	3.351123E-04	
561	1.541477E-04	8.384549E-05	
562	3.123950E-04	3.249907E-04	
563	3.148564E-04	3.295829E-04	
564	1.305184E-04	6.021569E-05	
565	3.214736E-04	2.450004E-04	
566	3.290441E-04	3.237769E-04	
567	3.636731E-04	2.927994E-04	
568	3.240502E-04	3.245189E-04	
569	3.690864E-04	3.185130E-04	
570	3.159567E-04	3.212542E-04	
571	3.108388E-04	3.138213E-04	
572	1.934724E-04	3.772033E-05	
573	1.359694E-04	-1.410480E-06	
574	3.534929E-04	3.303879E-04	
575	2.844091E-04	2.930516E-04	
576	3.571485E-04	3.320589E-04	
577	3.678630E-04	3.090392E-04	
578	3.789825E-04	2.568556E-04	
579	3.230127E-04	1.563822E-04	
580	2.987334E-04	3.085106E-04	
581	3.491040E-04	2.446515E-04	
582	3.365694E-04	3.378732E-04	
583	3.415532E-04	3.407914E-04	
584	3.306280E-04	3.297087E-04	
585	1.168326E-04	1.982282E-05	
586	3.703412E-04	3.102882E-04	
587	2.767511E-04	2.904037E-04	
588	3.178681E-04	3.302868E-04	
589	1.947951E-04	4.623030E-05	
590	3.702342E-04	3.151719E-04	
591	2.016074E-04	1.744409E-05	
592	3.552624E-04	3.329083E-04	
593	3.423866E-04	3.454253E-04	
594	3.779407E-04	2.772572E-04	
595	1.484537E-04	-1.844167E-06	
596	3.495469E-04	3.386279E-04	
597	3.451409E-04	3.359910E-04	
598	1.953728E-04	1.791910E-04	
599	3.385063E-04	3.452087E-04	
600	1.452041E-04	1.322709E-04	
601	1.339771E-04	9.359921E-05	
602	3.435472E-04	3.435644E-04	
603	3.678325E-04	3.176835E-04	
604	3.344345E-04	2.884855E-04	
605	3.596639E-04	3.256892E-04	
606	3.381636E-04	3.323998E-04	
607	1.310474E-04	1.007144E-05	
608	2.031072E-04	6.841455E-05	
609	1.470712E-04	1.104236E-04	
610	2.888793E-04	2.929760E-04	
611	1.142222E-04	6.656761E-06	
612	2.969130E-04	3.133457E-04	
613	1.295280E-04	7.051456E-05	
614	3.564590E-04	3.206068E-04	
615	3.028308E-04	3.197590E-04	
616	3.610902E-04	3.230939E-04	
617	2.300283E-04	2.288939E-04	
618	1.639413E-04	-1.507492E-06	
619	3.539405E-04	2.935196E-04	
620	1.308731E-04	-5.981329E-07	
621	3.433895E-04	3.390106E-04	
622	2.512788E-04	2.585854E-04	
623	1.479327E-04	-5.600762E-06	
624	2.118208E-04	6.054667E-06	
625	2.200042E-04	7.672019E-06	
626	2.967311E-04	3.626425E-04	
627	2.999373E-04	3.634859E-04	
628	3.035614E-04	3.643572E-04	
629	3.076208E-04	3.651741E-04	
630	3.120621E-04	3.658440E-04	
631	3.168075E-04	3.662835E-04	
632	3.216698E-04	3.664154E-04	
633	3.264895E-04	3.661844E-04	
634	3.310726E-04	3.655497E-04	
635	3.352038E-04	3.644848E-04	
636	3.387284E-04	3.629362E-04	
637	3.413619E-04	3.608396E-04	
638	3.429214E-04	3.581220E-04	
639	3.432439E-04	3.553190E-04	
640	3.425627E-04	3.520468E-04	
641	3.408175E-04	3.482649E-04	
642	3.372224E-04	3.432543E-04	
643	3.326358E-04	3.380167E-04	
644	3.272098E-04	3.325848E-04	
645	3.211042E-04	3.270569E-04	
646	3.144240E-04	3.214945E-04	
647	3.073045E-04	3.159983E-04	
648	2.997872E-04	3.106710E-04	
649	2.919245E-04	3.056860E-04	
650	2.839793E-04	3.013705E-04	
651	2.763318E-04	2.980519E-04	
652	2.695960E-04	2.958775E-04	
653	2.641063E-04	2.943812E-04	
654	2.975791E-04	3.594443E-04	
655	3.007860E-04	3.602870E-04	
656	3.044320E-04	3.611644E-04	
657	3.085133E-04	3.620266E-04	
658	3.129628E-04	3.628076E-04	
659	3.176940E-04	3.634384E-04	
660	3.225167E-04	3.638408E-04	
661	3.272717E-04	3.639513E-04	
662	3.317673E-04	3.637125E-04	
663	3.357945E-04	3.630785E-04	
664	3.392074E-04	3.619880E-04	
665	3.417218E-04	3.603651E-04	
666	3.431685E-04	3.581130E-04	
667	3.433884E-04	3.557599E-04	
668	3.426013E-04	3.529506E-04	
669	3.407412E-04	3.496746E-04	
670	3.370176E-04	3.452118E-04	
671	3.323076E-04	3.405413E-04	
672	3.267546E-04	3.356934E-04	
673	3.205156E-04	3.307628E-04	
674	3.136967E-04	3.258062E-04	
675	3.064381E-04	3.209137E-04	
676	2.987855E-04	3.161516E-04	
677	2.908037E-04	3.116032E-04	
678	2.827551E-04	3.074452E-04	
679	2.749670E-04	3.038707E-04	
680	2.680668E-04	3.012872E-04	
681	2.626195E-04	2.997310E-04	
682	2.984211E-04	3.559874E-04	
683	3.016286E-04	3.568493E-04	
684	3.053081E-04	3.577676E-04	
685	3.094203E-04	3.586984E-04	
686	3.138812E-04	3.595957E-04	
687	3.185977E-04	3.604095E-04	
688	3.233792E-04	3.610694E-04	
689	3.280673E-04	3.615106E-04	
690	3.324699E-04	3.616678E-04	
691	3.363842E-04	3.614816E-04	
692	3.396824E-04	3.608782E-04	
693	3.420641E-04	3.597691E-04	
694	3.433781E-04	3.580629E-04	
695	3.434810E-04	3.561997E-04	
696	3.425777E-04	3.539026E-04	
697	3.405979E-04	3.511583E-04	
698	3.367193E-04	3.473265E-04	
699	3.318662E-04	3.432883E-04	
700	3.261702E-04	3.390792E-04	
701	3.197840E-04	3.347873E-04	
702	3.128244E-04	3.304630E-04	
703	3.054543E-04	3.261674E-04	
704	2.977304E-04	3.219136E-04	
705	2.897361E-04	3.177036E-04	
706	2.817150E-04	3.135882E-04	
707	2.738561E-04	3.095718E-04	
708	2.664110E-04	3.058884E-04	
709	2.607382E-04	3.042746E-04	
710	2.991835E-04	3.521835E-04	
711	3.024377E-04	3.530898E-04	
712	3.061869E-04	3.540695E-04	
713	3.103547E-04	3.550889E-04	
714	3.148375E-04	3.561169E-04	
715	3.195385E-04	3.571229E-04	
716	3.242728E-04	3.580465E-04	
717	3.288854E-04	3.588245E-04	
718	3.331800E-04	3.593884E-04	
719	3.369636E-04	3.596731E-04	
720	3.401426E-04	3.595905E-04	
721	3.423701E-04	3.590360E-04	
722	3.435316E-04	3.579415E-04	
723	3.435046E-04	3.566177E-04	
724	3.424764E-04	3.548846E-04	
725	3.403701E-04	3.527135E-04	
726	3.363041E-04	3.495777E-04	
727	3.312922E-04	3.462363E-04	
728	3.254413E-04	3.427207E-04	
729	3.188977E-04	3.391077E-04	
730	3.117990E-04	3.354469E-04	
731	3.043509E-04	3.317750E-04	
732	2.966121E-04	3.280638E-04	
733	2.886834E-04	3.242704E-04	
734	2.808044E-04	3.203786E-04	
735	2.731411E-04	3.162197E-04	
736	2.655504E-04	3.113739E-04	
737	2.563964E-04	3.044971E-04	
738	2.998073E-04	3.478502E-04	
739	3.032031E-04	3.488379E-04	
740	3.070869E-04	3.499097E-04	
741	3.113450E-04	3.510466E-04	
742	3.158591E-04	3.522361E-04	
743	3.205366E-04	3.534678E-04	
744	3.252110E-04	3.546909E-04	
745	3.297330E-04	3.558394E-04	
746	3.338936E-04	3.568387E-04	
747	3.375167E-04	3.576283E-04	
748	3.405762E-04	3.581102E-04	
749	3.426189E-04	3.581448E-04	
750	3.436079E-04	3.577148E-04	
751	3.434380E-04	3.569798E-04	
752	3.422778E-04	3.558711E-04	
753	3.400429E-04	3.543263E-04	
754	3.357482E-04	3.519304E-04	
755	3.305669E-04	3.493426E-04	
756	3.245543E-04	3.465783E-04	
757	3.178428E-04	3.436870E-04	
758	3.105944E-04	3.407287E-04	
759	3.030798E-04	3.377564E-04	
760	2.953113E-04	3.347375E-04	
761	2.873583E-04	3.316621E-04	
762	2.793660E-04	3.286223E-04	
763	2.715266E-04	3.256933E-04	
764	2.638076E-04	3.229065E-04	
765	2.559038E-04	3.202246E-04	
766	3.002048E-04	3.434810E-04	
767	3.038462E-04	3.445867E-04	
768	3.079170E-04	3.457807E-04	
769	3.122783E-04	3.470637E-04	
770	3.168139E-04	3.484414E-04	
771	3.214496E-04	3.499230E-04	
772	3.260531E-04	3.514682E-04	
773	3.304833E-04	3.529978E-04	
774	3.344990E-04	3.544124E-04	
775	3.379465E-04	3.556717E-04	
776	3.409182E-04	3.566867E-04	
777	3.427691E-04	3.572412E-04	
778	3.435949E-04	3.574031E-04	
779	3.432908E-04	3.572031E-04	
780	3.420111E-04	3.566871E-04	
781	3.396792E-04	3.557425E-04	
782	3.351448E-04	3.539804E-04	
783	3.298150E-04	3.520635E-04	
784	3.236615E-04	3.499968E-04	
785	3.168005E-04	3.477668E-04	
786	3.094046E-04	3.454139E-04	
787	3.018423E-04	3.430785E-04	
788	2.940360E-04	3.407294E-04	
789	2.860357E-04	3.383340E-04	
790	2.778405E-04	3.359653E-04	
791	2.698652E-04	3.337299E-04	
792	2.623171E-04	3.316288E-04	
793	2.553813E-04	3.296112E-04	
794	3.005173E-04	3.385670E-04	
795	3.044930E-04	3.398459E-04	
796	3.087920E-04	3.412350E-04	
797	3.132512E-04	3.427412E-04	
798	3.177821E-04	3.443774E-04	
799	3.223389E-04	3.461653E-04	
800	3.268485E-04	3.480967E-04	
801	3.311875E-04	3.500934E-04	
802	3.350433E-04	3.519531E-04	
803	3.382757E-04	3.536543E-04	
804	3.412074E-04	3.552549E-04	
805	3.428428E-04	3.562768E-04	
806	3.435102E-04	3.569851E-04	
807	3.430664E-04	3.572872E-04	
808	3.416579E-04	3.573661E-04	
809	3.392730E-04	3.571136E-04	
810	3.344734E-04	3.558684E-04	
811	3.290074E-04	3.545585E-04	
812	3.227113E-04	3.531953E-04	
813	3.157244E-04	3.516832E-04	
814	3.081724E-04	3.498039E-04	
815	3.005835E-04	3.480379E-04	
816	2.927195E-04	3.463490E-04	
817	2.847019E-04	3.446892E-04	
818	2.762181E-04	3.429502E-04	
819	2.681303E-04	3.411805E-04	
820	2.608230E-04	3.394563E-04	
821	2.545388E-04	3.377150E-04	
822	3.009682E-04	3.328322E-04	
823	3.052160E-04	3.343392E-04	
824	3.097499E-04	3.360868E-04	
825	3.142663E-04	3.379667E-04	
826	3.187551E-04	3.399862E-04	
827	3.231906E-04	3.421459E-04	
828	3.275595E-04	3.444847E-04	
829	3.318121E-04	3.471296E-04	
830	3.355353E-04	3.495702E-04	
831	3.384713E-04	3.514872E-04	
832	3.414524E-04	3.538966E-04	
833	3.428467E-04	3.552653E-04	
834	3.433675E-04	3.564428E-04	
835	3.427857E-04	3.572228E-04	
836	3.411871E-04	3.577689E-04	
837	3.388373E-04	3.585860E-04	
838	3.337589E-04	3.575598E-04	
839	3.281796E-04	3.567711E-04	
840	3.216723E-04	3.560069E-04	
841	3.146452E-04	3.556533E-04	
842	3.069466E-04	3.537920E-04	
843	2.993738E-04	3.525030E-04	
844	2.913561E-04	3.513585E-04	
845	2.833130E-04	3.506366E-04	
846	2.743675E-04	3.499997E-04	
847	2.661961E-04	3.486243E-04	
848	2.590594E-04	3.469438E-04	
849	2.535110E-04	3.455149E-04	
850	0.000000E+00	1.314049E-04	
851	0.000000E+00	1.982973E-04	
852	9.776780E-05	2.103861E-04	
853	2.723908E-04	2.776322E-04	
854	3.041494E-04	3.191882E-04	
855	2.021078E-04	2.302588E-04	
856	1.254784E-04	1.794677E-04	
857	1.214539E-05	1.387605E-04	
858	3.166371E-06	2.014077E-04	
859	8.336908E-06	2.435117E-04	
860	-6.797930E-06	2.070941E-04	
861	4.753568E-05	1.957359E-04	
862	0.000000E+00	1.227392E-04	
863	0.000000E+00	1.175035E-04	
864	0.000000E+00	1.135112E-04	
865	0.000000E+00	1.120068E-04	
866	0.000000E+00	1.131874E-04	
867	0.000000E+00	1.174456E-04	
868	0.000000E+00	1.248643E-04	
869	0.000000E+00	1.336490E-04	
870	0.000000E+00	1.428431E-04	
871	0.000000E+00	1.519041E-04	
872	0.000000E+00	1.604946E-04	
873	0.000000E+00	1.688153E-04	
874	0.000000E+00	1.770011E-04	
875	0.000000E+00	1.853421E-04	
876	0.000000E+00	1.937632E-04	
877	0.000000E+00	1.996165E-04	
878	0.000000E+00	2.069162E-04	
879	0.000000E+00	2.136206E-04	
880	0.000000E+00	2.090450E-04	
881	4.121841E-05	1.339486E-04	
882	7.925100E-05	1.356386E-04	
883	1.081871E-04	1.350556E-04	
884	2.941318E-05	1.927693E-04	
885	4.624855E-05	1.965575E-04	
886	7.154887E-05	2.505766E-04	
887	1.120425E-04	3.029066E-04	
888	1.533784E-04	3.379352E-04	
889	1.884189E-04	3.595263E-04	
890	2.177930E-04	3.716444E-04	
891	2.425229E-04	3.777469E-04	
892	2.629298E-04	3.799423E-04	
893	2.793482E-04	3.789727E-04	
894	2.932466E-04	3.758561E-04	
895	3.042951E-04	3.718774E-04	
896	3.130372E-04	3.668507E-04	
897	3.199859E-04	3.618459E-04	
898	3.254559E-04	3.569040E-04	
899	3.298062E-04	3.520782E-04	
900	3.335441E-04	3.477407E-04	
901	3.369360E-04	3.439082E-04	
902	2.036576E-04	2.429320E-04	
903	2.533407E-04	2.668497E-04	
904	2.882358E-04	2.905572E-04	
905	3.007704E-04	3.002399E-04	
906	3.118410E-04	3.097436E-04	
907	3.213524E-04	3.164466E-04	
908	3.290492E-04	3.233315E-04	
909	3.353152E-04	3.283494E-04	
910	3.399769E-04	3.329578E-04	
911	3.434092E-04	3.358544E-04	
912	3.458855E-04	3.390885E-04	
913	3.470761E-04	3.407277E-04	
914	3.472084E-04	3.415547E-04	
915	3.461666E-04	3.421094E-04	
916	3.437077E-04	3.417507E-04	
917	3.406941E-04	3.403335E-04	
918	3.356504E-04	3.382752E-04	
919	3.304106E-04	3.356160E-04	
920	3.231935E-04	3.321378E-04	
921	3.145291E-04	3.270075E-04	
922	2.914869E-04	3.109538E-04	
923	2.759405E-04	2.992654E-04	
924	4.676413E-05	1.595597E-04	
925	2.649956E-05	1.458471E-04	
926	-1.154856E-06	1.372299E-04	
927	-5.808897E-06	1.392938E-04	
928	-7.016325E-06	1.431136E-04	
929	-6.394349E-06	1.487954E-04	
930	-5.469777E-06	1.559709E-04	
931	-4.584777E-06	1.639071E-04	
932	-4.004850E-06	1.721503E-04	
933	-3.411032E-06	1.805503E-04	
934	-2.045872E-06	1.892410E-04	
935	-5.389291E-06	2.200170E-04	
936	-3.299644E-06	2.023399E-04	
937	3.315935E-04	3.534593E-04	
938	3.298434E-04	3.228165E-04	
939	3.172744E-04	3.654593E-04	
940	3.404749E-04	3.457704E-04	
941	2.794627E-04	3.629881E-04	
942	7.722135E-05	1.282038E-04	
943	3.108581E-04	2.933508E-04	
944	3.316550E-04	3.521543E-04	
945	3.351704E-04	3.518803E-04	
946	3.400760E-04	3.313189E-04	
947	3.157706E-04	3.704654E-04	
948	3.170281E-04	3.532062E-04	
949	3.319093E-04	3.375103E-04	
950	2.702878E-05	1.176362E-04	
951	2.891837E-04	3.784502E-04	
952	2.807289E-04	2.662798E-04	
953	3.306828E-04	3.174823E-04	
954	3.293490E-04	3.597082E-04	
955	2.324886E-04	3.554049E-04	
956	3.353700E-04	3.406042E-04	
957	3.440225E-04	3.440871E-04	
958	9.064084E-05	1.327038E-04	
959	3.228932E-04	3.633015E-04	
960	3.002561E-04	3.360623E-04	
961	3.151469E-04	3.073787E-04	
962	1.315461E-04	1.570760E-04	
963	3.456342E-04	3.403858E-04	
964	4.197147E-06	1.249466E-04	
965	5.964477E-05	1.292456E-04	
966	3.339412E-04	3.418789E-04	
967	3.353338E-04	3.476420E-04	
968	3.319731E-04	3.494529E-04	
969	2.719437E-04	3.293124E-04	
970	1.900859E-04	3.226450E-04	
971	3.332809E-04	3.435708E-04	
972	3.390055E-04	3.294520E-04	
973	4.415189E-05	1.203488E-04	
974	3.259374E-04	3.615531E-04	
975	3.134609E-04	3.017143E-04	
976	-2.998442E-06	1.361289E-04	
977	3.263350E-04	3.235068E-04	
978	3.188382E-04	3.687651E-04	
979	2.994613E-04	3.772032E-04	
980	3.007327E-04	3.665316E-04	
981	3.513360E-05	1.158938E-04	
982	3.283146E-04	3.565895E-04	
983	2.632225E-04	3.771217E-04	
984	3.348166E-04	3.504850E-04	
985	3.331700E-04	3.429857E-04	
986	1.170527E-04	1.409021E-04	
987	1.717231E-04	1.986397E-04	
988	2.388995E-04	2.390850E-04	
989	4.987209E-05	1.260800E-04	
990	3.359302E-04	3.530347E-04	
991	2.995658E-04	2.902160E-04	
992	3.397301E-04	3.377929E-04	
993	3.414175E-04	3.435314E-04	
994	3.126173E-04	3.707927E-04	
995	3.210498E-04	3.392791E-04	
996	3.437982E-04	3.362038E-04	
997	-3.885805E-06	1.490157E-04	
998	3.241301E-04	3.580907E-04	
999	3.241974E-04	3.095523E-04	
1000	3.254910E-04	3.631112E-04	
1001	3.353688E-04	3.241916E-04	
1002	3.321795E-04	3.327642E-04	
1003	3.282998E-04	3.291178E-04	
1004	1.604307E-05	1.241678E-04	
1005	3.361804E-04	3.447415E-04	
1006	3.064039E-04	3.741495E-04	
1007	3.255927E-04	3.150064E-04	
1008	2.495503E-04	3.690530E-04	
1009	2.429229E-04	3.366382E-04	
1010	9.622884E-05	1.462636E-04	
1011	9.434729E-06	1.169119E-04	
1012	-3.538151E-06	1.614580E-04	
1013	3.292531E-04	3.563111E-04	
1014	3.275020E-04	3.599514E-04	
1015	3.464807E-04	3.416562E-04	
1016	3.350889E-04	3.271404E-04	
1017	3.209691E-04	3.177949E-04	
1018	3.329390E-04	3.243814E-04	
1019	3.425949E-04	3.405088E-04	
1020	5.504688E-05	1.961322E-04	
1021	2.907605E-05	2.008288E-04	
1022	1.691553E-05	1.131711E-04	
1023	2.841394E-04	3.715706E-04	
1024	8.920360E-05	1.334705E-04	
1025	5.249195E-05	1.205727E-04	
1026	-2.946353E-06	2.097557E-04	
1027	3.050551E-04	3.586359E-04	
1028	2.903821E-04	3.226509E-04	
1029	3.776761E-05	1.306833E-04	
1030	3.322925E-04	3.354695E-04	
1031	1.995362E-04	2.199959E-04	
1032	2.974293E-04	2.808198E-04	
1033	1.390718E-04	2.858243E-04	
1034	2.829405E-04	2.738494E-04	
1035	3.402071E-04	3.484695E-04	
1036	3.137800E-04	3.309643E-04	
1037	-2.285183E-06	1.704130E-04	
1038	2.753762E-04	2.648437E-04	
1039	2.577882E-04	2.511951E-04	
1040	3.235372E-04	3.610030E-04	
1041	-2.363900E-07	1.289301E-04	
1042	3.224762E-04	3.079892E-04	
1043	2.848740E-04	3.800762E-04	
1044	3.203797E-04	3.666696E-04	
1045	3.155918E-04	3.010116E-04	
1046	3.316892E-04	3.517007E-04	
1047	-2.112108E-06	1.336537E-04	
1048	3.301768E-04	3.551213E-04	
1049	8.529325E-05	1.334827E-04	
1050	3.297135E-04	3.369715E-04	
1051	3.257010E-04	3.525969E-04	
1052	3.430384E-04	3.442112E-04	
1053	7.481507E-05	1.275985E-04	
1054	3.456359E-04	3.421909E-04	
1055	3.280872E-04	3.576830E-04	
1056	1.127697E-04	1.336774E-04	
1057	3.328392E-04	3.431303E-04	
1058	1.641010E-04	1.742578E-04	
1059	3.095763E-04	3.738169E-04	
1060	1.950658E-04	3.469075E-04	
1061	2.871603E-04	3.520146E-04	
1062	2.202976E-04	3.648764E-04	
1063	1.336846E-04	1.702256E-04	
1064	3.033515E-04	3.747891E-04	
1065	3.342861E-04	3.476035E-04	
1066	3.373334E-04	3.450255E-04	
1067	3.311982E-04	3.567230E-04	
1068	1.422188E-04	1.547932E-04	
1069	3.012800E-04	2.833917E-04	
1070	3.439931E-04	3.365767E-04	
1071	3.237490E-04	3.162062E-04	
1072	2.581392E-04	3.529122E-04	
1073	1.071631E-04	1.404518E-04	
1074	2.830498E-05	1.205486E-04	
1075	3.466182E-04	3.407505E-04	
1076	3.315802E-04	3.525913E-04	
1077	2.975906E-04	3.738199E-04	
1078	-2.024357E-06	1.790720E-04	
1079	3.234759E-04	3.649475E-04	
1080	2.841443E-05	1.156187E-04	
1081	3.326271E-04	3.485895E-04	
1082	2.728580E-04	3.799108E-04	
1083	3.364139E-04	3.243372E-04	
1084	3.372457E-04	3.507144E-04	
1085	-2.376503E-06	2.041389E-04	
1086	3.411506E-04	3.463145E-04	
1087	3.391153E-04	3.438080E-04	
1088	3.065352E-04	3.015649E-04	
1089	3.148216E-04	3.615031E-04	
1090	3.173792E-04	3.664537E-04	
1091	8.900576E-06	2.108875E-04	
1092	3.108371E-04	3.427016E-04	
1093	5.576037E-05	1.408568E-04	
1094	3.225047E-04	3.656874E-04	
1095	3.397758E-04	3.409729E-04	
1096	2.723489E-04	3.023569E-04	
1097	-2.261025E-06	1.562089E-04	
1098	2.452488E-06	1.218539E-04	
1099	2.417850E-04	3.751252E-04	
1100	3.423625E-04	3.350352E-04	
1101	3.362691E-04	3.411059E-04	
1102	3.378901E-04	3.443200E-04	
1103	3.343291E-04	3.462334E-04	
1104	-4.680335E-06	1.537490E-04	
1105	-4.889124E-06	1.433192E-04	
1106	3.104944E-04	3.124625E-04	
1107	-2.737856E-06	1.425715E-04	
1108	5.422376E-05	1.206790E-04	
1109	6.321261E-05	1.263924E-04	
1110	3.821481E-06	1.306801E-04	
1111	3.326294E-04	3.433320E-04	
1112	3.323341E-04	3.494395E-04	
1113	7.461007E-05	2.329995E-04	
1114	2.866790E-05	1.259933E-04	
1115	3.284213E-04	3.589348E-04	
1116	-1.522298E-06	1.881644E-04	
1117	3.440657E-04	3.406596E-04	
1118	3.306062E-04	3.319259E-04	
1119	3.038624E-04	3.195261E-04	
1120	2.983751E-04	3.773145E-04	
1121	1.211120E-04	1.377188E-04	
1122	3.452333E-04	3.392002E-04	
1123	3.012603E-04	2.875198E-04	
1124	3.837966E-05	1.232087E-04	
1125	2.193438E-04	3.201438E-04	
1126	3.270101E-04	3.255315E-04	
1127	3.092776E-04	3.735321E-04	
1128	3.255383E-04	3.613686E-04	
1129	1.669550E-04	2.063018E-04	
1130	1.127039E-04	1.324621E-04	
1131	3.376967E-04	3.456154E-04	
1132	3.264855E-04	3.434350E-04	
1133	3.312756E-04	3.563180E-04	
1134	1.456684E-05	1.204294E-04	
1135	3.203887E-04	3.203988E-04	
1136	3.386164E-04	3.319405E-04	
1137	3.416013E-04	3.323519E-04	
1138	1.674783E-05	1.131597E-04	
1139	2.219696E-04	3.401851E-04	
1140	3.293649E-04	3.258847E-04	
1141	3.373530E-04	3.324195E-04	
1142	3.360325E-04	3.362861E-04	
1143	3.335487E-04	3.323730E-04	
1144	2.913371E-04	3.781922E-04	
1145	1.893952E-04	2.988721E-04	
1146	1.002067E-04	1.351926E-04	
1147	3.148968E-04	3.697319E-04	
1148	3.252141E-04	3.638060E-04	
1149	3.338266E-04	3.391805E-04	
1150	3.371725E-04	3.511954E-04	
1151	2.666986E-04	3.689109E-04	
1152	2.375131E-04	2.449370E-04	
1153	3.278976E-04	3.557249E-04	
1154	-5.116733E-06	1.390255E-04	
1155	3.411558E-04	3.363036E-04	
1156	3.347838E-04	3.374581E-04	
1157	3.343242E-04	3.483510E-04	
1158	3.318788E-04	3.368318E-04	
1159	5.509878E-07	1.958874E-04	
1160	3.344680E-04	3.479645E-04	
1161	3.517081E-05	1.165407E-04	
1162	-3.453853E-06	2.063060E-04	
1163	3.287798E-04	3.291285E-04	
1164	3.351123E-04	3.239483E-04	
1165	8.384549E-05	1.541476E-04	
1166	3.249907E-04	3.123950E-04	
1167	3.295829E-04	3.148565E-04	
1168	6.021570E-05	1.305183E-04	
1169	2.450004E-04	3.214736E-04	
1170	3.237770E-04	3.290441E-04	
1171	2.927994E-04	3.636731E-04	
1172	3.245189E-04	3.240503E-04	
1173	3.185130E-04	3.690864E-04	
1174	3.212542E-04	3.159568E-04	
1175	3.138213E-04	3.108389E-04	
1176	3.772033E-05	1.934724E-04	
1177	-1.410481E-06	1.359693E-04	
1178	3.303879E-04	3.534929E-04	
1179	2.930516E-04	2.844091E-04	
1180	3.320589E-04	3.571485E-04	
1181	3.090392E-04	3.678630E-04	
1182	2.568556E-04	3.789825E-04	
1183	1.563822E-04	3.230127E-04	
1184	3.085106E-04	2.987334E-04	
1185	2.446515E-04	3.491040E-04	
1186	3.378732E-04	3.365694E-04	
1187	3.407914E-04	3.415533E-04	
1188	3.297086E-04	3.306280E-04	
1189	1.982282E-05	1.168325E-04	
1190	3.102882E-04	3.703412E-04	
1191	2.904037E-04	2.767511E-04	
1192	3.302868E-04	3.178681E-04	
1193	4.623030E-05	1.947951E-04	
1194	3.151719E-04	3.702342E-04	
1195	1.744409E-05	2.016073E-04	
1196	3.329083E-04	3.552624E-04	
1197	3.454253E-04	3.423866E-04	
1198	2.772572E-04	3.779407E-04	
1199	-1.844167E-06	1.484537E-04	
1200	3.386279E-04	3.495469E-04	
1201	3.359910E-04	3.451409E-04	
1202	1.791911E-04	1.953728E-04	
1203	3.452087E-04	3.385063E-04	
1204	1.322709E-04	1.452040E-04	
1205	9.359922E-05	1.339770E-04	
1206	3.435644E-04	3.435473E-04	
1207	3.176835E-04	3.678325E-04	
1208	2.884855E-04	3.344345E-04	
1209	3.256892E-04	3.596639E-04	
1210	3.323998E-04	3.381636E-04	
1211	1.007144E-05	1.310473E-04	
1212	6.841455E-05	2.031072E-04	
1213	1.104236E-04	1.470712E-04	
1214	2.929760E-04	2.888793E-04	
1215	6.656760E-06	1.142222E-04	
1216	3.133457E-04	2.969130E-04	
1217	7.051457E-05	1.295280E-04	
1218	3.206068E-04	3.564590E-04	
1219	3.197590E-04	3.028308E-04	
1220	3.230939E-04	3.610902E-04	
1221	2.288939E-04	2.300283E-04	
1222	-1.507492E-06	1.639413E-04	
1223	2.935196E-04	3.539405E-04	
1224	-5.981349E-07	1.308730E-04	
1225	3.390106E-04	3.433895E-04	
1226	2.585854E-04	2.512788E-04	
1227	-5.600763E-06	1.479327E-04	
1228	6.054667E-06	2.118208E-04	
1229	7.672021E-06	2.200042E-04	
