triangle
//Number_of_Node
1250
//Number_of_Element
2142
//Number_of_Region
2
//Factor
1000.0
30,29,1,
1,2,30,
31,30,2,
2,3,31,
32,31,3,
3,4,32,
33,32,4,
4,5,33,
34,33,5,
5,6,34,
35,34,6,
6,7,35,
36,35,7,
7,8,36,
37,36,8,
8,9,37,
38,37,9,
9,10,38,
39,38,10,
10,11,39,
40,39,11,
11,12,40,
41,40,12,
12,13,41,
42,41,13,
13,14,42,
43,42,14,
14,15,43,
44,43,15,
15,16,44,
45,44,16,
16,17,45,
46,45,17,
17,18,46,
47,46,18,
18,19,47,
48,47,19,
19,20,48,
49,48,20,
20,21,49,
50,49,21,
21,22,50,
51,50,22,
22,23,51,
52,51,23,
23,24,52,
53,52,24,
24,25,53,
54,53,25,
25,26,54,
55,54,26,
26,27,55,
56,55,27,
27,28,56,
58,57,29,
29,30,58,
59,58,30,
30,31,59,
60,59,31,
31,32,60,
61,60,32,
32,33,61,
62,61,33,
33,34,62,
63,62,34,
34,35,63,
64,63,35,
35,36,64,
65,64,36,
36,37,65,
66,65,37,
37,38,66,
67,66,38,
38,39,67,
68,67,39,
39,40,68,
69,68,40,
40,41,69,
70,69,41,
41,42,70,
71,70,42,
42,43,71,
72,71,43,
43,44,72,
73,72,44,
44,45,73,
74,73,45,
45,46,74,
75,74,46,
46,47,75,
76,75,47,
47,48,76,
77,76,48,
48,49,77,
78,77,49,
49,50,78,
79,78,50,
50,51,79,
80,79,51,
51,52,80,
81,80,52,
52,53,81,
82,81,53,
53,54,82,
83,82,54,
54,55,83,
84,83,55,
55,56,84,
86,85,57,
57,58,86,
87,86,58,
58,59,87,
88,87,59,
59,60,88,
89,88,60,
60,61,89,
90,89,61,
61,62,90,
91,90,62,
62,63,91,
92,91,63,
63,64,92,
93,92,64,
64,65,93,
94,93,65,
65,66,94,
95,94,66,
66,67,95,
96,95,67,
67,68,96,
97,96,68,
68,69,97,
98,97,69,
69,70,98,
99,98,70,
70,71,99,
100,99,71,
71,72,100,
101,100,72,
72,73,101,
102,101,73,
73,74,102,
103,102,74,
74,75,103,
104,103,75,
75,76,104,
105,104,76,
76,77,105,
106,105,77,
77,78,106,
107,106,78,
78,79,107,
108,107,79,
79,80,108,
109,108,80,
80,81,109,
110,109,81,
81,82,110,
111,110,82,
82,83,111,
112,111,83,
83,84,112,
114,113,85,
85,86,114,
115,114,86,
86,87,115,
116,115,87,
87,88,116,
117,116,88,
88,89,117,
118,117,89,
89,90,118,
119,118,90,
90,91,119,
120,119,91,
91,92,120,
121,120,92,
92,93,121,
122,121,93,
93,94,122,
123,122,94,
94,95,123,
124,123,95,
95,96,124,
125,124,96,
96,97,125,
126,125,97,
97,98,126,
127,126,98,
98,99,127,
128,127,99,
99,100,128,
129,128,100,
100,101,129,
130,129,101,
101,102,130,
131,130,102,
102,103,131,
132,131,103,
103,104,132,
133,132,104,
104,105,133,
134,133,105,
105,106,134,
135,134,106,
106,107,135,
136,135,107,
107,108,136,
137,136,108,
108,109,137,
138,137,109,
109,110,138,
139,138,110,
110,111,139,
140,139,111,
111,112,140,
142,141,113,
113,114,142,
143,142,114,
114,115,143,
144,143,115,
115,116,144,
145,144,116,
116,117,145,
146,145,117,
117,118,146,
147,146,118,
118,119,147,
148,147,119,
119,120,148,
149,148,120,
120,121,149,
150,149,121,
121,122,150,
151,150,122,
122,123,151,
152,151,123,
123,124,152,
153,152,124,
124,125,153,
154,153,125,
125,126,154,
155,154,126,
126,127,155,
156,155,127,
127,128,156,
157,156,128,
128,129,157,
158,157,129,
129,130,158,
159,158,130,
130,131,159,
160,159,131,
131,132,160,
161,160,132,
132,133,161,
162,161,133,
133,134,162,
163,162,134,
134,135,163,
164,163,135,
135,136,164,
165,164,136,
136,137,165,
166,165,137,
137,138,166,
167,166,138,
138,139,167,
168,167,139,
139,140,168,
170,169,141,
141,142,170,
171,170,142,
142,143,171,
172,171,143,
143,144,172,
173,172,144,
144,145,173,
174,173,145,
145,146,174,
175,174,146,
146,147,175,
176,175,147,
147,148,176,
177,176,148,
148,149,177,
178,177,149,
149,150,178,
179,178,150,
150,151,179,
180,179,151,
151,152,180,
181,180,152,
152,153,181,
182,181,153,
153,154,182,
183,182,154,
154,155,183,
184,183,155,
155,156,184,
185,184,156,
156,157,185,
186,185,157,
157,158,186,
187,186,158,
158,159,187,
188,187,159,
159,160,188,
189,188,160,
160,161,189,
190,189,161,
161,162,190,
191,190,162,
162,163,191,
192,191,163,
163,164,192,
193,192,164,
164,165,193,
194,193,165,
165,166,194,
195,194,166,
166,167,195,
196,195,167,
167,168,196,
198,197,169,
169,170,198,
199,198,170,
170,171,199,
200,199,171,
171,172,200,
201,200,172,
172,173,201,
202,201,173,
173,174,202,
203,202,174,
174,175,203,
204,203,175,
175,176,204,
205,204,176,
176,177,205,
206,205,177,
177,178,206,
207,206,178,
178,179,207,
208,207,179,
179,180,208,
209,208,180,
180,181,209,
210,209,181,
181,182,210,
211,210,182,
182,183,211,
212,211,183,
183,184,212,
213,212,184,
184,185,213,
214,213,185,
185,186,214,
215,214,186,
186,187,215,
216,215,187,
187,188,216,
217,216,188,
188,189,217,
218,217,189,
189,190,218,
219,218,190,
190,191,219,
220,219,191,
191,192,220,
221,220,192,
192,193,221,
222,221,193,
193,194,222,
223,222,194,
194,195,223,
224,223,195,
195,196,224,
626,654,655,
655,627,626,
627,655,656,
656,628,627,
628,656,657,
657,629,628,
629,657,658,
658,630,629,
630,658,659,
659,631,630,
631,659,660,
660,632,631,
632,660,661,
661,633,632,
633,661,662,
662,634,633,
634,662,663,
663,635,634,
635,663,664,
664,636,635,
636,664,665,
665,637,636,
637,665,666,
666,638,637,
638,666,667,
667,639,638,
639,667,668,
668,640,639,
640,668,669,
669,641,640,
641,669,670,
670,642,641,
642,670,671,
671,643,642,
643,671,672,
672,644,643,
644,672,673,
673,645,644,
645,673,674,
674,646,645,
646,674,675,
675,647,646,
647,675,676,
676,648,647,
648,676,677,
677,649,648,
649,677,678,
678,650,649,
650,678,679,
679,651,650,
651,679,680,
680,652,651,
652,680,681,
681,653,652,
654,682,683,
683,655,654,
655,683,684,
684,656,655,
656,684,685,
685,657,656,
657,685,686,
686,658,657,
658,686,687,
687,659,658,
659,687,688,
688,660,659,
660,688,689,
689,661,660,
661,689,690,
690,662,661,
662,690,691,
691,663,662,
663,691,692,
692,664,663,
664,692,693,
693,665,664,
665,693,694,
694,666,665,
666,694,695,
695,667,666,
667,695,696,
696,668,667,
668,696,697,
697,669,668,
669,697,698,
698,670,669,
670,698,699,
699,671,670,
671,699,700,
700,672,671,
672,700,701,
701,673,672,
673,701,702,
702,674,673,
674,702,703,
703,675,674,
675,703,704,
704,676,675,
676,704,705,
705,677,676,
677,705,706,
706,678,677,
678,706,707,
707,679,678,
679,707,708,
708,680,679,
680,708,709,
709,681,680,
682,710,711,
711,683,682,
683,711,712,
712,684,683,
684,712,713,
713,685,684,
685,713,714,
714,686,685,
686,714,715,
715,687,686,
687,715,716,
716,688,687,
688,716,717,
717,689,688,
689,717,718,
718,690,689,
690,718,719,
719,691,690,
691,719,720,
720,692,691,
692,720,721,
721,693,692,
693,721,722,
722,694,693,
694,722,723,
723,695,694,
695,723,724,
724,696,695,
696,724,725,
725,697,696,
697,725,726,
726,698,697,
698,726,727,
727,699,698,
699,727,728,
728,700,699,
700,728,729,
729,701,700,
701,729,730,
730,702,701,
702,730,731,
731,703,702,
703,731,732,
732,704,703,
704,732,733,
733,705,704,
705,733,734,
734,706,705,
706,734,735,
735,707,706,
707,735,736,
736,708,707,
708,736,737,
737,709,708,
710,738,739,
739,711,710,
711,739,740,
740,712,711,
712,740,741,
741,713,712,
713,741,742,
742,714,713,
714,742,743,
743,715,714,
715,743,744,
744,716,715,
716,744,745,
745,717,716,
717,745,746,
746,718,717,
718,746,747,
747,719,718,
719,747,748,
748,720,719,
720,748,749,
749,721,720,
721,749,750,
750,722,721,
722,750,751,
751,723,722,
723,751,752,
752,724,723,
724,752,753,
753,725,724,
725,753,754,
754,726,725,
726,754,755,
755,727,726,
727,755,756,
756,728,727,
728,756,757,
757,729,728,
729,757,758,
758,730,729,
730,758,759,
759,731,730,
731,759,760,
760,732,731,
732,760,761,
761,733,732,
733,761,762,
762,734,733,
734,762,763,
763,735,734,
735,763,764,
764,736,735,
736,764,765,
765,737,736,
738,766,767,
767,739,738,
739,767,768,
768,740,739,
740,768,769,
769,741,740,
741,769,770,
770,742,741,
742,770,771,
771,743,742,
743,771,772,
772,744,743,
744,772,773,
773,745,744,
745,773,774,
774,746,745,
746,774,775,
775,747,746,
747,775,776,
776,748,747,
748,776,777,
777,749,748,
749,777,778,
778,750,749,
750,778,779,
779,751,750,
751,779,780,
780,752,751,
752,780,781,
781,753,752,
753,781,782,
782,754,753,
754,782,783,
783,755,754,
755,783,784,
784,756,755,
756,784,785,
785,757,756,
757,785,786,
786,758,757,
758,786,787,
787,759,758,
759,787,788,
788,760,759,
760,788,789,
789,761,760,
761,789,790,
790,762,761,
762,790,791,
791,763,762,
763,791,792,
792,764,763,
764,792,793,
793,765,764,
766,794,795,
795,767,766,
767,795,796,
796,768,767,
768,796,797,
797,769,768,
769,797,798,
798,770,769,
770,798,799,
799,771,770,
771,799,800,
800,772,771,
772,800,801,
801,773,772,
773,801,802,
802,774,773,
774,802,803,
803,775,774,
775,803,804,
804,776,775,
776,804,805,
805,777,776,
777,805,806,
806,778,777,
778,806,807,
807,779,778,
779,807,808,
808,780,779,
780,808,809,
809,781,780,
781,809,810,
810,782,781,
782,810,811,
811,783,782,
783,811,812,
812,784,783,
784,812,813,
813,785,784,
785,813,814,
814,786,785,
786,814,815,
815,787,786,
787,815,816,
816,788,787,
788,816,817,
817,789,788,
789,817,818,
818,790,789,
790,818,819,
819,791,790,
791,819,820,
820,792,791,
792,820,821,
821,793,792,
794,822,823,
823,795,794,
795,823,824,
824,796,795,
796,824,825,
825,797,796,
797,825,826,
826,798,797,
798,826,827,
827,799,798,
799,827,828,
828,800,799,
800,828,829,
829,801,800,
801,829,830,
830,802,801,
802,830,831,
831,803,802,
803,831,832,
832,804,803,
804,832,833,
833,805,804,
805,833,834,
834,806,805,
806,834,835,
835,807,806,
807,835,836,
836,808,807,
808,836,837,
837,809,808,
809,837,838,
838,810,809,
810,838,839,
839,811,810,
811,839,840,
840,812,811,
812,840,841,
841,813,812,
813,841,842,
842,814,813,
814,842,843,
843,815,814,
815,843,844,
844,816,815,
816,844,845,
845,817,816,
817,845,846,
846,818,817,
818,846,847,
847,819,818,
819,847,848,
848,820,819,
820,848,849,
849,821,820,
374,402,455,
278,297,462,
492,230,565,
407,346,418,
278,227,297,
431,336,448,
397,342,532,
364,409,477,
358,464,469,
464,382,469,
397,412,588,
342,397,479,
527,367,574,
404,337,468,
349,403,414,
315,314,537,
336,415,448,
406,361,489,
409,340,477,
421,338,504,
371,403,438,
402,374,543,
303,302,432,
414,315,537,
367,447,574,
344,423,485,
406,489,561,
377,421,504,
327,408,433,
554,399,559,
295,401,498,
332,237,422,
298,229,541,
327,326,408,
403,371,531,
381,461,508,
517,354,542,
339,441,519,
421,361,445,
346,400,520,
269,439,478,
345,554,559,
412,334,588,
303,432,566,
413,373,559,
232,427,525,
310,309,411,
405,365,492,
401,295,497,
319,434,548,
346,407,530,
496,312,518,
411,309,450,
229,429,541,
370,409,444,
536,334,539,
461,380,463,
405,492,565,
452,354,517,
497,362,499,
348,430,435,
409,364,444,
351,404,468,
242,243,418,
403,349,438,
402,543,577,
340,451,472,
529,394,616,
319,318,434,
543,335,577,
461,333,508,
391,344,528,
338,421,445,
333,463,511,
353,431,448,
307,491,513,
404,351,458,
394,529,574,
269,270,439,
401,497,499,
463,396,511,
361,406,445,
233,232,525,
260,259,420,
383,427,598,
399,413,559,
410,335,475,
451,378,472,
519,441,580,
337,404,547,
396,544,569,
428,231,502,
415,359,448,
344,391,488,
371,502,531,
301,300,424,
485,335,616,
412,397,532,
400,346,530,
334,412,539,
333,461,463,
426,399,554,
423,376,485,
335,410,616,
347,402,473,
427,232,548,
438,349,563,
467,441,562,
374,455,569,
428,371,465,
413,291,571,
331,235,558,
238,332,487,
359,415,466,
454,282,464,
357,441,467,
234,321,425,
544,374,569,
242,418,534,
410,529,616,
422,237,481,
430,287,435,
337,457,468,
427,284,598,
436,355,486,
360,400,530,
427,383,525,
309,308,450,
340,409,451,
250,251,433,
406,459,609,
328,327,433,
420,259,564,
407,360,530,
291,413,568,
313,496,537,
438,563,615,
454,358,459,
313,312,496,
400,425,520,
398,536,539,
307,306,491,
400,360,506,
548,434,622,
314,313,537,
335,485,577,
431,353,482,
361,421,520,
365,405,581,
360,407,494,
349,479,563,
323,322,443,
473,402,577,
398,545,606,
461,381,545,
332,422,487,
385,470,505,
310,411,471,
404,379,547,
420,564,613,
459,358,609,
296,295,498,
283,282,454,
407,244,494,
274,275,436,
424,356,515,
408,326,500,
258,225,510,
276,277,442,
480,576,592,
430,348,587,
384,427,548,
285,284,427,
376,419,473,
439,375,516,
464,281,600,
235,254,481,
420,354,452,
458,267,495,
432,391,566,
402,347,516,
299,298,541,
347,439,516,
423,344,488,
384,435,617,
433,251,474,
486,355,603,
315,414,522,
383,454,459,
371,428,502,
387,430,519,
421,346,520,
288,287,430,
392,496,518,
582,483,597,
394,485,616,
436,275,549,
358,454,464,
373,413,570,
245,246,437,
409,370,524,
419,376,567,
244,407,611,
440,370,490,
233,459,561,
509,229,608,
480,386,576,
564,385,613,
362,453,477,
282,281,464,
343,440,490,
337,419,567,
336,480,483,
521,299,541,
426,362,552,
225,239,510,
419,347,473,
351,456,458,
271,460,540,
271,272,460,
476,241,534,
388,483,582,
488,356,619,
379,404,495,
266,267,458,
234,425,607,
491,389,513,
378,442,472,
328,433,474,
429,229,509,
418,243,611,
411,450,593,
404,458,495,
498,363,621,
263,264,429,
363,462,621,
463,350,544,
470,369,505,
442,363,472,
254,235,555,
416,509,608,
419,337,547,
391,432,488,
295,294,497,
378,436,549,
443,322,506,
305,304,446,
519,430,587,
456,266,458,
362,477,499,
322,234,607,
241,242,534,
411,359,471,
362,426,554,
428,348,434,
357,570,571,
415,336,583,
418,346,557,
425,321,489,
366,429,579,
475,335,543,
384,548,622,
265,266,456,
460,375,540,
287,286,435,
251,252,474,
435,286,617,
291,290,571,
479,397,563,
231,428,575,
460,390,523,
424,300,492,
356,424,604,
450,353,593,
423,488,619,
371,438,612,
490,396,569,
459,406,561,
427,384,617,
432,302,515,
430,387,610,
367,446,528,
476,377,504,
349,414,560,
356,432,515,
379,419,547,
416,262,509,
414,403,522,
348,428,465,
396,463,544,
377,418,557,
501,372,503,
369,476,504,
393,501,503,
228,260,526,
279,228,526,
344,447,528,
352,461,545,
439,347,478,
361,425,489,
359,411,593,
480,380,483,
479,349,560,
363,498,553,
545,381,606,
301,424,515,
457,365,468,
329,328,474,
239,240,470,
280,279,452,
437,360,494,
407,418,611,
278,462,556,
435,384,622,
230,299,565,
442,277,556,
274,436,486,
429,366,541,
396,490,511,
281,280,517,
570,413,571,
260,420,526,
576,350,592,
346,421,557,
514,398,606,
523,390,590,
398,514,536,
447,367,528,
498,401,553,
451,409,524,
338,445,469,
399,426,584,
453,364,477,
348,435,622,
425,400,607,
277,278,556,
419,379,594,
426,293,584,
269,478,578,
418,377,534,
311,310,471,
360,443,506,
382,517,542,
395,441,615,
290,289,484,
364,507,508,
441,339,615,
352,582,597,
387,519,580,
238,487,589,
459,233,525,
432,356,488,
355,451,524,
392,466,533,
370,440,524,
338,449,504,
490,370,511,
252,253,512,
326,325,500,
318,231,575,
514,373,536,
389,491,527,
421,377,557,
413,399,568,
441,395,562,
455,343,569,
474,252,512,
496,392,533,
340,472,553,
428,434,575,
446,367,538,
453,362,554,
354,420,613,
444,364,508,
362,497,552,
267,268,495,
263,429,509,
245,437,494,
491,367,527,
433,408,618,
250,433,618,
368,496,533,
425,361,520,
246,247,573,
512,253,555,
449,369,504,
288,430,610,
273,274,486,
281,517,600,
337,567,619,
470,385,510,
529,341,574,
262,263,509,
414,537,560,
429,264,579,
341,527,574,
343,455,523,
499,340,553,
239,470,510,
405,535,581,
293,426,552,
285,427,617,
333,444,508,
448,359,593,
440,355,524,
244,245,494,
321,320,489,
300,230,492,
302,301,515,
537,368,560,
410,475,576,
507,381,508,
479,368,533,
449,354,505,
450,308,513,
434,348,622,
248,249,493,
446,304,566,
437,246,573,
563,395,615,
444,333,511,
482,389,527,
325,324,623,
255,256,422,
457,337,619,
247,503,573,
469,382,601,
481,237,558,
453,345,507,
386,431,546,
364,453,507,
355,436,605,
363,442,556,
455,375,523,
551,415,583,
347,419,594,
466,342,533,
434,318,575,
442,378,549,
254,255,481,
495,268,578,
456,351,535,
422,256,487,
475,350,576,
306,305,538,
493,249,618,
360,437,620,
280,452,517,
365,424,492,
243,244,611,
311,471,518,
388,551,583,
455,402,516,
431,482,546,
336,431,596,
484,357,571,
231,317,502,
370,444,511,
276,442,549,
375,455,516,
456,366,579,
369,449,505,
324,501,623,
466,392,599,
420,452,526,
462,363,556,
408,493,618,
375,439,540,
383,459,525,
342,479,533,
437,372,620,
293,292,584,
454,383,598,
436,378,605,
354,449,542,
253,254,555,
359,466,599,
465,371,612,
491,306,538,
292,291,568,
372,437,573,
431,386,596,
292,568,584,
329,474,512,
375,460,523,
477,340,499,
443,372,550,
443,360,620,
305,446,538,
391,446,566,
372,443,620,
341,482,527,
366,456,535,
262,416,572,
439,270,540,
268,269,578,
405,521,535,
353,448,593,
240,241,585,
390,460,586,
535,351,581,
467,334,536,
377,476,534,
308,307,513,
496,368,537,
376,423,567,
330,329,512,
323,443,550,
567,423,619,
255,422,481,
290,484,571,
312,311,518,
387,484,610,
324,323,550,
440,343,590,
334,467,562,
365,457,604,
485,376,577,
445,406,609,
465,339,519,
386,529,576,
424,365,604,
393,493,500,
316,315,522,
493,408,500,
241,476,585,
486,390,586,
489,320,561,
379,495,578,
235,330,555,
506,322,607,
256,257,624,
330,512,555,
532,388,582,
449,338,601,
446,391,528,
500,325,623,
460,272,586,
345,453,554,
261,262,572,
374,475,543,
270,271,540,
382,542,601,
317,316,531,
368,479,560,
380,461,597,
502,317,531,
529,410,576,
469,445,609,
463,380,592,
461,352,597,
350,463,592,
447,344,614,
373,467,536,
468,365,581,
369,470,585,
273,486,586,
355,440,603,
283,454,598,
378,451,605,
412,532,582,
358,469,609,
390,486,603,
247,248,595,
447,394,574,
339,465,612,
265,456,579,
472,363,553,
275,276,549,
316,522,531,
475,374,544,
232,319,548,
568,399,584,
452,279,526,
476,369,585,
294,293,552,
451,355,605,
501,324,550,
350,475,544,
389,482,602,
376,473,577,
264,265,579,
394,447,614,
357,484,580,
382,464,600,
484,387,580,
462,297,621,
484,289,610,
467,373,570,
612,438,615,
286,285,617,
353,450,602,
289,288,610,
284,283,598,
257,226,591,
482,353,602,
320,233,561,
259,258,564,
336,483,583,
226,261,591,
487,417,589,
272,273,586,
304,303,566,
591,417,624,
357,467,570,
367,491,538,
466,415,551,
297,296,621,
441,357,580,
521,366,535,
539,352,545,
388,532,551,
237,331,558,
342,466,551,
483,388,583,
249,250,618,
487,256,624,
344,485,614,
480,336,596,
514,345,559,
258,510,564,
351,468,581,
379,478,594,
338,469,601,
372,501,550,
339,612,615,
529,386,546,
478,347,594,
470,240,585,
482,341,546,
478,379,578,
493,393,595,
503,247,595,
248,493,595,
386,480,596,
518,471,599,
522,403,531,
450,513,602,
485,394,614,
398,539,545,
471,359,599,
503,372,573,
400,506,607,
497,294,552,
356,604,619,
341,529,546,
532,342,551,
343,490,569,
513,389,602,
401,499,553,
510,385,564,
572,416,589,
521,405,565,
539,412,582,
385,505,613,
257,591,624,
517,382,600,
393,500,623,
235,481,558,
373,514,559,
348,465,587,
507,345,606,
343,523,590,
380,480,592,
381,507,606,
352,539,582,
483,380,597,
505,354,613,
604,457,619,
366,521,541,
417,572,589,
393,503,595,
440,590,603,
299,521,565,
563,397,588,
296,498,621,
501,393,623,
590,390,603,
572,417,591,
465,519,587,
395,563,588,
238,589,608,
562,395,588,
542,449,601,
345,514,606,
392,518,599,
334,562,588,
417,487,624,
261,572,591,
589,416,608,
229,238,608,
331,625,235,
331,236,625,
1080,1027,999,
1087,297,903,
1190,855,1117,
1043,971,1032,
297,227,903,
1073,961,1056,
1157,967,1022,
1102,1034,989,
1094,1089,983,
1094,1007,1089,
1213,1037,1022,
1104,1022,967,
1199,992,1152,
1093,962,1029,
1039,1028,974,
1162,939,940,
1073,1040,961,
1114,986,1031,
1102,965,1034,
1129,963,1046,
1063,1028,996,
1168,999,1027,
1057,927,928,
1162,940,1039,
1199,1072,992,
1110,1048,969,
1186,1114,1031,
1129,1046,1002,
1058,1033,952,
1184,1024,1179,
1123,1026,920,
1047,862,957,
1166,854,923,
1033,951,952,
1156,996,1028,
1133,1086,1006,
1167,979,1142,
1144,1066,964,
1070,986,1046,
1145,1025,971,
1103,1064,894,
1184,1179,970,
1213,959,1037,
1191,1057,928,
1184,998,1038,
1150,1052,857,
1036,934,935,
1117,990,1030,
1122,920,1026,
1173,1059,944,
1155,1032,971,
1143,937,1121,
1075,934,1036,
1166,1054,854,
1069,1034,995,
1164,959,1161,
1088,1005,1086,
1190,1117,1030,
1142,979,1077,
1124,987,1122,
1060,1055,973,
1069,989,1034,
1093,1029,976,
1043,868,867,
1063,974,1028,
1202,1168,1027,
1097,1076,965,
1241,1019,1154,
1059,943,944,
1202,960,1168,
1133,958,1086,
1153,969,1016,
1070,1046,963,
1136,1088,958,
1073,1056,978,
1138,1116,932,
1083,976,1029,
1199,1154,1019,
1064,895,894,
1124,1122,1026,
1136,1021,1088,
1070,1031,986,
1150,857,858,
1045,884,885,
1223,1052,1008,
1184,1038,1024,
1100,960,1035,
1097,1003,1076,
1205,1066,1144,
1172,1029,962,
1194,1169,1021,
1127,856,1053,
1073,984,1040,
1113,1016,969,
1156,1127,996,
1049,925,926,
1241,960,1110,
1157,1022,1037,
1155,971,1025,
1164,1037,959,
1088,1086,958,
1179,1024,1051,
1110,1001,1048,
1241,1035,960,
1098,1027,972,
1173,857,1052,
1188,974,1063,
1187,1066,1092,
1194,1080,999,
1090,996,1053,
1196,291,1038,
1183,860,956,
1112,957,863,
1091,1040,984,
1089,282,1079,
1092,1066,982,
1050,946,859,
1194,999,1169,
1159,1043,867,
1241,1154,1035,
1106,862,1047,
1060,287,1055,
1093,1082,962,
1223,284,1052,
1111,980,1061,
1155,1025,985,
1150,1008,1052,
1075,933,934,
1076,1034,965,
1058,876,875,
1234,1084,1031,
1058,952,953,
1189,884,1045,
1155,985,1032,
1193,1038,291,
1162,1121,938,
1240,1188,1063,
1084,983,1079,
1121,937,938,
1145,1050,1025,
1164,1161,1023,
1116,931,932,
1131,985,1025,
1247,1059,1173,
1162,938,939,
1202,1110,960,
1107,978,1056,
1145,1046,986,
1206,1030,990,
1119,1032,985,
1188,1104,974,
1068,947,948,
1202,1027,1098,
1231,1170,1023,
1170,1006,1086,
1112,1047,957,
1130,1095,1010,
1096,1036,935,
1172,1004,1029,
1238,1189,1045,
1234,983,1084,
1123,920,296,
1079,282,283,
1119,869,1032,
1061,900,899,
1140,981,1049,
1125,951,1033,
1135,850,883,
1067,902,901,
1217,1201,1105,
1212,973,1055,
1173,1052,1009,
1052,284,285,
1098,1044,1001,
1141,1000,1064,
1225,281,1089,
1106,879,860,
1077,979,1045,
1120,892,1083,
1191,1016,1057,
1141,972,1027,
1166,923,924,
1141,1064,972,
1113,969,1048,
1242,1060,1009,
1099,876,1058,
1228,980,1111,
1147,1039,940,
1084,1079,1008,
1127,1053,996,
1144,1055,1012,
1145,971,1046,
1055,287,288,
1143,1121,1017,
1222,1108,1207,
1241,1110,1019,
1174,900,1061,
1089,1079,983,
1195,1038,998,
1062,871,870,
1149,995,1034,
1192,1001,1044,
1236,1032,869,
1115,995,1065,
1186,1084,858,
1233,854,1134,
1201,1011,1105,
1238,1010,1189,
1102,1078,987,
1089,281,282,
1115,1065,968,
1192,1044,962,
1108,1105,961,
1166,924,1146,
1177,987,1051,
1135,864,850,
1098,972,1044,
1083,1081,976,
1165,1085,896,
1085,897,896,
1159,866,1101,
1207,1108,1013,
1244,981,1113,
1120,1029,1004,
1083,892,891,
1232,1050,859,
1138,1014,1116,
1097,1067,1003,
1099,1058,953,
1134,854,1054,
1236,868,1043,
1218,1075,1036,
1120,1083,1029,
1246,988,1123,
1054,889,888,
1246,1087,988,
1169,975,1088,
1130,994,1095,
1097,988,1067,
1180,860,879,
1233,1134,1041,
1172,962,1044,
1113,1057,1016,
1122,294,920,
1174,1061,1003,
1131,947,1068,
1071,929,930,
1212,1055,1144,
1083,891,1081,
1124,1102,987,
1232,859,947,
1159,867,866,
1096,984,1036,
1179,1051,987,
1059,973,1053,
1196,1195,982,
1208,961,1040,
1182,971,1043,
1114,946,1050,
1204,1054,991,
1168,960,1100,
1247,1173,1009,
1081,891,890,
1165,1000,1085,
1060,286,287,
1099,877,876,
1242,286,1060,
1196,290,291,
1188,1022,1104,
1200,1053,856,
1148,1015,1085,
1117,925,1049,
1229,1049,981,
1218,978,1075,
1244,1113,1048,
1237,1063,996,
1194,1021,1115,
1186,1031,1084,
1242,1009,1052,
1140,927,1057,
1235,1012,1055,
1153,1071,992,
1129,1002,1101,
1185,1039,974,
1140,1057,981,
1172,1044,1004,
1134,887,1041,
1147,1028,1039,
1090,1053,973,
1169,1088,1021,
1182,1043,1002,
1128,997,1126,
1129,1101,994,
1128,1126,1018,
1151,885,228,
1151,228,279,
1153,1072,969,
1170,1086,977,
1103,972,1064,
1114,1050,986,
1218,1036,984,
1108,1005,1105,
1185,974,1104,
1178,1123,988,
1231,1006,1170,
1140,1049,926,
1093,990,1082,
1099,953,954,
1095,865,864,
1077,279,280,
1119,985,1062,
1236,1043,1032,
1181,1087,903,
1247,1009,1060,
1190,924,855,
1181,902,1067,
1111,1061,899,
1166,991,1054,
1136,1115,1021,
1142,280,281,
1196,1038,1195,
1151,1045,885,
1217,975,1201,
1182,1046,971,
1231,1023,1139,
1215,1015,1148,
1161,1139,1023,
1153,992,1072,
1178,1026,1123,
1149,1034,1076,
1094,1070,963,
1209,1051,1024,
1102,989,1078,
1247,1060,973,
1232,1025,1050,
1181,903,902,
1219,1004,1044,
1209,293,1051,
1203,1103,894,
1159,1002,1043,
1096,935,936,
1131,1068,985,
1167,1142,1007,
1240,1066,1020,
1109,289,290,
1133,1132,989,
1240,964,1066,
1222,1207,977,
1205,1144,1012,
1214,1112,863,
1150,858,1084,
1113,981,1057,
1149,1076,980,
1158,1091,1017,
1149,1065,995,
1129,1074,963,
1136,995,1115,
1137,878,877,
1125,950,951,
1200,856,943,
1161,998,1139,
1152,1116,1014,
1182,1002,1046,
1193,1024,1038,
1187,1020,1066,
1194,968,1080,
1137,877,1099,
1158,1017,1121,
1178,1097,965,
1200,1059,1053,
1163,992,1071,
1179,987,1078,
1238,1045,979,
1133,989,1069,
1177,1122,987,
1120,893,892,
1134,1054,888,
1119,1062,870,
1152,992,1116,
1243,1033,1058,
1243,1058,875,
1158,1121,993,
1145,986,1050,
1198,872,871,
1180,878,1137,
1129,994,1074,
1235,1055,288,
1111,899,898,
1225,1142,281,
1244,1192,962,
1135,1010,1095,
1199,966,1154,
1134,888,887,
1185,1162,1039,
1204,889,1054,
1199,1152,966,
1148,1080,968,
1178,965,1124,
1135,1095,864,
1206,1160,1030,
1177,1051,293,
1242,1052,285,
1133,1069,958,
1218,984,1073,
1149,980,1065,
1119,870,869,
1114,945,946,
1117,855,925,
1140,926,927,
1185,993,1162,
1201,1100,1035,
1133,1006,1132,
1158,993,1104,
1130,979,1074,
1138,933,1075,
1247,973,1059,
1118,874,873,
1191,929,1071,
1198,871,1062,
1240,1020,1188,
1136,958,1069,
1152,1014,1107,
1248,949,950,
1047,881,880,
1244,962,1082,
1198,1128,872,
1226,1007,1094,
1183,862,1106,
1132,970,1078,
1171,1056,1011,
1132,1078,989,
1230,1061,980,
1181,1067,988,
1148,1000,1080,
1208,1040,1176,
1219,1044,972,
1158,967,1091,
1200,943,1059,
1174,1003,1067,
1106,880,879,
1203,893,1120,
1160,976,1081,
1112,881,1047,
1201,975,1100,
1163,930,931,
1243,874,1118,
1245,1062,985,
1142,1077,280,
1117,1049,990,
1236,869,868,
1143,1096,936,
1208,1176,1013,
1141,1027,1080,
1171,1107,1056,
1221,1056,961,
1196,982,1109,
1127,942,856,
1136,1069,995,
1174,1067,901,
1141,1080,1000,
1204,991,1081,
1130,1074,994,
1248,1126,949,
1224,1017,1091,
1151,1077,1045,
1181,988,1087,
1243,1118,1033,
1165,1064,1000,
1150,1084,1008,
1158,1104,967,
1245,997,1062,
1209,292,293,
1223,1008,1079,
1230,1003,1061,
1167,1074,979,
1180,879,878,
1224,1091,984,
1237,996,1090,
1163,931,1116,
1193,291,292,
1198,1062,997,
1221,1011,1056,
1209,1193,292,
1137,1099,954,
1148,1085,1000,
1124,965,1102,
1175,997,1068,
1245,985,1068,
1163,1071,930,
1191,1071,1016,
1245,1068,997,
1152,1107,966,
1160,1081,991,
1197,1041,887,
1165,895,1064,
1203,894,893,
1160,1146,1030,
1218,1073,978,
1210,866,865,
1211,1085,1015,
1206,976,1160,
1161,959,1092,
1159,1101,1002,
1138,932,933,
1162,993,1121,
1192,1048,1001,
1137,954,955,
1175,1068,948,
1244,1048,1192,
1106,1047,880,
1196,1109,290,
1143,936,937,
1235,1109,1012,
1175,948,949,
1215,968,1065,
1187,1092,959,
1229,1082,990,
1202,1001,1110,
1234,1031,1070,
1144,964,1090,
1201,1154,1011,
1229,990,1049,
1125,1118,1018,
1147,940,941,
1125,1033,1118,
1210,1101,866,
1211,1015,1111,
1186,945,1114,
1203,1120,1004,
1180,955,860,
1232,947,1131,
1249,882,881,
1180,1137,955,
1207,1013,1157,
1226,963,1074,
1153,1016,1071,
1248,950,1125,
1211,897,1085,
1179,1078,970,
1197,887,886,
1168,1100,999,
1165,896,895,
1226,1167,1007,
1156,941,942,
1185,1104,993,
1222,1086,1005,
1156,942,1127,
1201,1035,1154,
1234,1070,1094,
1217,1005,1088,
1222,977,1086,
1217,1088,975,
1239,969,1072,
1161,1092,998,
1206,990,1093,
1210,1095,994,
1211,1111,898,
1228,1065,980,
1223,1079,283,
1230,1076,1003,
1207,1157,1037,
1234,1094,983,
1228,1111,1015,
1220,873,872,
1199,1019,1072,
1237,1090,964,
1204,1081,890,
1178,988,1097,
1174,901,900,
1156,1147,941,
1169,999,1100,
1173,944,857,
1209,1024,1193,
1151,279,1077,
1210,994,1101,
1177,293,294,
1230,980,1076,
1175,949,1126,
1169,1100,975,
1227,1107,1014,
1202,1098,1001,
1204,890,889,
1239,1072,1019,
1205,1109,982,
1225,1089,1007,
1205,1012,1109,
1246,297,1087,
1235,289,1109,
1195,998,1092,
1240,1063,1237,
1242,285,286,
1227,1075,978,
1235,288,289,
1223,283,284,
1216,851,882,
1227,978,1107,
1186,858,945,
1189,883,884,
1208,1108,961,
1216,886,851,
1214,1042,1112,
1211,898,897,
1191,928,929,
1249,1042,1216,
1195,1092,982,
1163,1116,992,
1176,1040,1091,
1246,296,297,
1205,982,1066,
1160,991,1146,
1170,977,1164,
1176,1157,1013,
1183,956,862,
1176,1091,967,
1208,1013,1108,
1243,875,874,
1249,881,1112,
1239,1110,969,
1221,961,1105,
1184,970,1139,
1189,1135,883,
1206,1093,976,
1219,1103,1004,
1226,1094,963,
1175,1126,997,
1240,1237,964,
1171,1011,1154,
1219,972,1103,
1210,865,1095,
1171,966,1107,
1203,1004,1103,
1220,1018,1118,
1220,872,1128,
1220,1118,873,
1221,1105,1011,
1224,1096,1143,
1156,1028,1147,
1227,1138,1075,
1239,1019,1110,
1170,1164,1023,
1224,984,1096,
1198,997,1128,
1232,1131,1025,
1177,294,1122,
1244,1229,981,
1171,1154,966,
1176,967,1157,
1194,1115,968,
1227,1014,1138,
1178,1124,1026,
1189,1010,1135,
1214,1041,1197,
1190,1030,1146,
1207,1037,1164,
1238,1130,1010,
1249,1216,882,
1225,1007,1142,
1248,1125,1018,
1183,1106,860,
1184,1139,998,
1212,1090,973,
1231,970,1132,
1215,1148,968,
1217,1105,1005,
1231,1132,1006,
1207,1164,977,
1222,1005,1108,
1238,979,1130,
1244,1082,1229,
1166,1146,991,
1214,1197,1042,
1220,1128,1018,
1228,1215,1065,
1190,1146,924,
1213,1022,1188,
1246,1123,296,
1248,1018,1126,
1228,1015,1215,
1216,1042,1197,
1212,1144,1090,
1213,1188,1020,
1233,1214,863,
1213,1020,1187,
1226,1074,1167,
1231,1139,970,
1224,1143,1017,
1213,1187,959,
1249,1112,1042,
1216,1197,886,
1233,1041,1214,
1233,863,854,
860,1250,956,
1250,861,956,
50.12509 ,-22.89347 ,
50.62508 ,-23.75949 ,
51.17509 ,-24.71212 ,
51.78009 ,-25.76001 ,
52.44508 ,-26.91183 ,
53.18010 ,-28.18488 ,
53.98507 ,-29.57920 ,
54.87008 ,-31.11205 ,
55.84509 ,-32.80080 ,
56.91508 ,-34.65410 ,
58.09508 ,-36.69792 ,
59.39009 ,-38.94093 ,
60.81509 ,-41.40909 ,
62.02009 ,-43.49622 ,
63.23008 ,-45.59200 ,
64.43508 ,-47.67911 ,
65.86009 ,-50.14730 ,
67.15508 ,-52.39028 ,
68.33508 ,-54.43411 ,
69.40508 ,-56.28742 ,
70.38008 ,-57.97616 ,
71.26509 ,-59.50902 ,
72.07008 ,-60.90333 ,
72.80509 ,-62.17637 ,
73.47008 ,-63.32819 ,
74.07508 ,-64.37609 ,
74.62509 ,-65.32872 ,
75.12509 ,-66.19474 ,
50.99110 ,-22.39347 ,
51.49111 ,-23.25949 ,
52.04111 ,-24.21213 ,
52.64610 ,-25.26003 ,
53.31111 ,-26.41182 ,
54.04611 ,-27.68489 ,
54.85111 ,-29.07919 ,
55.73612 ,-30.61206 ,
56.71111 ,-32.30081 ,
57.78110 ,-34.15410 ,
58.96111 ,-36.19791 ,
60.25610 ,-38.44093 ,
61.68111 ,-40.90910 ,
62.88611 ,-42.99621 ,
64.09610 ,-45.09199 ,
65.30111 ,-47.17912 ,
66.72611 ,-49.64729 ,
68.02111 ,-51.89028 ,
69.20110 ,-53.93412 ,
70.27111 ,-55.78741 ,
71.24611 ,-57.47614 ,
72.13111 ,-59.00903 ,
72.93611 ,-60.40332 ,
73.67111 ,-61.67638 ,
74.33611 ,-62.82821 ,
74.94111 ,-63.87609 ,
75.49111 ,-64.82872 ,
75.99111 ,-65.69475 ,
51.94374 ,-21.84348 ,
52.44374 ,-22.70949 ,
52.99374 ,-23.66213 ,
53.59874 ,-24.71002 ,
54.26374 ,-25.86183 ,
54.99874 ,-27.13488 ,
55.80374 ,-28.52918 ,
56.68874 ,-30.06204 ,
57.66374 ,-31.75081 ,
58.73374 ,-33.60410 ,
59.91374 ,-35.64793 ,
61.20873 ,-37.89092 ,
62.63374 ,-40.35910 ,
63.83874 ,-42.44621 ,
65.04873 ,-44.54200 ,
66.25373 ,-46.62912 ,
67.67874 ,-49.09729 ,
68.97373 ,-51.34030 ,
70.15373 ,-53.38412 ,
71.22374 ,-55.23741 ,
72.19873 ,-56.92618 ,
73.08373 ,-58.45903 ,
73.88873 ,-59.85332 ,
74.62374 ,-61.12639 ,
75.28873 ,-62.27820 ,
75.89374 ,-63.32609 ,
76.44374 ,-64.27871 ,
76.94374 ,-65.14474 ,
52.99163 ,-21.23848 ,
53.49164 ,-22.10450 ,
54.04163 ,-23.05713 ,
54.64663 ,-24.10502 ,
55.31162 ,-25.25683 ,
56.04663 ,-26.52990 ,
56.85163 ,-27.92418 ,
57.73664 ,-29.45705 ,
58.71163 ,-31.14581 ,
59.78163 ,-32.99910 ,
60.96164 ,-35.04291 ,
62.25662 ,-37.28592 ,
63.68163 ,-39.75410 ,
64.88663 ,-41.84121 ,
66.09662 ,-43.93700 ,
67.30162 ,-46.02412 ,
68.72663 ,-48.49229 ,
70.02162 ,-50.73529 ,
71.20163 ,-52.77912 ,
72.27163 ,-54.63241 ,
73.24662 ,-56.32117 ,
74.13162 ,-57.85403 ,
74.93662 ,-59.24833 ,
75.67163 ,-60.52139 ,
76.33662 ,-61.67320 ,
76.94163 ,-62.72109 ,
77.49163 ,-63.67371 ,
77.99163 ,-64.53974 ,
54.14344 ,-20.57348 ,
54.64344 ,-21.43951 ,
55.19344 ,-22.39211 ,
55.79843 ,-23.44002 ,
56.46345 ,-24.59184 ,
57.19844 ,-25.86488 ,
58.00344 ,-27.25919 ,
58.88844 ,-28.79205 ,
59.86344 ,-30.48081 ,
60.93343 ,-32.33410 ,
62.11344 ,-34.37791 ,
63.40844 ,-36.62092 ,
64.83343 ,-39.08910 ,
66.03844 ,-41.17621 ,
67.24844 ,-43.27199 ,
68.45344 ,-45.35912 ,
69.87844 ,-47.82729 ,
71.17344 ,-50.07029 ,
72.35344 ,-52.11412 ,
73.42344 ,-53.96741 ,
74.39845 ,-55.65616 ,
75.28344 ,-57.18901 ,
76.08844 ,-58.58332 ,
76.82344 ,-59.85638 ,
77.48844 ,-61.00820 ,
78.09344 ,-62.05609 ,
78.64344 ,-63.00872 ,
79.14344 ,-63.87474 ,
55.21731 ,-19.95347 ,
55.71732 ,-20.81951 ,
56.26732 ,-21.77213 ,
56.87232 ,-22.82002 ,
57.53731 ,-23.97183 ,
58.27232 ,-25.24489 ,
59.07731 ,-26.63919 ,
59.96232 ,-28.17205 ,
60.93731 ,-29.86080 ,
62.00731 ,-31.71409 ,
63.18732 ,-33.75791 ,
64.48231 ,-36.00093 ,
65.90732 ,-38.46910 ,
67.11232 ,-40.55622 ,
68.32231 ,-42.65200 ,
69.52732 ,-44.73913 ,
70.95232 ,-47.20729 ,
72.24731 ,-49.45030 ,
73.42730 ,-51.49412 ,
74.49731 ,-53.34741 ,
75.47231 ,-55.03616 ,
76.35731 ,-56.56903 ,
77.16231 ,-57.96333 ,
77.89732 ,-59.23639 ,
78.56232 ,-60.38821 ,
79.16732 ,-61.43610 ,
79.71732 ,-62.38872 ,
80.21731 ,-63.25474 ,
56.29119 ,-19.33347 ,
56.79118 ,-20.19950 ,
57.34118 ,-21.15212 ,
57.94618 ,-22.20001 ,
58.61118 ,-23.35183 ,
59.34618 ,-24.62487 ,
60.15118 ,-26.01919 ,
61.03618 ,-27.55205 ,
62.01119 ,-29.24080 ,
63.08119 ,-31.09409 ,
64.26119 ,-33.13791 ,
65.55618 ,-35.38092 ,
66.98118 ,-37.84911 ,
68.18619 ,-39.93622 ,
69.39618 ,-42.03200 ,
70.60118 ,-44.11911 ,
72.02618 ,-46.58729 ,
73.32119 ,-48.83029 ,
74.50119 ,-50.87412 ,
75.57119 ,-52.72741 ,
76.54618 ,-54.41616 ,
77.43118 ,-55.94903 ,
78.23618 ,-57.34333 ,
78.97118 ,-58.61637 ,
79.63618 ,-59.76819 ,
80.24118 ,-60.81608 ,
80.79118 ,-61.76872 ,
81.29119 ,-62.63474 ,
57.36506 ,-18.71347 ,
57.86506 ,-19.57950 ,
58.41506 ,-20.53213 ,
59.02006 ,-21.58002 ,
59.68506 ,-22.73183 ,
60.42005 ,-24.00488 ,
61.22505 ,-25.39918 ,
62.11005 ,-26.93206 ,
63.08505 ,-28.62080 ,
64.15506 ,-30.47410 ,
65.33505 ,-32.51791 ,
66.63006 ,-34.76092 ,
68.05506 ,-37.22909 ,
69.26005 ,-39.31623 ,
70.47006 ,-41.41200 ,
71.67506 ,-43.49912 ,
73.10006 ,-45.96729 ,
74.39506 ,-48.21030 ,
75.57506 ,-50.25411 ,
76.64505 ,-52.10741 ,
77.62006 ,-53.79616 ,
78.50506 ,-55.32903 ,
79.31006 ,-56.72333 ,
80.04506 ,-57.99638 ,
80.71006 ,-59.14820 ,
81.31505 ,-60.19609 ,
81.86505 ,-61.14872 ,
82.36505 ,-62.01474 ,
14.14214 ,-14.14214 ,
84.85281 ,-84.85281 ,
119.99999 ,0.00000 ,
20.00001 ,0.00000 ,
88.45437 ,-73.89510 ,
82.36505 ,-62.01474 ,
57.36506 ,-18.71347 ,
52.23108 ,-7.82117 ,
47.90095 ,-10.32117 ,
49.57082 ,-23.21347 ,
74.57083 ,-66.51475 ,
78.90095 ,-64.01474 ,
79.23589 ,-69.59487 ,
87.25700 ,-75.58200 ,
17.67768 ,-17.67768 ,
21.21320 ,-21.21320 ,
24.74874 ,-24.74874 ,
28.28427 ,-28.28427 ,
31.81981 ,-31.81981 ,
35.35534 ,-35.35534 ,
38.89087 ,-38.89087 ,
42.42641 ,-42.42641 ,
45.96194 ,-45.96194 ,
49.49747 ,-49.49747 ,
53.03301 ,-53.03301 ,
56.56854 ,-56.56854 ,
60.10408 ,-60.10408 ,
63.63960 ,-63.63960 ,
67.17514 ,-67.17514 ,
70.71068 ,-70.71068 ,
74.24621 ,-74.24621 ,
77.78175 ,-77.78175 ,
81.31728 ,-81.31728 ,
16.62940 ,-11.11141 ,
18.47759 ,-7.65367 ,
19.61570 ,-3.90181 ,
88.28687 ,-81.27379 ,
91.57009 ,-77.55591 ,
94.69686 ,-73.70552 ,
97.66185 ,-69.72922 ,
100.45998 ,-65.63378 ,
103.08647 ,-61.42620 ,
105.53685 ,-57.11369 ,
107.80692 ,-52.70359 ,
109.89280 ,-48.20345 ,
111.79093 ,-43.62096 ,
113.49807 ,-38.96394 ,
115.01130 ,-34.24034 ,
116.32803 ,-29.45825 ,
117.44602 ,-24.62584 ,
118.36336 ,-19.75135 ,
119.07847 ,-14.84311 ,
119.59014 ,-9.90952 ,
119.89749 ,-4.95900 ,
25.00000 ,0.00000 ,
30.00000 ,0.00000 ,
35.00000 ,0.00000 ,
40.00000 ,0.00000 ,
45.00001 ,0.00000 ,
50.00000 ,0.00000 ,
55.00000 ,0.00000 ,
60.00000 ,0.00000 ,
65.00000 ,0.00000 ,
69.99999 ,0.00000 ,
75.00000 ,0.00000 ,
80.00000 ,0.00000 ,
85.00001 ,0.00000 ,
90.00000 ,0.00000 ,
94.99999 ,0.00000 ,
100.00000 ,0.00000 ,
104.99999 ,-0.00001 ,
110.00001 ,0.00000 ,
115.00000 ,0.00000 ,
85.99664 ,-68.30483 ,
83.68085 ,-64.29376 ,
81.04927 ,-59.73572 ,
79.73348 ,-57.45672 ,
78.41770 ,-55.17771 ,
77.10190 ,-52.89869 ,
75.78611 ,-50.61967 ,
74.47031 ,-48.34066 ,
73.15453 ,-46.06164 ,
71.83875 ,-43.78263 ,
70.52295 ,-41.50361 ,
69.20715 ,-39.22461 ,
67.89137 ,-36.94558 ,
66.57558 ,-34.66658 ,
65.25980 ,-32.38756 ,
63.94400 ,-30.10856 ,
62.62822 ,-27.82953 ,
61.31243 ,-25.55052 ,
59.99662 ,-23.27151 ,
58.68084 ,-20.99249 ,
56.04926 ,-16.43446 ,
54.73347 ,-14.15544 ,
49.12424 ,-15.77331 ,
49.34754 ,-19.49339 ,
52.07083 ,-27.54360 ,
54.57082 ,-31.87373 ,
57.07083 ,-36.20385 ,
59.57083 ,-40.53398 ,
62.07082 ,-44.86412 ,
64.57083 ,-49.19424 ,
67.07082 ,-53.52437 ,
69.57083 ,-57.85449 ,
72.07083 ,-62.18462 ,
79.06842 ,-66.80481 ,
81.56842 ,-71.13494 ,
93.85406 ,-23.47537 ,
80.76943 ,-15.98273 ,
91.84300 ,-39.82990 ,
81.81556 ,-30.39735 ,
93.56761 ,-50.98893 ,
34.92344 ,-14.67832 ,
69.77453 ,-12.87886 ,
104.79938 ,-14.28844 ,
83.11655 ,-38.41862 ,
75.34435 ,-25.04591 ,
103.36640 ,-31.12746 ,
86.41406 ,-45.84630 ,
91.80423 ,-12.31771 ,
39.12453 ,-24.54843 ,
101.78594 ,-43.26547 ,
64.64908 ,-8.08271 ,
68.94831 ,-20.91728 ,
91.67794 ,-31.08062 ,
96.25664 ,-57.92102 ,
86.36819 ,-21.48859 ,
76.80032 ,-36.36547 ,
27.79657 ,-8.58346 ,
108.69137 ,-23.29483 ,
85.23570 ,-52.82608 ,
78.51016 ,-7.77806 ,
41.13993 ,-8.18294 ,
73.89146 ,-32.53593 ,
44.12951 ,-31.63299 ,
42.30312 ,-18.01503 ,
98.41765 ,-8.25737 ,
111.85274 ,-7.98605 ,
97.51469 ,-16.81592 ,
87.78723 ,-57.36492 ,
93.99247 ,-64.32639 ,
80.06371 ,-44.20949 ,
68.92494 ,-25.71346 ,
27.30844 ,-16.84506 ,
100.98317 ,-24.46918 ,
64.00669 ,-16.80450 ,
48.62100 ,-37.39188 ,
84.52831 ,-10.69366 ,
97.31305 ,-33.71685 ,
106.31530 ,-37.71969 ,
92.82275 ,-45.66807 ,
32.66209 ,-21.48545 ,
111.58603 ,-17.13077 ,
101.88002 ,-49.84088 ,
88.58168 ,-26.51962 ,
91.11198 ,-18.05147 ,
34.42874 ,-7.16587 ,
47.49476 ,-4.61763 ,
57.97962 ,-5.74313 ,
22.55909 ,-12.79369 ,
84.97877 ,-34.10925 ,
72.79963 ,-5.88167 ,
80.24908 ,-25.71951 ,
77.24865 ,-40.42973 ,
109.51206 ,-30.41204 ,
81.97515 ,-48.66754 ,
70.51867 ,-29.42277 ,
53.41630 ,-43.76826 ,
87.29772 ,-41.16121 ,
74.08392 ,-15.74999 ,
96.93473 ,-28.70085 ,
75.69590 ,-21.23581 ,
86.08197 ,-16.17130 ,
89.40909 ,-6.12234 ,
44.41317 ,-25.99147 ,
105.13744 ,-6.36163 ,
98.91813 ,-38.81318 ,
65.61399 ,-20.22404 ,
98.67986 ,-53.91615 ,
91.54419 ,-59.24330 ,
43.67597 ,-13.45557 ,
38.41061 ,-30.24555 ,
59.40375 ,-49.17894 ,
102.35282 ,-19.17697 ,
88.74518 ,-37.03019 ,
72.59203 ,-35.56934 ,
78.80806 ,-20.49158 ,
83.51873 ,-5.69129 ,
66.27779 ,-23.29780 ,
78.26684 ,-29.25383 ,
90.11082 ,-76.70240 ,
85.73805 ,-78.97756 ,
34.10222 ,-26.74856 ,
96.45026 ,-47.82699 ,
22.95684 ,-6.86864 ,
37.42717 ,-19.45592 ,
78.26471 ,-73.05226 ,
89.50477 ,-47.20461 ,
84.70958 ,-56.10389 ,
45.11693 ,-20.39162 ,
94.33443 ,-5.45945 ,
52.84507 ,-4.80985 ,
64.23439 ,-12.37605 ,
93.40125 ,-68.96237 ,
68.17118 ,-4.63694 ,
81.59693 ,-33.91899 ,
81.88835 ,-51.66865 ,
61.28440 ,-54.25454 ,
60.75191 ,-10.22930 ,
62.35099 ,-4.13861 ,
113.18950 ,-21.65956 ,
43.80198 ,-37.09759 ,
67.60692 ,-18.04063 ,
106.81904 ,-42.70519 ,
105.08362 ,-26.93554 ,
73.82899 ,-11.96880 ,
114.69208 ,-12.61988 ,
49.42154 ,-32.51385 ,
97.77989 ,-21.27473 ,
39.37128 ,-14.68386 ,
79.20219 ,-47.36473 ,
84.82923 ,-43.23725 ,
78.76938 ,-32.39490 ,
30.46670 ,-13.02718 ,
74.08201 ,-37.82844 ,
107.27772 ,-18.50629 ,
27.36170 ,-4.00555 ,
96.20826 ,-12.21214 ,
42.97210 ,-3.04303 ,
102.10368 ,-35.20439 ,
97.83218 ,-62.01940 ,
90.01599 ,-52.04169 ,
100.53413 ,-57.83537 ,
45.39008 ,-9.82318 ,
110.37990 ,-34.98964 ,
89.98540 ,-22.72464 ,
114.83785 ,-5.05801 ,
92.58730 ,-27.21727 ,
38.43485 ,-4.52949 ,
68.00686 ,-11.02525 ,
73.27307 ,-29.15795 ,
80.41581 ,-11.71390 ,
93.03984 ,-55.63271 ,
37.15547 ,-10.65862 ,
22.72971 ,-16.67805 ,
70.12391 ,-34.06611 ,
109.55282 ,-13.36095 ,
97.62669 ,-43.02993 ,
64.74263 ,-58.33816 ,
93.39999 ,-34.42829 ,
28.59001 ,-20.88662 ,
100.43867 ,-13.50107 ,
104.76657 ,-46.55074 ,
72.82851 ,-22.61263 ,
85.23237 ,-30.81601 ,
75.34195 ,-70.41967 ,
78.90781 ,-38.31793 ,
83.11917 ,-27.27862 ,
76.82934 ,-4.03679 ,
89.50074 ,-43.48562 ,
112.37707 ,-26.73153 ,
81.48868 ,-75.11200 ,
84.79684 ,-49.93836 ,
46.15587 ,-17.08083 ,
100.40761 ,-28.28419 ,
76.78582 ,-42.85001 ,
84.70897 ,-60.03116 ,
54.27618 ,-48.54166 ,
40.12551 ,-34.59896 ,
103.31207 ,-53.57631 ,
68.46008 ,-28.56081 ,
101.16252 ,-4.31641 ,
109.03674 ,-4.43523 ,
102.84411 ,-9.39320 ,
57.48674 ,-44.74181 ,
52.78338 ,-39.46166 ,
60.71495 ,-18.27555 ,
49.48822 ,-42.16200 ,
31.60960 ,-17.39475 ,
26.45904 ,-12.78935 ,
47.94515 ,-28.70653 ,
93.84138 ,-15.19722 ,
94.34621 ,-19.75220 ,
92.74151 ,-74.19042 ,
18.99150 ,-13.89562 ,
97.25288 ,-24.84618 ,
67.99669 ,-62.50134 ,
74.06248 ,-41.03855 ,
87.80531 ,-13.04236 ,
81.92267 ,-54.82017 ,
102.91107 ,-39.54794 ,
31.32299 ,-4.15318 ,
68.59478 ,-31.81925 ,
70.95961 ,-8.62519 ,
41.69329 ,-21.66196 ,
91.23597 ,-62.52925 ,
63.01577 ,-22.60197 ,
106.33059 ,-33.25468 ,
104.70863 ,-22.48344 ,
48.93231 ,-7.10752 ,
22.87955 ,-2.93949 ,
79.54202 ,-41.28763 ,
81.80405 ,-46.26506 ,
86.15490 ,-37.65552 ,
41.23627 ,-27.72291 ,
61.87798 ,-20.66596 ,
78.13242 ,-23.73604 ,
71.08515 ,-27.01216 ,
29.93863 ,-24.58226 ,
93.99795 ,-60.54997 ,
83.59587 ,-14.26727 ,
65.66862 ,-26.33000 ,
76.65590 ,-45.93817 ,
84.08048 ,-18.34659 ,
109.68139 ,-39.95177 ,
91.20778 ,-65.95560 ,
31.55924 ,-8.90904 ,
95.99965 ,-37.08052 ,
94.90576 ,-31.21337 ,
87.98563 ,-18.67724 ,
82.98620 ,-36.12514 ,
96.87236 ,-51.56279 ,
56.21782 ,-8.41150 ,
115.45576 ,-17.10022 ,
52.46773 ,-35.28867 ,
77.79537 ,-26.65090 ,
97.44387 ,-3.06822 ,
107.10896 ,-9.63425 ,
93.33937 ,-9.03132 ,
70.58377 ,-65.81693 ,
115.84830 ,-8.82153 ,
35.99775 ,-22.70852 ,
76.93427 ,-68.33297 ,
88.07565 ,-9.56670 ,
68.72205 ,-23.31432 ,
46.61745 ,-14.05704 ,
76.50388 ,-14.87391 ,
73.03799 ,-18.62166 ,
20.71466 ,-10.35464 ,
89.45203 ,-60.59069 ,
79.01753 ,-50.34385 ,
92.46611 ,-48.40874 ,
86.93485 ,-3.27462 ,
99.92070 ,-31.72493 ,
81.86704 ,-8.49358 ,
80.47719 ,-3.63837 ,
89.02872 ,-79.56123 ,
45.84622 ,-40.65915 ,
84.44370 ,-40.66986 ,
61.74967 ,-12.99473 ,
87.92222 ,-34.05546 ,
93.18820 ,-42.29967 ,
105.50396 ,-50.13877 ,
96.92673 ,-66.22336 ,
75.29250 ,-7.57016 ,
93.56440 ,-57.54238 ,
81.80397 ,-23.46937 ,
80.60737 ,-28.04827 ,
91.26088 ,-3.29899 ,
24.72839 ,-19.95378 ,
113.04268 ,-31.12597 ,
67.86748 ,-7.87935 ,
76.13844 ,-17.92042 ,
87.83838 ,-77.25958 ,
106.39303 ,-29.92177 ,
84.71493 ,-80.68470 ,
89.83270 ,-29.12441 ,
74.92875 ,-35.06996 ,
101.65371 ,-46.62102 ,
50.42295 ,-45.92915 ,
83.40590 ,-32.31041 ,
86.96187 ,-24.13911 ,
47.62037 ,-2.61674 ,
71.62679 ,-31.20039 ,
34.88258 ,-3.82816 ,
33.75410 ,-11.35032 ,
76.28234 ,-38.60157 ,
108.41143 ,-27.45914 ,
86.62946 ,-54.66713 ,
110.18616 ,-20.14786 ,
90.17567 ,-15.20984 ,
47.66417 ,-25.63628 ,
89.95587 ,-75.35345 ,
41.12156 ,-11.54575 ,
72.50000 ,-2.41716 ,
34.91447 ,-30.60990 ,
68.03825 ,-14.56281 ,
24.09724 ,-10.27796 ,
87.01043 ,-43.43260 ,
71.39225 ,-15.09971 ,
89.06603 ,-39.60463 ,
57.50000 ,-2.34747 ,
56.82789 ,-52.50721 ,
89.67818 ,-50.72108 ,
46.49350 ,-34.65908 ,
112.22274 ,-2.90024 ,
60.61716 ,-7.05852 ,
56.09904 ,-41.11961 ,
81.05306 ,-78.22181 ,
76.73590 ,-65.26475 ,
50.12509 ,22.89347 ,
50.62508 ,23.75949 ,
51.17509 ,24.71212 ,
51.78009 ,25.76001 ,
52.44508 ,26.91183 ,
53.18010 ,28.18488 ,
53.98507 ,29.57920 ,
54.87008 ,31.11205 ,
55.84509 ,32.80080 ,
56.91508 ,34.65410 ,
58.09508 ,36.69792 ,
59.39009 ,38.94093 ,
60.81509 ,41.40909 ,
62.02009 ,43.49622 ,
63.23008 ,45.59200 ,
64.43508 ,47.67911 ,
65.86009 ,50.14730 ,
67.15508 ,52.39028 ,
68.33508 ,54.43411 ,
69.40508 ,56.28742 ,
70.38008 ,57.97616 ,
71.26509 ,59.50902 ,
72.07008 ,60.90333 ,
72.80509 ,62.17637 ,
73.47008 ,63.32819 ,
74.07508 ,64.37609 ,
74.62509 ,65.32872 ,
75.12509 ,66.19474 ,
50.99110 ,22.39347 ,
51.49111 ,23.25949 ,
52.04111 ,24.21213 ,
52.64610 ,25.26003 ,
53.31111 ,26.41182 ,
54.04611 ,27.68489 ,
54.85111 ,29.07919 ,
55.73612 ,30.61206 ,
56.71111 ,32.30081 ,
57.78110 ,34.15410 ,
58.96111 ,36.19791 ,
60.25610 ,38.44093 ,
61.68111 ,40.90910 ,
62.88611 ,42.99621 ,
64.09610 ,45.09199 ,
65.30111 ,47.17912 ,
66.72611 ,49.64729 ,
68.02111 ,51.89028 ,
69.20110 ,53.93412 ,
70.27111 ,55.78741 ,
71.24611 ,57.47614 ,
72.13111 ,59.00903 ,
72.93611 ,60.40332 ,
73.67111 ,61.67638 ,
74.33611 ,62.82821 ,
74.94111 ,63.87609 ,
75.49111 ,64.82872 ,
75.99111 ,65.69475 ,
51.94374 ,21.84348 ,
52.44374 ,22.70949 ,
52.99374 ,23.66213 ,
53.59874 ,24.71002 ,
54.26374 ,25.86183 ,
54.99874 ,27.13488 ,
55.80374 ,28.52918 ,
56.68874 ,30.06204 ,
57.66374 ,31.75081 ,
58.73374 ,33.60410 ,
59.91374 ,35.64793 ,
61.20873 ,37.89092 ,
62.63374 ,40.35910 ,
63.83874 ,42.44621 ,
65.04873 ,44.54200 ,
66.25373 ,46.62912 ,
67.67874 ,49.09729 ,
68.97373 ,51.34030 ,
70.15373 ,53.38412 ,
71.22374 ,55.23741 ,
72.19873 ,56.92618 ,
73.08373 ,58.45903 ,
73.88873 ,59.85332 ,
74.62374 ,61.12639 ,
75.28873 ,62.27820 ,
75.89374 ,63.32609 ,
76.44374 ,64.27871 ,
76.94374 ,65.14474 ,
52.99163 ,21.23848 ,
53.49164 ,22.10450 ,
54.04163 ,23.05713 ,
54.64663 ,24.10502 ,
55.31162 ,25.25683 ,
56.04663 ,26.52990 ,
56.85163 ,27.92418 ,
57.73664 ,29.45705 ,
58.71163 ,31.14581 ,
59.78163 ,32.99910 ,
60.96164 ,35.04291 ,
62.25662 ,37.28592 ,
63.68163 ,39.75410 ,
64.88663 ,41.84121 ,
66.09662 ,43.93700 ,
67.30162 ,46.02412 ,
68.72663 ,48.49229 ,
70.02162 ,50.73529 ,
71.20163 ,52.77912 ,
72.27163 ,54.63241 ,
73.24662 ,56.32117 ,
74.13162 ,57.85403 ,
74.93662 ,59.24833 ,
75.67163 ,60.52139 ,
76.33662 ,61.67320 ,
76.94163 ,62.72109 ,
77.49163 ,63.67371 ,
77.99163 ,64.53974 ,
54.14344 ,20.57348 ,
54.64344 ,21.43951 ,
55.19344 ,22.39211 ,
55.79843 ,23.44002 ,
56.46345 ,24.59184 ,
57.19844 ,25.86488 ,
58.00344 ,27.25919 ,
58.88844 ,28.79205 ,
59.86344 ,30.48081 ,
60.93343 ,32.33410 ,
62.11344 ,34.37791 ,
63.40844 ,36.62092 ,
64.83343 ,39.08910 ,
66.03844 ,41.17621 ,
67.24844 ,43.27199 ,
68.45344 ,45.35912 ,
69.87844 ,47.82729 ,
71.17344 ,50.07029 ,
72.35344 ,52.11412 ,
73.42344 ,53.96741 ,
74.39845 ,55.65616 ,
75.28344 ,57.18901 ,
76.08844 ,58.58332 ,
76.82344 ,59.85638 ,
77.48844 ,61.00820 ,
78.09344 ,62.05609 ,
78.64344 ,63.00872 ,
79.14344 ,63.87474 ,
55.21731 ,19.95347 ,
55.71732 ,20.81951 ,
56.26732 ,21.77213 ,
56.87232 ,22.82002 ,
57.53731 ,23.97183 ,
58.27232 ,25.24489 ,
59.07731 ,26.63919 ,
59.96232 ,28.17205 ,
60.93731 ,29.86080 ,
62.00731 ,31.71409 ,
63.18732 ,33.75791 ,
64.48231 ,36.00093 ,
65.90732 ,38.46910 ,
67.11232 ,40.55622 ,
68.32231 ,42.65200 ,
69.52732 ,44.73913 ,
70.95232 ,47.20729 ,
72.24731 ,49.45030 ,
73.42730 ,51.49412 ,
74.49731 ,53.34741 ,
75.47231 ,55.03616 ,
76.35731 ,56.56903 ,
77.16231 ,57.96333 ,
77.89732 ,59.23639 ,
78.56232 ,60.38821 ,
79.16732 ,61.43610 ,
79.71732 ,62.38872 ,
80.21731 ,63.25474 ,
56.29119 ,19.33347 ,
56.79118 ,20.19950 ,
57.34118 ,21.15212 ,
57.94618 ,22.20001 ,
58.61118 ,23.35183 ,
59.34618 ,24.62487 ,
60.15118 ,26.01919 ,
61.03618 ,27.55205 ,
62.01119 ,29.24080 ,
63.08119 ,31.09409 ,
64.26119 ,33.13791 ,
65.55618 ,35.38092 ,
66.98118 ,37.84911 ,
68.18619 ,39.93622 ,
69.39618 ,42.03200 ,
70.60118 ,44.11911 ,
72.02618 ,46.58729 ,
73.32119 ,48.83029 ,
74.50119 ,50.87412 ,
75.57119 ,52.72741 ,
76.54618 ,54.41616 ,
77.43118 ,55.94903 ,
78.23618 ,57.34333 ,
78.97118 ,58.61637 ,
79.63618 ,59.76819 ,
80.24118 ,60.81608 ,
80.79118 ,61.76872 ,
81.29119 ,62.63474 ,
57.36506 ,18.71347 ,
57.86506 ,19.57950 ,
58.41506 ,20.53213 ,
59.02006 ,21.58002 ,
59.68506 ,22.73183 ,
60.42005 ,24.00488 ,
61.22505 ,25.39918 ,
62.11005 ,26.93206 ,
63.08505 ,28.62080 ,
64.15506 ,30.47410 ,
65.33505 ,32.51791 ,
66.63006 ,34.76092 ,
68.05506 ,37.22909 ,
69.26005 ,39.31623 ,
70.47006 ,41.41200 ,
71.67506 ,43.49912 ,
73.10006 ,45.96729 ,
74.39506 ,48.21030 ,
75.57506 ,50.25411 ,
76.64505 ,52.10741 ,
77.62006 ,53.79616 ,
78.50506 ,55.32903 ,
79.31006 ,56.72333 ,
80.04506 ,57.99638 ,
80.71006 ,59.14820 ,
81.31505 ,60.19609 ,
81.86505 ,61.14872 ,
82.36505 ,62.01474 ,
14.14214 ,14.14214 ,
84.85281 ,84.85281 ,
0.00000 ,0.00000 ,
0.00000 ,0.00000 ,
88.45437 ,73.89510 ,
82.36505 ,62.01474 ,
57.36506 ,18.71347 ,
52.23108 ,7.82117 ,
47.90095 ,10.32117 ,
49.57082 ,23.21347 ,
74.57083 ,66.51475 ,
78.90095 ,64.01474 ,
79.23589 ,69.59487 ,
87.25700 ,75.58200 ,
17.67768 ,17.67768 ,
21.21320 ,21.21320 ,
24.74874 ,24.74874 ,
28.28427 ,28.28427 ,
31.81981 ,31.81981 ,
35.35534 ,35.35534 ,
38.89087 ,38.89087 ,
42.42641 ,42.42641 ,
45.96194 ,45.96194 ,
49.49747 ,49.49747 ,
53.03301 ,53.03301 ,
56.56854 ,56.56854 ,
60.10408 ,60.10408 ,
63.63960 ,63.63960 ,
67.17514 ,67.17514 ,
70.71068 ,70.71068 ,
74.24621 ,74.24621 ,
77.78175 ,77.78175 ,
81.31728 ,81.31728 ,
16.62940 ,11.11141 ,
18.47759 ,7.65367 ,
19.61570 ,3.90181 ,
88.28687 ,81.27379 ,
91.57009 ,77.55591 ,
94.69686 ,73.70552 ,
97.66185 ,69.72922 ,
100.45998 ,65.63378 ,
103.08647 ,61.42620 ,
105.53685 ,57.11369 ,
107.80692 ,52.70359 ,
109.89280 ,48.20345 ,
111.79093 ,43.62096 ,
113.49807 ,38.96394 ,
115.01130 ,34.24034 ,
116.32803 ,29.45825 ,
117.44602 ,24.62584 ,
118.36336 ,19.75135 ,
119.07847 ,14.84311 ,
119.59014 ,9.90952 ,
119.89749 ,4.95900 ,
0.00000 ,0.00000 ,
0.00000 ,0.00000 ,
0.00000 ,0.00000 ,
0.00000 ,0.00000 ,
0.00000 ,0.00000 ,
0.00000 ,0.00000 ,
0.00000 ,0.00000 ,
0.00000 ,0.00000 ,
0.00000 ,0.00000 ,
0.00000 ,0.00000 ,
0.00000 ,0.00000 ,
0.00000 ,0.00000 ,
0.00000 ,0.00000 ,
0.00000 ,0.00000 ,
0.00000 ,0.00000 ,
0.00000 ,0.00000 ,
104.99999 ,0.00001 ,
0.00000 ,0.00000 ,
0.00000 ,0.00000 ,
85.99664 ,68.30483 ,
83.68085 ,64.29376 ,
81.04927 ,59.73572 ,
79.73348 ,57.45672 ,
78.41770 ,55.17771 ,
77.10190 ,52.89869 ,
75.78611 ,50.61967 ,
74.47031 ,48.34066 ,
73.15453 ,46.06164 ,
71.83875 ,43.78263 ,
70.52295 ,41.50361 ,
69.20715 ,39.22461 ,
67.89137 ,36.94558 ,
66.57558 ,34.66658 ,
65.25980 ,32.38756 ,
63.94400 ,30.10856 ,
62.62822 ,27.82953 ,
61.31243 ,25.55052 ,
59.99662 ,23.27151 ,
58.68084 ,20.99249 ,
56.04926 ,16.43446 ,
54.73347 ,14.15544 ,
49.12424 ,15.77331 ,
49.34754 ,19.49339 ,
52.07083 ,27.54360 ,
54.57082 ,31.87373 ,
57.07083 ,36.20385 ,
59.57083 ,40.53398 ,
62.07082 ,44.86412 ,
64.57083 ,49.19424 ,
67.07082 ,53.52437 ,
69.57083 ,57.85449 ,
72.07083 ,62.18462 ,
79.06842 ,66.80481 ,
81.56842 ,71.13494 ,
93.85406 ,23.47537 ,
80.76943 ,15.98273 ,
91.84300 ,39.82990 ,
81.81556 ,30.39735 ,
93.56761 ,50.98893 ,
34.92344 ,14.67832 ,
69.77453 ,12.87886 ,
104.79938 ,14.28844 ,
83.11655 ,38.41862 ,
75.34435 ,25.04591 ,
103.36640 ,31.12746 ,
86.41406 ,45.84630 ,
91.80423 ,12.31771 ,
39.12453 ,24.54843 ,
101.78594 ,43.26547 ,
64.64908 ,8.08271 ,
68.94831 ,20.91728 ,
91.67794 ,31.08062 ,
96.25664 ,57.92102 ,
86.36819 ,21.48859 ,
76.80032 ,36.36547 ,
27.79657 ,8.58346 ,
108.69137 ,23.29483 ,
85.23570 ,52.82608 ,
78.51016 ,7.77806 ,
41.13993 ,8.18294 ,
73.89146 ,32.53593 ,
44.12951 ,31.63299 ,
42.30312 ,18.01503 ,
98.41765 ,8.25737 ,
111.85274 ,7.98605 ,
97.51469 ,16.81592 ,
87.78723 ,57.36492 ,
93.99247 ,64.32639 ,
80.06371 ,44.20949 ,
68.92494 ,25.71346 ,
27.30844 ,16.84506 ,
100.98317 ,24.46918 ,
64.00669 ,16.80450 ,
48.62100 ,37.39188 ,
84.52831 ,10.69366 ,
97.31305 ,33.71685 ,
106.31530 ,37.71969 ,
92.82275 ,45.66807 ,
32.66209 ,21.48545 ,
111.58603 ,17.13077 ,
101.88002 ,49.84088 ,
88.58168 ,26.51962 ,
91.11198 ,18.05147 ,
34.42874 ,7.16587 ,
47.49476 ,4.61763 ,
57.97962 ,5.74313 ,
22.55909 ,12.79369 ,
84.97877 ,34.10925 ,
72.79963 ,5.88167 ,
80.24908 ,25.71951 ,
77.24865 ,40.42973 ,
109.51206 ,30.41204 ,
81.97515 ,48.66754 ,
70.51867 ,29.42277 ,
53.41630 ,43.76826 ,
87.29772 ,41.16121 ,
74.08392 ,15.74999 ,
96.93473 ,28.70085 ,
75.69590 ,21.23581 ,
86.08197 ,16.17130 ,
89.40909 ,6.12234 ,
44.41317 ,25.99147 ,
105.13744 ,6.36163 ,
98.91813 ,38.81318 ,
65.61399 ,20.22404 ,
98.67986 ,53.91615 ,
91.54419 ,59.24330 ,
43.67597 ,13.45557 ,
38.41061 ,30.24555 ,
59.40375 ,49.17894 ,
102.35282 ,19.17697 ,
88.74518 ,37.03019 ,
72.59203 ,35.56934 ,
78.80806 ,20.49158 ,
83.51873 ,5.69129 ,
66.27779 ,23.29780 ,
78.26684 ,29.25383 ,
90.11082 ,76.70240 ,
85.73805 ,78.97756 ,
34.10222 ,26.74856 ,
96.45026 ,47.82699 ,
22.95684 ,6.86864 ,
37.42717 ,19.45592 ,
78.26471 ,73.05226 ,
89.50477 ,47.20461 ,
84.70958 ,56.10389 ,
45.11693 ,20.39162 ,
94.33443 ,5.45945 ,
52.84507 ,4.80985 ,
64.23439 ,12.37605 ,
93.40125 ,68.96237 ,
68.17118 ,4.63694 ,
81.59693 ,33.91899 ,
81.88835 ,51.66865 ,
61.28440 ,54.25454 ,
60.75191 ,10.22930 ,
62.35099 ,4.13861 ,
113.18950 ,21.65956 ,
43.80198 ,37.09759 ,
67.60692 ,18.04063 ,
106.81904 ,42.70519 ,
105.08362 ,26.93554 ,
73.82899 ,11.96880 ,
114.69208 ,12.61988 ,
49.42154 ,32.51385 ,
97.77989 ,21.27473 ,
39.37128 ,14.68386 ,
79.20219 ,47.36473 ,
84.82923 ,43.23725 ,
78.76938 ,32.39490 ,
30.46670 ,13.02718 ,
74.08201 ,37.82844 ,
107.27772 ,18.50629 ,
27.36170 ,4.00555 ,
96.20826 ,12.21214 ,
42.97210 ,3.04303 ,
102.10368 ,35.20439 ,
97.83218 ,62.01940 ,
90.01599 ,52.04169 ,
100.53413 ,57.83537 ,
45.39008 ,9.82318 ,
110.37990 ,34.98964 ,
89.98540 ,22.72464 ,
114.83785 ,5.05801 ,
92.58730 ,27.21727 ,
38.43485 ,4.52949 ,
68.00686 ,11.02525 ,
73.27307 ,29.15795 ,
80.41581 ,11.71390 ,
93.03984 ,55.63271 ,
37.15547 ,10.65862 ,
22.72971 ,16.67805 ,
70.12391 ,34.06611 ,
109.55282 ,13.36095 ,
97.62669 ,43.02993 ,
64.74263 ,58.33816 ,
93.39999 ,34.42829 ,
28.59001 ,20.88662 ,
100.43867 ,13.50107 ,
104.76657 ,46.55074 ,
72.82851 ,22.61263 ,
85.23237 ,30.81601 ,
75.34195 ,70.41967 ,
78.90781 ,38.31793 ,
83.11917 ,27.27862 ,
76.82934 ,4.03679 ,
89.50074 ,43.48562 ,
112.37707 ,26.73153 ,
81.48868 ,75.11200 ,
84.79684 ,49.93836 ,
46.15587 ,17.08083 ,
100.40761 ,28.28419 ,
76.78582 ,42.85001 ,
84.70897 ,60.03116 ,
54.27618 ,48.54166 ,
40.12551 ,34.59896 ,
103.31207 ,53.57631 ,
68.46008 ,28.56081 ,
101.16252 ,4.31641 ,
109.03674 ,4.43523 ,
102.84411 ,9.39320 ,
57.48674 ,44.74181 ,
52.78338 ,39.46166 ,
60.71495 ,18.27555 ,
49.48822 ,42.16200 ,
31.60960 ,17.39475 ,
26.45904 ,12.78935 ,
47.94515 ,28.70653 ,
93.84138 ,15.19722 ,
94.34621 ,19.75220 ,
92.74151 ,74.19042 ,
18.99150 ,13.89562 ,
97.25288 ,24.84618 ,
67.99669 ,62.50134 ,
74.06248 ,41.03855 ,
87.80531 ,13.04236 ,
81.92267 ,54.82017 ,
102.91107 ,39.54794 ,
31.32299 ,4.15318 ,
68.59478 ,31.81925 ,
70.95961 ,8.62519 ,
41.69329 ,21.66196 ,
91.23597 ,62.52925 ,
63.01577 ,22.60197 ,
106.33059 ,33.25468 ,
104.70863 ,22.48344 ,
48.93231 ,7.10752 ,
22.87955 ,2.93949 ,
79.54202 ,41.28763 ,
81.80405 ,46.26506 ,
86.15490 ,37.65552 ,
41.23627 ,27.72291 ,
61.87798 ,20.66596 ,
78.13242 ,23.73604 ,
71.08515 ,27.01216 ,
29.93863 ,24.58226 ,
93.99795 ,60.54997 ,
83.59587 ,14.26727 ,
65.66862 ,26.33000 ,
76.65590 ,45.93817 ,
84.08048 ,18.34659 ,
109.68139 ,39.95177 ,
91.20778 ,65.95560 ,
31.55924 ,8.90904 ,
95.99965 ,37.08052 ,
94.90576 ,31.21337 ,
87.98563 ,18.67724 ,
82.98620 ,36.12514 ,
96.87236 ,51.56279 ,
56.21782 ,8.41150 ,
115.45576 ,17.10022 ,
52.46773 ,35.28867 ,
77.79537 ,26.65090 ,
97.44387 ,3.06822 ,
107.10896 ,9.63425 ,
93.33937 ,9.03132 ,
70.58377 ,65.81693 ,
115.84830 ,8.82153 ,
35.99775 ,22.70852 ,
76.93427 ,68.33297 ,
88.07565 ,9.56670 ,
68.72205 ,23.31432 ,
46.61745 ,14.05704 ,
76.50388 ,14.87391 ,
73.03799 ,18.62166 ,
20.71466 ,10.35464 ,
89.45203 ,60.59069 ,
79.01753 ,50.34385 ,
92.46611 ,48.40874 ,
86.93485 ,3.27462 ,
99.92070 ,31.72493 ,
81.86704 ,8.49358 ,
80.47719 ,3.63837 ,
89.02872 ,79.56123 ,
45.84622 ,40.65915 ,
84.44370 ,40.66986 ,
61.74967 ,12.99473 ,
87.92222 ,34.05546 ,
93.18820 ,42.29967 ,
105.50396 ,50.13877 ,
96.92673 ,66.22336 ,
75.29250 ,7.57016 ,
93.56440 ,57.54238 ,
81.80397 ,23.46937 ,
80.60737 ,28.04827 ,
91.26088 ,3.29899 ,
24.72839 ,19.95378 ,
113.04268 ,31.12597 ,
67.86748 ,7.87935 ,
76.13844 ,17.92042 ,
87.83838 ,77.25958 ,
106.39303 ,29.92177 ,
84.71493 ,80.68470 ,
89.83270 ,29.12441 ,
74.92875 ,35.06996 ,
101.65371 ,46.62102 ,
50.42295 ,45.92915 ,
83.40590 ,32.31041 ,
86.96187 ,24.13911 ,
47.62037 ,2.61674 ,
71.62679 ,31.20039 ,
34.88258 ,3.82816 ,
33.75410 ,11.35032 ,
76.28234 ,38.60157 ,
108.41143 ,27.45914 ,
86.62946 ,54.66713 ,
110.18616 ,20.14786 ,
90.17567 ,15.20984 ,
47.66417 ,25.63628 ,
89.95587 ,75.35345 ,
41.12156 ,11.54575 ,
72.50000 ,2.41716 ,
34.91447 ,30.60990 ,
68.03825 ,14.56281 ,
24.09724 ,10.27796 ,
87.01043 ,43.43260 ,
71.39225 ,15.09971 ,
89.06603 ,39.60463 ,
57.50000 ,2.34747 ,
56.82789 ,52.50721 ,
89.67818 ,50.72108 ,
46.49350 ,34.65908 ,
112.22274 ,2.90024 ,
60.61716 ,7.05852 ,
56.09904 ,41.11961 ,
81.05306 ,78.22181 ,
76.73590 ,65.26475 ,
1,756,PM1
757,2142,iron
