stress
2
2142
-1
0
4.149223194150745
6109.996928380818
1	-3.245141E+00	-2.869201E+00	6.245626E-01	
2	-3.105210E+00	-2.698503E+00	5.401869E-01	
3	-1.311165E+01	-1.061816E+01	8.054322E+00	
4	-1.226203E+01	-5.876343E+00	7.655398E+00	
5	-2.796048E+01	-1.428036E+01	1.387145E+01	
6	-3.100783E+01	-1.083495E+01	1.654254E+01	
7	-4.687996E+01	-1.543661E+01	1.742846E+01	
8	-5.612559E+01	-1.675264E+01	2.551360E+01	
9	-6.783346E+01	-1.513768E+01	1.922358E+01	
10	-8.315849E+01	-2.272538E+01	3.367490E+01	
11	-8.851176E+01	-1.419153E+01	1.999411E+01	
12	-1.085834E+02	-2.810641E+01	4.054226E+01	
13	-1.069823E+02	-1.293984E+01	2.007481E+01	
14	-1.297473E+02	-3.236605E+01	4.577110E+01	
15	-1.218407E+02	-1.151871E+01	1.961303E+01	
16	-1.452264E+02	-3.522262E+01	4.901310E+01	
17	-1.326897E+02	-1.068011E+01	1.933486E+01	
18	-1.550587E+02	-3.692049E+01	5.083335E+01	
19	-1.411201E+02	-1.123960E+01	2.006125E+01	
20	-1.612734E+02	-3.798911E+01	5.294160E+01	
21	-1.478269E+02	-1.077625E+01	1.987670E+01	
22	-1.655814E+02	-3.793893E+01	5.332335E+01	
23	-1.542209E+02	-1.197669E+01	2.126946E+01	
24	-1.683510E+02	-3.667506E+01	5.358871E+01	
25	-1.654879E+02	-1.573553E+01	2.555697E+01	
26	-1.840949E+02	-4.031292E+01	5.765318E+01	
27	-1.766186E+02	-1.777930E+01	2.900687E+01	
28	-1.956381E+02	-4.309014E+01	6.200207E+01	
29	-1.893853E+02	-1.957041E+01	3.156558E+01	
30	-2.102687E+02	-4.708270E+01	6.765051E+01	
31	-2.006821E+02	-1.846330E+01	3.130226E+01	
32	-2.170507E+02	-4.670713E+01	6.931236E+01	
33	-2.166969E+02	-2.211501E+01	3.534809E+01	
34	-2.367356E+02	-5.077043E+01	7.525569E+01	
35	-2.335774E+02	-2.419636E+01	3.951757E+01	
36	-2.582807E+02	-5.517942E+01	8.127653E+01	
37	-2.492218E+02	-2.523712E+01	4.291071E+01	
38	-2.795484E+02	-5.944533E+01	8.644759E+01	
39	-2.621120E+02	-2.565152E+01	4.564039E+01	
40	-2.981988E+02	-6.290068E+01	9.068669E+01	
41	-2.716738E+02	-2.486011E+01	4.713780E+01	
42	-3.135635E+02	-6.435352E+01	9.304707E+01	
43	-2.754567E+02	-2.020109E+01	4.503746E+01	
44	-3.208852E+02	-6.043677E+01	8.908485E+01	
45	-2.700553E+02	-1.096145E+01	3.809871E+01	
46	-3.109622E+02	-4.696527E+01	7.334145E+01	
47	-2.518555E+02	2.583027E+00	2.511944E+01	
48	-2.728848E+02	-2.441795E+01	4.003159E+01	
49	-2.128296E+02	1.487816E+01	6.349154E+00	
50	-1.966724E+02	-8.216946E+00	-8.240699E+00	
51	-1.256465E+02	1.213298E+01	-1.186943E+01	
52	-8.962216E+01	-1.000803E+01	-3.700865E+01	
53	-2.344355E+01	-1.882230E+01	-1.890942E+00	
54	-1.237161E+01	-6.510693E+00	-8.553351E+00	
55	-1.784513E+00	-1.598372E+01	2.432021E+00	
56	-4.393031E+00	-1.668220E+01	3.813439E+00	
57	-7.979676E+00	-2.388677E+01	1.255813E+01	
58	-1.069756E+01	-1.840779E+01	1.409549E+01	
59	-1.714943E+01	-2.413367E+01	1.979905E+01	
60	-2.244782E+01	-2.009899E+01	2.352520E+01	
61	-2.905333E+01	-2.135237E+01	2.297679E+01	
62	-3.908436E+01	-2.244146E+01	3.065793E+01	
63	-4.310024E+01	-1.768960E+01	2.268249E+01	
64	-5.858101E+01	-2.520344E+01	3.553053E+01	
65	-5.825056E+01	-1.417443E+01	2.035832E+01	
66	-7.850504E+01	-2.783343E+01	3.858405E+01	
67	-7.329032E+01	-1.094799E+01	1.698453E+01	
68	-9.672865E+01	-2.996964E+01	4.017958E+01	
69	-8.680970E+01	-8.001846E+00	1.316164E+01	
70	-1.118228E+02	-3.186408E+01	4.053788E+01	
71	-9.802920E+01	-6.577671E+00	1.026308E+01	
72	-1.229977E+02	-3.361635E+01	4.070413E+01	
73	-1.081315E+02	-7.638798E+00	9.843288E+00	
74	-1.308655E+02	-3.406305E+01	4.217254E+01	
75	-1.165864E+02	-6.412890E+00	8.790905E+00	
76	-1.376562E+02	-3.510724E+01	4.239195E+01	
77	-1.247113E+02	-8.620606E+00	1.015853E+01	
78	-1.430354E+02	-3.623378E+01	4.516695E+01	
79	-1.327545E+02	-1.255715E+01	1.590884E+01	
80	-1.549136E+02	-3.913087E+01	4.830879E+01	
81	-1.427978E+02	-1.489402E+01	1.890815E+01	
82	-1.654412E+02	-4.146664E+01	5.269536E+01	
83	-1.537494E+02	-1.596824E+01	2.140081E+01	
84	-1.773734E+02	-4.346962E+01	5.648387E+01	
85	-1.655989E+02	-1.386458E+01	1.952499E+01	
86	-1.868689E+02	-4.606770E+01	5.999975E+01	
87	-1.768996E+02	-1.799343E+01	2.453756E+01	
88	-2.016488E+02	-4.957158E+01	6.570636E+01	
89	-1.888703E+02	-1.938934E+01	2.829652E+01	
90	-2.182457E+02	-5.265317E+01	7.061350E+01	
91	-1.996659E+02	-1.904675E+01	3.046339E+01	
92	-2.344475E+02	-5.498827E+01	7.368313E+01	
93	-2.086139E+02	-1.811025E+01	3.150952E+01	
94	-2.481050E+02	-5.473610E+01	7.511964E+01	
95	-2.168720E+02	-1.555659E+01	3.162733E+01	
96	-2.586136E+02	-4.815209E+01	7.329799E+01	
97	-2.256873E+02	-7.145674E+00	2.785557E+01	
98	-2.650467E+02	-3.213647E+01	6.359643E+01	
99	-2.373766E+02	6.702509E+00	1.933792E+01	
100	-2.650726E+02	-4.269286E+00	4.268920E+01	
101	-2.558319E+02	2.506736E+01	5.226533E+00	
102	-2.580227E+02	2.936619E+01	7.304598E+00	
103	-2.863592E+02	3.989677E+01	-1.709744E+01	
104	-2.440390E+02	4.017096E+01	-4.566133E+01	
105	-3.107753E+02	3.368043E+01	-5.975695E+01	
106	-2.135735E+02	-3.866437E+01	-1.161619E+02	
107	-8.896097E+01	-2.568430E+01	-9.103276E+01	
108	-9.629352E+01	-7.152000E+01	-8.462816E+01	
109	-2.258974E+00	-4.037453E+01	2.269565E+00	
110	-5.613902E+00	-3.305314E+01	3.030952E+00	
111	-3.482452E+00	-4.120666E+01	1.506910E+01	
112	-6.902719E+00	-3.006170E+01	1.618740E+01	
113	-7.026965E+00	-3.446874E+01	2.225270E+01	
114	-1.342375E+01	-2.693633E+01	2.593275E+01	
115	-1.233561E+01	-2.536733E+01	2.413460E+01	
116	-2.367102E+01	-2.524683E+01	3.178429E+01	
117	-1.949324E+01	-1.706584E+01	2.189082E+01	
118	-3.645828E+01	-2.499556E+01	3.441660E+01	
119	-2.867565E+01	-1.076352E+01	1.738424E+01	
120	-5.056915E+01	-2.535942E+01	3.487559E+01	
121	-3.955589E+01	-5.891040E+00	1.170272E+01	
122	-6.488368E+01	-2.600387E+01	3.384594E+01	
123	-5.073391E+01	-1.922769E+00	5.366749E+00	
124	-7.830950E+01	-2.770039E+01	3.175892E+01	
125	-6.120880E+01	-7.813032E-01	3.665162E-01	
126	-8.944988E+01	-3.009733E+01	3.029275E+01	
127	-7.254485E+01	-3.575869E+00	-6.171838E-01	
128	-9.817892E+01	-3.004392E+01	3.139037E+01	
129	-8.232234E+01	-1.417688E+00	-2.800202E+00	
130	-1.072045E+02	-3.278814E+01	3.092082E+01	
131	-9.125894E+01	-5.252868E+00	-1.725287E+00	
132	-1.137587E+02	-3.537938E+01	3.459861E+01	
133	-9.748872E+01	-9.489968E+00	4.344981E+00	
134	-1.235022E+02	-3.767309E+01	3.742362E+01	
135	-1.059204E+02	-1.157553E+01	7.335413E+00	
136	-1.323546E+02	-3.911841E+01	4.176455E+01	
137	-1.158328E+02	-1.189807E+01	9.753346E+00	
138	-1.428579E+02	-3.988138E+01	4.477099E+01	
139	-1.265341E+02	-8.133523E+00	6.416000E+00	
140	-1.528710E+02	-4.474794E+01	4.785332E+01	
141	-1.341060E+02	-1.359131E+01	1.116248E+01	
142	-1.634997E+02	-4.708322E+01	5.317553E+01	
143	-1.415086E+02	-1.353763E+01	1.428871E+01	
144	-1.754357E+02	-4.812857E+01	5.686125E+01	
145	-1.481747E+02	-1.121073E+01	1.512596E+01	
146	-1.871973E+02	-4.810432E+01	5.780077E+01	
147	-1.537179E+02	-8.698781E+00	1.476829E+01	
148	-1.966435E+02	-4.424574E+01	5.714308E+01	
149	-1.607403E+02	-4.831793E+00	1.493613E+01	
150	-2.041555E+02	-3.104228E+01	5.461159E+01	
151	-1.720715E+02	7.333725E+00	1.252325E+01	
152	-2.124305E+02	-7.839469E+00	4.647017E+01	
153	-1.920047E+02	2.480900E+01	8.287466E+00	
154	-2.230221E+02	2.586417E+01	3.260337E+01	
155	-2.268639E+02	4.600028E+01	3.364760E+00	
156	-2.400635E+02	6.579473E+01	1.298914E+01	
157	-2.978629E+02	6.082899E+01	-1.283305E-01	
158	-2.703699E+02	1.031016E+02	-1.680695E+01	
159	-4.619310E+02	6.044066E+01	-2.396289E+01	
160	-3.252919E+02	7.805706E+01	-9.523409E+01	
161	-9.312047E+02	-8.459852E+00	-1.849796E+02	
162	-4.039720E+02	-4.667512E+02	-3.750176E+02	
163	-4.479647E+00	-7.372047E+01	-8.269482E-02	
164	-8.001894E+00	-5.115517E+01	-1.959986E+00	
165	1.317532E-01	-6.074233E+01	1.414217E+01	
166	-4.029125E+00	-4.006588E+01	1.391670E+01	
167	3.180993E+00	-4.265257E+01	1.999729E+01	
168	-5.148114E+00	-3.087053E+01	2.361176E+01	
169	5.081784E+00	-2.542624E+01	1.960560E+01	
170	-9.394029E+00	-2.512248E+01	2.812694E+01	
171	5.345790E+00	-1.218236E+01	1.529261E+01	
172	-1.559569E+01	-2.237290E+01	2.912922E+01	
173	2.671484E+00	-3.658012E+00	9.510235E+00	
174	-2.339499E+01	-2.092544E+01	2.822014E+01	
175	-3.755438E+00	2.227485E+00	2.925632E+00	
176	-3.299014E+01	-2.041736E+01	2.582958E+01	
177	-1.242865E+01	6.830880E+00	-4.822885E+00	
178	-4.397929E+01	-2.267318E+01	2.190850E+01	
179	-2.159035E+01	6.776468E+00	-1.116311E+01	
180	-5.413810E+01	-2.658446E+01	1.909523E+01	
181	-3.390663E+01	5.289014E-01	-1.148450E+01	
182	-6.270981E+01	-2.553050E+01	2.061190E+01	
183	-4.529456E+01	4.504175E+00	-1.499143E+01	
184	-7.420027E+01	-3.054616E+01	1.853552E+01	
185	-5.477666E+01	-1.869410E+00	-1.449027E+01	
186	-8.125569E+01	-3.416276E+01	2.214332E+01	
187	-5.949358E+01	-6.284777E+00	-8.966544E+00	
188	-8.948648E+01	-3.598494E+01	2.460426E+01	
189	-6.565534E+01	-7.885651E+00	-6.095812E+00	
190	-9.628991E+01	-3.622569E+01	2.921270E+01	
191	-7.485243E+01	-7.375869E+00	-3.356123E+00	
192	-1.055921E+02	-3.528672E+01	3.203988E+01	
193	-8.487817E+01	-9.333369E-01	-8.407412E+00	
194	-1.161411E+02	-4.252538E+01	3.272210E+01	
195	-8.887094E+01	-8.697403E+00	-4.728081E+00	
196	-1.225540E+02	-4.310909E+01	3.738723E+01	
197	-9.147359E+01	-6.375179E+00	-2.772463E+00	
198	-1.299421E+02	-4.147201E+01	3.998644E+01	
199	-9.456347E+01	-1.427658E+00	-3.274022E+00	
200	-1.379878E+02	-3.929031E+01	3.896165E+01	
201	-9.663497E+01	2.740192E+00	-4.985567E+00	
202	-1.441270E+02	-3.407998E+01	3.684335E+01	
203	-9.872376E+01	6.850696E+00	-4.176371E+00	
204	-1.484996E+02	-1.871508E+01	3.670597E+01	
205	-1.026542E+02	2.288235E+01	-5.086916E+00	
206	-1.571600E+02	1.189628E+00	3.531745E+01	
207	-1.090576E+02	4.289707E+01	-5.846637E+00	
208	-1.729807E+02	1.898204E+01	3.667205E+01	
209	-1.097582E+02	6.599921E+01	-6.619242E+00	
210	-2.013955E+02	1.935031E+01	4.788414E+01	
211	-1.007647E+02	7.550661E+01	4.870752E+00	
212	-2.506545E+02	6.371727E-02	8.633446E+01	
213	-7.549700E+01	8.542617E+01	2.862815E+01	
214	-3.482415E+02	-2.162491E+01	1.620095E+02	
215	-1.883986E+01	1.264810E+02	7.071230E+01	
216	-5.557024E+02	1.659991E+02	2.751092E+02	
217	-8.244346E+00	-1.100372E+02	-5.773380E+00	
218	-9.933005E+00	-6.730171E+01	-9.861804E+00	
219	3.173299E+00	-7.656514E+01	7.512578E+00	
220	-9.497152E-01	-4.567623E+01	7.429418E+00	
221	1.358030E+01	-4.432217E+01	1.058010E+01	
222	3.437495E+00	-3.011222E+01	1.601387E+01	
223	2.265132E+01	-1.926440E+01	7.626999E+00	
224	5.529061E+00	-2.110636E+01	1.873068E+01	
225	2.992414E+01	-2.832149E+00	1.842812E+00	
226	6.406377E+00	-1.707070E+01	1.845408E+01	
227	3.356963E+01	5.688897E+00	-3.691346E+00	
228	5.849397E+00	-1.436162E+01	1.761859E+01	
229	3.105407E+01	1.119109E+01	-9.076191E+00	
230	1.769305E+00	-1.248166E+01	1.567281E+01	
231	2.335053E+01	1.610608E+01	-1.648277E+01	
232	-6.960029E+00	-1.589259E+01	1.061960E+01	
233	1.493854E+01	1.398770E+01	-2.321838E+01	
234	-1.596217E+01	-2.259180E+01	6.799397E+00	
235	1.864461E+00	2.102782E+00	-2.125935E+01	
236	-2.295420E+01	-1.898665E+01	1.044934E+01	
237	-1.218806E+01	9.976535E+00	-2.596888E+01	
238	-3.832169E+01	-2.688908E+01	5.536083E+00	
239	-2.271299E+01	-3.519202E-02	-2.628247E+01	
240	-4.570154E+01	-3.139832E+01	8.305218E+00	
241	-2.604762E+01	-4.398291E+00	-2.231665E+01	
242	-5.251146E+01	-3.295373E+01	9.939533E+00	
243	-2.872823E+01	-5.305702E+00	-2.015141E+01	
244	-5.631470E+01	-3.198920E+01	1.519108E+01	
245	-3.673374E+01	-4.352272E+00	-1.633829E+01	
246	-6.359526E+01	-2.743348E+01	1.918676E+01	
247	-4.923481E+01	6.265606E+00	-2.255017E+01	
248	-7.721378E+01	-3.796742E+01	1.503057E+01	
249	-5.039750E+01	-5.290300E+00	-2.098125E+01	
250	-7.894296E+01	-3.644879E+01	1.863500E+01	
251	-4.710118E+01	2.776521E-01	-2.124887E+01	
252	-8.095173E+01	-3.169332E+01	2.057168E+01	
253	-4.726435E+01	7.872256E+00	-2.261216E+01	
254	-8.552497E+01	-2.703300E+01	1.811366E+01	
255	-4.909328E+01	1.332342E+01	-2.521462E+01	
256	-8.983851E+01	-2.239310E+01	1.313177E+01	
257	-4.526356E+01	1.608623E+01	-2.477882E+01	
258	-8.837091E+01	-5.014891E+00	1.427849E+01	
259	-3.896245E+01	3.708966E+01	-2.698116E+01	
260	-9.048623E+01	1.479799E+01	1.457554E+01	
261	-3.625700E+01	5.904402E+01	-2.798413E+01	
262	-9.644203E+01	3.237007E+01	1.528128E+01	
263	-2.817486E+01	8.695746E+01	-3.675425E+01	
264	-1.054324E+02	2.902685E+01	1.216974E+01	
265	-1.666565E+01	8.263005E+01	-3.140886E+01	
266	-1.018111E+02	3.283462E+01	1.818616E+01	
267	-2.903549E+00	8.090082E+01	-1.420964E+01	
268	-7.914976E+01	8.623675E+01	2.328483E+01	
269	1.357703E+01	1.119477E+02	1.973443E+01	
270	-2.145826E+01	2.714405E+02	1.692426E+01	
271	-7.235592E+00	-1.356484E+02	-1.635274E+01	
272	-1.130335E+01	-7.802801E+01	-2.108945E+01	
273	1.320174E+01	-8.201831E+01	-7.078451E+00	
274	2.345258E+00	-4.614254E+01	-4.162018E+00	
275	3.161609E+01	-3.622084E+01	-7.785203E+00	
276	1.259788E+01	-2.572399E+01	2.782958E+00	
277	4.658442E+01	-6.301459E+00	-1.237743E+01	
278	2.107579E+01	-1.515099E+01	4.019945E+00	
279	5.871774E+01	1.037448E+01	-1.833424E+01	
280	2.833904E+01	-1.199386E+01	2.816065E+00	
281	6.869221E+01	1.623732E+01	-2.235137E+01	
282	3.494157E+01	-9.408287E+00	3.433848E+00	
283	7.190440E+01	2.018925E+01	-2.479944E+01	
284	3.718973E+01	-5.103944E+00	5.067280E+00	
285	6.158922E+01	2.569704E+01	-2.918116E+01	
286	2.884686E+01	-9.393851E+00	-4.172413E-02	
287	4.997880E+01	2.139835E+01	-3.540791E+01	
288	1.822486E+01	-2.150493E+01	-6.381992E+00	
289	4.025466E+01	1.655605E+00	-3.086013E+01	
290	1.599830E+01	-1.202740E+01	3.220571E+00	
291	1.919821E+01	1.656707E+01	-3.530528E+01	
292	-6.561910E+00	-2.372657E+01	-6.509475E+00	
293	7.123853E+00	1.708676E+00	-3.702831E+01	
294	-1.449659E+01	-2.851457E+01	-5.039577E+00	
295	5.282864E+00	-1.445659E+00	-3.571276E+01	
296	-2.027247E+01	-3.052373E+01	-5.271945E+00	
297	7.814813E+00	-1.622516E+00	-3.561053E+01	
298	-2.035006E+01	-2.991082E+01	-2.538013E-02	
299	6.506745E+00	-1.180013E+00	-3.055440E+01	
300	-2.136027E+01	-1.795825E+01	9.678043E+00	
301	-1.850759E+01	1.442321E+01	-3.422008E+01	
302	-4.493866E+01	-3.308441E+01	-2.979428E+00	
303	-1.643192E+01	-1.259299E+00	-3.722611E+01	
304	-4.235679E+01	-2.976705E+01	-1.367353E+00	
305	-3.357663E+00	9.352201E+00	-4.209390E+01	
306	-3.750409E+01	-2.292218E+01	8.018644E-02	
307	3.439994E+00	1.889735E+01	-4.371372E+01	
308	-3.616602E+01	-1.285681E+01	-5.605999E-02	
309	-1.162560E+01	2.419551E+01	-4.291943E+01	
310	-4.569562E+01	-1.073024E+01	-1.218234E+01	
311	-1.299423E-02	2.543403E+01	-4.649926E+01	
312	-3.767051E+01	9.363242E+00	-1.192823E+01	
313	2.101112E+01	5.478654E+01	-5.458110E+01	
314	-3.092413E+01	2.917665E+01	-1.310180E+01	
315	3.851529E+01	7.771475E+01	-5.634965E+01	
316	-2.468121E+01	5.493402E+01	-1.051730E+01	
317	4.841839E+01	1.191627E+02	-7.424987E+01	
318	-2.977089E+01	4.677706E+01	-2.506302E+01	
319	3.627048E+01	9.058200E+01	-6.292715E+01	
320	-2.215154E+01	5.318064E+01	-2.882217E+01	
321	2.967423E+01	7.182406E+01	-3.672932E+01	
322	-3.374428E+00	1.028522E+02	-2.245797E+01	
323	1.845037E+01	8.435557E+01	1.073119E+01	
324	1.929788E+01	1.994661E+02	-2.619507E+00	
325	4.210745E+00	-1.257028E+02	-4.258110E+01	
326	-1.152410E+01	-8.271554E+01	-4.061248E+01	
327	4.266456E+01	-7.202062E+01	-3.668543E+01	
328	1.158970E+01	-4.140590E+01	-2.336559E+01	
329	6.725529E+01	-1.610744E+01	-3.916793E+01	
330	2.909272E+01	-1.851899E+01	-1.740798E+01	
331	8.372352E+01	1.236612E+01	-4.131125E+01	
332	4.387796E+01	-7.156339E+00	-1.583286E+01	
333	9.340187E+01	2.559015E+01	-4.408355E+01	
334	5.506424E+01	-6.191093E+00	-1.766596E+01	
335	1.040857E+02	2.626287E+01	-4.568491E+01	
336	6.615160E+01	-8.158299E+00	-1.743144E+01	
337	1.259707E+02	2.823703E+01	-4.717791E+01	
338	8.002382E+01	1.613619E-01	-6.615068E+00	
339	1.108732E+02	3.372249E+01	-4.245631E+01	
340	7.227229E+01	1.011226E+00	-5.832330E+00	
341	7.106207E+01	2.723053E+01	-4.259213E+01	
342	4.530156E+01	-2.619227E+01	-2.542270E+01	
343	9.027465E+01	-1.124064E+00	-4.460580E+01	
344	6.229456E+01	-2.509529E+00	1.128496E+00	
345	4.586648E+01	2.323468E+01	-4.023866E+01	
346	2.250644E+01	-2.012656E+01	-1.802336E+01	
347	3.280831E+01	2.842577E+00	-4.629436E+01	
348	1.370009E+01	-2.482195E+01	-1.873362E+01	
349	3.470994E+01	2.710032E+00	-4.962472E+01	
350	1.010669E+01	-2.584625E+01	-2.058282E+01	
351	3.573646E+01	3.185137E+00	-5.195257E+01	
352	8.927107E+00	-3.387392E+01	-2.290938E+01	
353	7.079945E+01	2.932902E+00	-5.251494E+01	
354	3.391367E+01	-3.426773E+00	8.209795E+00	
355	-3.751476E-01	2.056107E+01	-3.690045E+01	
356	-2.019231E+01	-2.686300E+01	-2.226915E+01	
357	1.116924E+01	3.697793E+00	-5.377519E+01	
358	-1.090532E+01	-2.018321E+01	-2.301761E+01	
359	3.220838E+01	2.185991E+01	-6.637126E+01	
360	-1.627760E+00	-2.069995E+01	-2.929758E+01	
361	8.298657E+01	3.308210E+01	-7.456303E+01	
362	2.782146E+01	9.516385E+00	-6.674159E+00	
363	-6.822349E+00	2.859235E+01	-4.510207E+01	
364	-1.574834E+01	3.101138E+00	-4.133451E+01	
365	3.340748E+01	3.644554E+01	-7.054128E+01	
366	3.984976E+00	2.967461E+01	-4.242540E+01	
367	6.690940E+01	7.997186E+01	-9.036509E+01	
368	1.813246E+01	4.005074E+01	-5.347196E+01	
369	1.288173E+02	1.008009E+02	-9.937320E+01	
370	4.806470E+01	7.116752E+01	-4.084837E+01	
371	1.861062E+02	1.706428E+02	-1.309548E+02	
372	5.178001E+01	5.190974E+01	-4.631915E+01	
373	8.868414E+01	8.001977E+01	-7.251035E+01	
374	3.987790E+01	5.050362E+01	-4.405895E+01	
375	2.499558E+01	3.718181E+01	-3.074447E+01	
376	2.979958E+01	6.808269E+01	-3.526104E+01	
377	3.814345E+01	2.262184E+01	3.063519E+01	
378	3.899043E+01	1.525051E+02	1.561848E+01	
379	-2.869298E+00	-3.245185E+00	6.246217E-01	
380	-2.698560E+00	-3.105253E+00	5.402446E-01	
381	-1.061820E+01	-1.311171E+01	8.054351E+00	
382	-5.876334E+00	-1.226207E+01	7.655413E+00	
383	-1.428038E+01	-2.796057E+01	1.387148E+01	
384	-1.083496E+01	-3.100793E+01	1.654257E+01	
385	-1.543663E+01	-4.688009E+01	1.742848E+01	
386	-1.675264E+01	-5.612572E+01	2.551364E+01	
387	-1.513770E+01	-6.783362E+01	1.922361E+01	
388	-2.272539E+01	-8.315865E+01	3.367494E+01	
389	-1.419154E+01	-8.851195E+01	1.999414E+01	
390	-2.810643E+01	-1.085836E+02	4.054231E+01	
391	-1.293986E+01	-1.069826E+02	2.007484E+01	
392	-3.236608E+01	-1.297475E+02	4.577115E+01	
393	-1.151874E+01	-1.218409E+02	1.961307E+01	
394	-3.522266E+01	-1.452266E+02	4.901316E+01	
395	-1.068013E+01	-1.326899E+02	1.933490E+01	
396	-3.692053E+01	-1.550589E+02	5.083342E+01	
397	-1.123962E+01	-1.411203E+02	2.006129E+01	
398	-3.798916E+01	-1.612736E+02	5.294167E+01	
399	-1.077627E+01	-1.478271E+02	1.987674E+01	
400	-3.793898E+01	-1.655816E+02	5.332342E+01	
401	-1.197669E+01	-1.542210E+02	2.126948E+01	
402	-3.667510E+01	-1.683512E+02	5.358876E+01	
403	-1.573554E+01	-1.654881E+02	2.555700E+01	
404	-4.031295E+01	-1.840950E+02	5.765323E+01	
405	-1.777932E+01	-1.766187E+02	2.900690E+01	
406	-4.309016E+01	-1.956383E+02	6.200210E+01	
407	-1.957044E+01	-1.893854E+02	3.156562E+01	
408	-4.708273E+01	-2.102689E+02	6.765054E+01	
409	-1.846332E+01	-2.006823E+02	3.130228E+01	
410	-4.670716E+01	-2.170509E+02	6.931241E+01	
411	-2.211502E+01	-2.166971E+02	3.534810E+01	
412	-5.077045E+01	-2.367357E+02	7.525572E+01	
413	-2.419638E+01	-2.335775E+02	3.951759E+01	
414	-5.517944E+01	-2.582808E+02	8.127656E+01	
415	-2.523714E+01	-2.492219E+02	4.291073E+01	
416	-5.944535E+01	-2.795485E+02	8.644762E+01	
417	-2.565153E+01	-2.621121E+02	4.564041E+01	
418	-6.290070E+01	-2.981989E+02	9.068672E+01	
419	-2.486011E+01	-2.716739E+02	4.713781E+01	
420	-6.435354E+01	-3.135636E+02	9.304709E+01	
421	-2.020109E+01	-2.754568E+02	4.503746E+01	
422	-6.043678E+01	-3.208852E+02	8.908485E+01	
423	-1.096145E+01	-2.700554E+02	3.809871E+01	
424	-4.696527E+01	-3.109622E+02	7.334144E+01	
425	2.583019E+00	-2.518556E+02	2.511945E+01	
426	-2.441794E+01	-2.728848E+02	4.003157E+01	
427	1.487815E+01	-2.128296E+02	6.349163E+00	
428	-8.216930E+00	-1.966724E+02	-8.240728E+00	
429	1.213297E+01	-1.256465E+02	-1.186942E+01	
430	-1.000801E+01	-8.962210E+01	-3.700867E+01	
431	-1.882232E+01	-2.344353E+01	-1.890924E+00	
432	-6.510680E+00	-1.237158E+01	-8.553343E+00	
433	-1.598360E+01	-1.784502E+00	2.432046E+00	
434	-1.668216E+01	-4.393050E+00	3.813486E+00	
435	-2.388671E+01	-7.979714E+00	1.255814E+01	
436	-1.840773E+01	-1.069761E+01	1.409551E+01	
437	-2.413361E+01	-1.714950E+01	1.979906E+01	
438	-2.009894E+01	-2.244791E+01	2.352522E+01	
439	-2.135233E+01	-2.905344E+01	2.297681E+01	
440	-2.244142E+01	-3.908448E+01	3.065795E+01	
441	-1.768956E+01	-4.310038E+01	2.268251E+01	
442	-2.520341E+01	-5.858117E+01	3.553056E+01	
443	-1.417440E+01	-5.825072E+01	2.035834E+01	
444	-2.783342E+01	-7.850522E+01	3.858409E+01	
445	-1.094797E+01	-7.329048E+01	1.698455E+01	
446	-2.996964E+01	-9.672884E+01	4.017962E+01	
447	-8.001836E+00	-8.680988E+01	1.316167E+01	
448	-3.186412E+01	-1.118230E+02	4.053794E+01	
449	-6.577683E+00	-9.802937E+01	1.026311E+01	
450	-3.361641E+01	-1.229979E+02	4.070419E+01	
451	-7.638828E+00	-1.081317E+02	9.843317E+00	
452	-3.406311E+01	-1.308657E+02	4.217260E+01	
453	-6.412919E+00	-1.165866E+02	8.790929E+00	
454	-3.510731E+01	-1.376564E+02	4.239200E+01	
455	-8.620639E+00	-1.247114E+02	1.015854E+01	
456	-3.623384E+01	-1.430356E+02	4.516699E+01	
457	-1.255718E+01	-1.327547E+02	1.590885E+01	
458	-3.913090E+01	-1.549137E+02	4.830882E+01	
459	-1.489405E+01	-1.427979E+02	1.890817E+01	
460	-4.146666E+01	-1.654414E+02	5.269539E+01	
461	-1.596825E+01	-1.537495E+02	2.140084E+01	
462	-4.346965E+01	-1.773735E+02	5.648391E+01	
463	-1.386460E+01	-1.655990E+02	1.952501E+01	
464	-4.606775E+01	-1.868691E+02	5.999978E+01	
465	-1.799346E+01	-1.768998E+02	2.453757E+01	
466	-4.957161E+01	-2.016489E+02	6.570639E+01	
467	-1.938936E+01	-1.888704E+02	2.829654E+01	
468	-5.265320E+01	-2.182458E+02	7.061353E+01	
469	-1.904677E+01	-1.996660E+02	3.046341E+01	
470	-5.498830E+01	-2.344476E+02	7.368316E+01	
471	-1.811027E+01	-2.086140E+02	3.150953E+01	
472	-5.473612E+01	-2.481051E+02	7.511966E+01	
473	-1.555660E+01	-2.168721E+02	3.162734E+01	
474	-4.815212E+01	-2.586137E+02	7.329800E+01	
475	-7.145692E+00	-2.256874E+02	2.785557E+01	
476	-3.213648E+01	-2.650467E+02	6.359642E+01	
477	6.702494E+00	-2.373766E+02	1.933792E+01	
478	-4.269272E+00	-2.650726E+02	4.268918E+01	
479	2.506735E+01	-2.558319E+02	5.226536E+00	
480	2.936622E+01	-2.580227E+02	7.304575E+00	
481	3.989676E+01	-2.863592E+02	-1.709743E+01	
482	4.017098E+01	-2.440390E+02	-4.566136E+01	
483	3.368041E+01	-3.107754E+02	-5.975694E+01	
484	-3.866438E+01	-2.135736E+02	-1.161619E+02	
485	-2.568433E+01	-8.896098E+01	-9.103275E+01	
486	-7.151998E+01	-9.629351E+01	-8.462817E+01	
487	-4.037438E+01	-2.258960E+00	2.269598E+00	
488	-3.305303E+01	-5.613887E+00	3.030989E+00	
489	-4.120655E+01	-3.482481E+00	1.506912E+01	
490	-3.006160E+01	-6.902740E+00	1.618742E+01	
491	-3.446865E+01	-7.027020E+00	2.225271E+01	
492	-2.693625E+01	-1.342381E+01	2.593277E+01	
493	-2.536725E+01	-1.233570E+01	2.413461E+01	
494	-2.524678E+01	-2.367112E+01	3.178430E+01	
495	-1.706578E+01	-1.949335E+01	2.189082E+01	
496	-2.499552E+01	-3.645841E+01	3.441663E+01	
497	-1.076347E+01	-2.867577E+01	1.738425E+01	
498	-2.535941E+01	-5.056931E+01	3.487562E+01	
499	-5.891013E+00	-3.955602E+01	1.170273E+01	
500	-2.600388E+01	-6.488385E+01	3.384598E+01	
501	-1.922762E+00	-5.073405E+01	5.366771E+00	
502	-2.770043E+01	-7.830968E+01	3.175897E+01	
503	-7.813210E-01	-6.120895E+01	3.665421E-01	
504	-3.009739E+01	-8.945005E+01	3.029280E+01	
505	-3.575904E+00	-7.254499E+01	-6.171610E-01	
506	-3.004399E+01	-9.817909E+01	3.139042E+01	
507	-1.417719E+00	-8.232248E+01	-2.800189E+00	
508	-3.278822E+01	-1.072047E+02	3.092086E+01	
509	-5.252912E+00	-9.125908E+01	-1.725286E+00	
510	-3.537944E+01	-1.137589E+02	3.459863E+01	
511	-9.490009E+00	-9.748885E+01	4.344984E+00	
512	-3.767313E+01	-1.235023E+02	3.742364E+01	
513	-1.157556E+01	-1.059205E+02	7.335423E+00	
514	-3.911844E+01	-1.323547E+02	4.176457E+01	
515	-1.189809E+01	-1.158329E+02	9.753367E+00	
516	-3.988141E+01	-1.428580E+02	4.477103E+01	
517	-8.133538E+00	-1.265342E+02	6.416013E+00	
518	-4.474799E+01	-1.528711E+02	4.785334E+01	
519	-1.359135E+01	-1.341061E+02	1.116249E+01	
520	-4.708325E+01	-1.634999E+02	5.317555E+01	
521	-1.353766E+01	-1.415086E+02	1.428874E+01	
522	-4.812861E+01	-1.754358E+02	5.686127E+01	
523	-1.121077E+01	-1.481748E+02	1.512598E+01	
524	-4.810436E+01	-1.871974E+02	5.780080E+01	
525	-8.698799E+00	-1.537180E+02	1.476830E+01	
526	-4.424579E+01	-1.966436E+02	5.714310E+01	
527	-4.831818E+00	-1.607403E+02	1.493613E+01	
528	-3.104231E+01	-2.041556E+02	5.461160E+01	
529	7.333694E+00	-1.720715E+02	1.252326E+01	
530	-7.839475E+00	-2.124306E+02	4.647017E+01	
531	2.480898E+01	-1.920048E+02	8.287474E+00	
532	2.586417E+01	-2.230222E+02	3.260336E+01	
533	4.600026E+01	-2.268640E+02	3.364777E+00	
534	6.579476E+01	-2.400636E+02	1.298913E+01	
535	6.082896E+01	-2.978630E+02	-1.282948E-01	
536	1.031017E+02	-2.703700E+02	-1.680696E+01	
537	6.044063E+01	-4.619312E+02	-2.396285E+01	
538	7.805710E+01	-3.252920E+02	-9.523412E+01	
539	-8.459901E+00	-9.312052E+02	-1.849796E+02	
540	-4.667514E+02	-4.039722E+02	-3.750177E+02	
541	-7.372023E+01	-4.479633E+00	-8.265628E-02	
542	-5.115497E+01	-8.001864E+00	-1.959948E+00	
543	-6.074213E+01	1.317416E-01	1.414219E+01	
544	-4.006573E+01	-4.029140E+00	1.391673E+01	
545	-4.265241E+01	3.180971E+00	1.999729E+01	
546	-3.087042E+01	-5.148160E+00	2.361178E+01	
547	-2.542611E+01	5.081741E+00	1.960560E+01	
548	-2.512240E+01	-9.394104E+00	2.812696E+01	
549	-1.218226E+01	5.345727E+00	1.529261E+01	
550	-2.237286E+01	-1.559579E+01	2.912924E+01	
551	-3.657956E+00	2.671404E+00	9.510240E+00	
552	-2.092543E+01	-2.339511E+01	2.822017E+01	
553	2.227510E+00	-3.755537E+00	2.925643E+00	
554	-2.041738E+01	-3.299027E+01	2.582961E+01	
555	6.830877E+00	-1.242877E+01	-4.822869E+00	
556	-2.267322E+01	-4.397943E+01	2.190854E+01	
557	6.776450E+00	-2.159046E+01	-1.116309E+01	
558	-2.658452E+01	-5.413824E+01	1.909527E+01	
559	5.288648E-01	-3.390675E+01	-1.148448E+01	
560	-2.553056E+01	-6.270996E+01	2.061194E+01	
561	4.504150E+00	-4.529467E+01	-1.499143E+01	
562	-3.054623E+01	-7.420041E+01	1.853555E+01	
563	-1.869451E+00	-5.477678E+01	-1.449028E+01	
564	-3.416282E+01	-8.125583E+01	2.214334E+01	
565	-6.284818E+00	-5.949369E+01	-8.966550E+00	
566	-3.598499E+01	-8.948660E+01	2.460427E+01	
567	-7.885680E+00	-6.565545E+01	-6.095811E+00	
568	-3.622573E+01	-9.629002E+01	2.921272E+01	
569	-7.375891E+00	-7.485253E+01	-3.356111E+00	
570	-3.528676E+01	-1.055923E+02	3.203991E+01	
571	-9.333545E-01	-8.487827E+01	-8.407406E+00	
572	-4.252544E+01	-1.161412E+02	3.272213E+01	
573	-8.697445E+00	-8.887104E+01	-4.728072E+00	
574	-4.310913E+01	-1.225541E+02	3.738725E+01	
575	-6.375219E+00	-9.147368E+01	-2.772444E+00	
576	-4.147206E+01	-1.299422E+02	3.998647E+01	
577	-1.427691E+00	-9.456355E+01	-3.274004E+00	
578	-3.929035E+01	-1.379879E+02	3.896168E+01	
579	2.740164E+00	-9.663504E+01	-4.985559E+00	
580	-3.408002E+01	-1.441270E+02	3.684337E+01	
581	6.850660E+00	-9.872385E+01	-4.176366E+00	
582	-1.871510E+01	-1.484997E+02	3.670597E+01	
583	2.288232E+01	-1.026543E+02	-5.086912E+00	
584	1.189613E+00	-1.571601E+02	3.531745E+01	
585	4.289704E+01	-1.090577E+02	-5.846624E+00	
586	1.898203E+01	-1.729807E+02	3.667206E+01	
587	6.599918E+01	-1.097583E+02	-6.619216E+00	
588	1.935031E+01	-2.013956E+02	4.788417E+01	
589	7.550659E+01	-1.007648E+02	4.870801E+00	
590	6.367946E-02	-2.506546E+02	8.633454E+01	
591	8.542615E+01	-7.549707E+01	2.862822E+01	
592	-2.162503E+01	-3.482417E+02	1.620096E+02	
593	1.264810E+02	-1.883988E+01	7.071236E+01	
594	1.659989E+02	-5.557028E+02	2.751094E+02	
595	-1.100368E+02	-8.244318E+00	-5.773324E+00	
596	-6.730145E+01	-9.932967E+00	-9.861744E+00	
597	-7.656485E+01	3.173324E+00	7.512604E+00	
598	-4.567604E+01	-9.497117E-01	7.429461E+00	
599	-4.432195E+01	1.358031E+01	1.058011E+01	
600	-3.011209E+01	3.437484E+00	1.601390E+01	
601	-1.926425E+01	2.265131E+01	7.627008E+00	
602	-2.110628E+01	5.529027E+00	1.873070E+01	
603	-2.832050E+00	2.992411E+01	1.842819E+00	
604	-1.707066E+01	6.406319E+00	1.845410E+01	
605	5.688951E+00	3.356958E+01	-3.691335E+00	
606	-1.436161E+01	5.849321E+00	1.761861E+01	
607	1.119111E+01	3.105399E+01	-9.076179E+00	
608	-1.248167E+01	1.769207E+00	1.567283E+01	
609	1.610608E+01	2.335044E+01	-1.648275E+01	
610	-1.589262E+01	-6.960142E+00	1.061963E+01	
611	1.398768E+01	1.493845E+01	-2.321837E+01	
612	-2.259186E+01	-1.596229E+01	6.799428E+00	
613	2.102741E+00	1.864372E+00	-2.125934E+01	
614	-1.898670E+01	-2.295431E+01	1.044938E+01	
615	9.976516E+00	-1.218815E+01	-2.596888E+01	
616	-2.688915E+01	-3.832181E+01	5.536099E+00	
617	-3.523538E-02	-2.271308E+01	-2.628248E+01	
618	-3.139839E+01	-4.570165E+01	8.305225E+00	
619	-4.398339E+00	-2.604772E+01	-2.231666E+01	
620	-3.295379E+01	-5.251156E+01	9.939539E+00	
621	-5.305745E+00	-2.872831E+01	-2.015142E+01	
622	-3.198925E+01	-5.631480E+01	1.519110E+01	
623	-4.352314E+00	-3.673383E+01	-1.633828E+01	
624	-2.743352E+01	-6.359536E+01	1.918679E+01	
625	6.265585E+00	-4.923488E+01	-2.255017E+01	
626	-3.796748E+01	-7.721387E+01	1.503059E+01	
627	-5.290352E+00	-5.039758E+01	-2.098124E+01	
628	-3.644884E+01	-7.894305E+01	1.863502E+01	
629	2.776079E-01	-4.710126E+01	-2.124885E+01	
630	-3.169338E+01	-8.095182E+01	2.057171E+01	
631	7.872210E+00	-4.726442E+01	-2.261214E+01	
632	-2.703305E+01	-8.552505E+01	1.811368E+01	
633	1.332339E+01	-4.909337E+01	-2.521461E+01	
634	-2.239314E+01	-8.983860E+01	1.313177E+01	
635	1.608619E+01	-4.526366E+01	-2.477881E+01	
636	-5.014924E+00	-8.837100E+01	1.427849E+01	
637	3.708962E+01	-3.896255E+01	-2.698115E+01	
638	1.479797E+01	-9.048631E+01	1.457554E+01	
639	5.904399E+01	-3.625711E+01	-2.798411E+01	
640	3.237006E+01	-9.644212E+01	1.528129E+01	
641	8.695744E+01	-2.817494E+01	-3.675422E+01	
642	2.902684E+01	-1.054325E+02	1.216977E+01	
643	8.263003E+01	-1.666572E+01	-3.140882E+01	
644	3.283458E+01	-1.018112E+02	1.818621E+01	
645	8.090080E+01	-2.903581E+00	-1.420960E+01	
646	8.623669E+01	-7.914983E+01	2.328490E+01	
647	1.119477E+02	1.357701E+01	1.973446E+01	
648	2.714405E+02	-2.145830E+01	1.692430E+01	
649	-1.356479E+02	-7.235535E+00	-1.635267E+01	
650	-7.802768E+01	-1.130330E+01	-2.108936E+01	
651	-8.201794E+01	1.320178E+01	-7.078413E+00	
652	-4.614231E+01	2.345289E+00	-4.161964E+00	
653	-3.622060E+01	3.161611E+01	-7.785176E+00	
654	-2.572383E+01	1.259789E+01	2.782992E+00	
655	-6.301299E+00	4.658443E+01	-1.237741E+01	
656	-1.515089E+01	2.107578E+01	4.019974E+00	
657	1.037458E+01	5.871772E+01	-1.833423E+01	
658	-1.199380E+01	2.833902E+01	2.816088E+00	
659	1.623738E+01	6.869218E+01	-2.235136E+01	
660	-9.408268E+00	3.494151E+01	3.433870E+00	
661	2.018927E+01	7.190434E+01	-2.479943E+01	
662	-5.103957E+00	3.718966E+01	5.067302E+00	
663	2.569704E+01	6.158915E+01	-2.918115E+01	
664	-9.393883E+00	2.884677E+01	-4.169711E-02	
665	2.139835E+01	4.997875E+01	-3.540791E+01	
666	-2.150500E+01	1.822477E+01	-6.381971E+00	
667	1.655548E+00	4.025460E+01	-3.086012E+01	
668	-1.202745E+01	1.599823E+01	3.220608E+00	
669	1.656706E+01	1.919814E+01	-3.530529E+01	
670	-2.372665E+01	-6.562005E+00	-6.509465E+00	
671	1.708620E+00	7.123773E+00	-3.702833E+01	
672	-2.851465E+01	-1.449669E+01	-5.039572E+00	
673	-1.445721E+00	5.282787E+00	-3.571277E+01	
674	-3.052380E+01	-2.027256E+01	-5.271939E+00	
675	-1.622572E+00	7.814746E+00	-3.561053E+01	
676	-2.991089E+01	-2.035013E+01	-2.536973E-02	
677	-1.180071E+00	6.506682E+00	-3.055439E+01	
678	-1.795830E+01	-2.136035E+01	9.678071E+00	
679	1.442319E+01	-1.850765E+01	-3.422008E+01	
680	-3.308446E+01	-4.493874E+01	-2.979418E+00	
681	-1.259356E+00	-1.643200E+01	-3.722610E+01	
682	-2.976710E+01	-4.235687E+01	-1.367335E+00	
683	9.352157E+00	-3.357733E+00	-4.209389E+01	
684	-2.292223E+01	-3.750417E+01	8.020762E-02	
685	1.889730E+01	3.439922E+00	-4.371370E+01	
686	-1.285685E+01	-3.616609E+01	-5.603638E-02	
687	2.419549E+01	-1.162569E+01	-4.291943E+01	
688	-1.073027E+01	-4.569570E+01	-1.218234E+01	
689	2.543399E+01	-1.309642E-02	-4.649925E+01	
690	9.363226E+00	-3.767060E+01	-1.192823E+01	
691	5.478651E+01	2.101102E+01	-5.458109E+01	
692	2.917666E+01	-3.092422E+01	-1.310179E+01	
693	7.771474E+01	3.851518E+01	-5.634962E+01	
694	5.493404E+01	-2.468130E+01	-1.051728E+01	
695	1.191627E+02	4.841830E+01	-7.424985E+01	
696	4.677705E+01	-2.977098E+01	-2.506300E+01	
697	9.058199E+01	3.627042E+01	-6.292713E+01	
698	5.318061E+01	-2.215161E+01	-2.882214E+01	
699	7.182404E+01	2.967419E+01	-3.672929E+01	
700	1.028522E+02	-3.374468E+00	-2.245794E+01	
701	8.435557E+01	1.845037E+01	1.073121E+01	
702	1.994661E+02	1.929786E+01	-2.619488E+00	
703	-1.257023E+02	4.210788E+00	-4.258100E+01	
704	-8.271517E+01	-1.152404E+01	-4.061237E+01	
705	-7.202023E+01	4.266456E+01	-3.668536E+01	
706	-4.140566E+01	1.158972E+01	-2.336553E+01	
707	-1.610720E+01	6.725528E+01	-3.916788E+01	
708	-1.851884E+01	2.909273E+01	-1.740794E+01	
709	1.236627E+01	8.372352E+01	-4.131121E+01	
710	-7.156232E+00	4.387796E+01	-1.583282E+01	
711	2.559026E+01	9.340186E+01	-4.408352E+01	
712	-6.191032E+00	5.506423E+01	-1.766593E+01	
713	2.626293E+01	1.040856E+02	-4.568489E+01	
714	-8.158283E+00	6.615156E+01	-1.743141E+01	
715	2.823705E+01	1.259706E+02	-4.717789E+01	
716	1.613454E-01	8.002375E+01	-6.615051E+00	
717	3.372248E+01	1.108732E+02	-4.245630E+01	
718	1.011199E+00	7.227222E+01	-5.832302E+00	
719	2.723053E+01	7.106203E+01	-4.259214E+01	
720	-2.619236E+01	4.530148E+01	-2.542269E+01	
721	-1.124144E+00	9.027462E+01	-4.460579E+01	
722	-2.509569E+00	6.229453E+01	1.128537E+00	
723	2.323468E+01	4.586645E+01	-4.023869E+01	
724	-2.012665E+01	2.250636E+01	-1.802336E+01	
725	2.842506E+00	3.280825E+01	-4.629437E+01	
726	-2.482204E+01	1.370002E+01	-1.873361E+01	
727	2.709955E+00	3.470988E+01	-4.962473E+01	
728	-2.584632E+01	1.010662E+01	-2.058281E+01	
729	3.185073E+00	3.573640E+01	-5.195258E+01	
730	-3.387400E+01	8.927039E+00	-2.290938E+01	
731	2.932821E+00	7.079941E+01	-5.251493E+01	
732	-3.426805E+00	3.391363E+01	8.209827E+00	
733	2.056106E+01	-3.751991E-01	-3.690046E+01	
734	-2.686306E+01	-2.019238E+01	-2.226915E+01	
735	3.697731E+00	1.116918E+01	-5.377518E+01	
736	-2.018327E+01	-1.090539E+01	-2.301759E+01	
737	2.185986E+01	3.220831E+01	-6.637125E+01	
738	-2.070001E+01	-1.627835E+00	-2.929757E+01	
739	3.308205E+01	8.298651E+01	-7.456302E+01	
740	9.516358E+00	2.782140E+01	-6.674133E+00	
741	2.859234E+01	-6.822422E+00	-4.510207E+01	
742	3.101108E+00	-1.574842E+01	-4.133450E+01	
743	3.644550E+01	3.340739E+01	-7.054126E+01	
744	2.967460E+01	3.984891E+00	-4.242537E+01	
745	7.997184E+01	6.690929E+01	-9.036505E+01	
746	4.005075E+01	1.813238E+01	-5.347193E+01	
747	1.008009E+02	1.288172E+02	-9.937315E+01	
748	7.116753E+01	4.806461E+01	-4.084833E+01	
749	1.706428E+02	1.861061E+02	-1.309547E+02	
750	5.190972E+01	5.177992E+01	-4.631913E+01	
751	8.001974E+01	8.868404E+01	-7.251031E+01	
752	5.050360E+01	3.987783E+01	-4.405893E+01	
753	3.718179E+01	2.499553E+01	-3.074444E+01	
754	6.808268E+01	2.979953E+01	-3.526102E+01	
755	2.262184E+01	3.814343E+01	3.063521E+01	
756	1.525051E+02	3.899043E+01	1.561848E+01	
757	3.836714E+02	2.829384E+02	-1.902032E+02	
758	1.702095E+02	1.778091E+02	-1.036953E+02	
759	-3.091757E+02	1.412876E+01	3.218134E+01	
760	4.898852E+02	8.136779E+02	-8.013070E+01	
761	1.606405E+02	1.552189E+02	-9.742503E+01	
762	3.095669E+02	2.864076E+00	-4.783601E+01	
763	5.241741E+02	3.185796E+01	2.714375E+01	
764	4.050608E+02	1.995269E+02	-5.507939E+01	
765	9.768051E+02	1.732587E+03	1.516557E+02	
766	7.600479E+02	1.635924E+03	1.094708E+02	
767	5.996731E+02	4.728184E+01	6.886433E+01	
768	4.803032E+02	3.969432E+01	2.462500E+01	
769	6.747680E+01	-4.074198E+01	-2.351493E+01	
770	2.375854E+02	4.135926E+02	-2.152978E+02	
771	5.350260E+02	5.321482E+01	1.846190E+01	
772	1.256395E+02	1.804657E+01	1.799992E+00	
773	3.514044E+02	-7.415005E-01	-1.473831E+01	
774	3.421431E+02	1.092543E+03	-3.910676E+02	
775	3.894290E+02	2.370391E+02	-6.980249E+01	
776	4.344379E+02	1.499975E+03	-9.457992E+01	
777	7.177662E+02	9.652826E+01	6.791005E+01	
778	3.670079E+02	1.696901E+02	-1.881388E+02	
779	-3.752169E+02	-7.476741E+01	5.246689E+01	
780	2.133396E+02	2.169934E+01	-3.321599E+01	
781	1.994059E+02	2.587621E+01	-6.059275E+01	
782	2.561541E+02	9.381518E+01	-1.413175E+02	
783	5.541020E+02	1.443250E+03	-2.589783E+02	
784	3.913534E+02	1.235278E+03	-1.051398E+02	
785	3.666860E+02	7.135551E+01	-5.725056E+01	
786	4.441527E+02	2.303816E+02	1.108390E+02	
787	2.647963E+02	2.342863E+02	-5.361094E+01	
788	-4.518433E+02	-2.997818E+02	-2.140352E+01	
789	5.645994E+01	9.043006E+02	-4.939627E+02	
790	3.610063E+02	6.898483E+01	-5.563065E+01	
791	5.906133E+02	8.609756E+01	-4.563480E+01	
792	4.798520E+02	1.244695E+02	-1.018292E+01	
793	6.693113E+02	1.506896E+03	-1.880613E+01	
794	7.900932E+02	1.806234E+02	2.775345E+02	
795	3.287062E+02	1.200468E+03	-2.519454E+02	
796	4.788971E+02	8.324200E+02	-1.926387E+02	
797	2.326462E+02	5.492498E+02	-2.449995E+02	
798	5.258003E+02	2.776606E+02	8.804685E+01	
799	6.305925E+02	1.244857E+02	1.088342E+02	
800	-1.877176E+02	-1.793036E+01	3.264118E+01	
801	5.280115E+02	2.410691E+02	1.657947E+02	
802	2.796034E+03	2.361815E+03	8.278566E+02	
803	-9.353902E+01	-6.844196E+01	7.339846E+00	
804	-5.578689E+01	7.600426E+01	-6.168273E+01	
805	3.306068E+02	2.862469E+02	-2.973535E+01	
806	1.780260E+03	2.928504E+02	2.340239E+02	
807	4.463108E+02	5.440120E+02	-1.735616E+02	
808	1.297826E+02	1.437688E+01	-2.194974E+01	
809	5.227224E+01	-8.264682E+00	-1.212797E+01	
810	1.929859E+02	1.451339E+03	-1.580408E+02	
811	4.204314E+02	2.152540E+02	-9.795440E+01	
812	6.075486E+02	1.701953E+02	1.112434E+02	
813	4.593698E+02	8.445093E+01	-5.538729E+01	
814	1.670776E+02	2.734452E+02	-1.450377E+02	
815	7.734708E+02	1.530195E+03	-8.081603E+01	
816	3.636349E+02	2.622828E+02	-1.154835E+01	
817	1.124879E+03	5.722772E+02	5.488272E+02	
818	4.088018E+02	1.758434E+02	-6.616434E+01	
819	2.843997E+02	5.943525E+02	-3.150343E+02	
820	4.608723E+02	9.482320E+02	6.979874E+00	
821	5.517682E+02	1.827175E+01	1.119959E+01	
822	3.596815E+02	2.093155E+02	-1.585837E+02	
823	3.381416E+02	2.409324E+02	-9.870817E+01	
824	2.897794E+02	5.661234E+01	-9.047812E+01	
825	7.227383E+02	1.111167E+01	1.773436E+01	
826	3.218527E+02	1.673698E+02	-1.907076E+02	
827	4.729710E+02	1.443938E+02	-5.144616E+01	
828	4.246833E+00	-2.097482E+01	-3.008902E+01	
829	4.752695E+02	1.501543E+03	-5.131195E+01	
830	4.354359E+02	1.192640E+02	-7.390687E+01	
831	2.931665E+02	1.153647E+01	-2.597534E+01	
832	-4.355482E+01	-8.100888E+00	2.161811E-01	
833	2.802081E+02	6.237833E+02	-2.720624E+02	
834	2.715796E+02	2.680208E+01	-9.812864E+01	
835	2.596480E+02	6.558234E+02	-2.587014E+02	
836	3.222382E+02	2.460993E+02	-3.528329E+01	
837	4.326205E+02	1.560774E+02	-1.125945E+02	
838	4.994769E+02	1.554671E+03	-1.415469E+02	
839	2.407248E+03	4.531197E+03	1.017367E+03	
840	6.209405E+02	1.629110E+03	-4.001312E+02	
841	1.906940E+03	2.239979E+03	2.265766E+02	
842	5.699692E+02	3.415759E+02	1.682962E+02	
843	3.535178E+02	1.302524E+02	-1.485483E+02	
844	2.677020E+02	2.081287E+02	-1.087076E+02	
845	8.808801E+02	3.595362E+02	3.459749E+02	
846	2.777394E+02	4.435057E+02	-2.517063E+02	
847	3.866077E+02	1.452264E+02	-1.380546E+02	
848	5.120330E+02	1.397305E+01	3.449713E+00	
849	3.080537E+02	9.488059E+00	-3.050820E+01	
850	4.813199E+01	2.136886E+01	-6.906626E+01	
851	4.466381E+02	6.411955E+01	-1.119124E+01	
852	-5.520482E+02	-1.361976E+02	1.145202E+02	
853	2.993098E+02	1.239995E+02	-1.259307E+02	
854	5.454966E+02	7.949764E+01	5.187667E+01	
855	4.181786E+02	4.857961E+02	-1.823501E+02	
856	5.845520E+02	8.097730E+01	8.392292E+01	
857	4.850212E+02	1.566927E+02	-5.664697E+01	
858	4.932794E+02	3.275477E+02	8.931971E+01	
859	2.586269E+02	1.281069E+02	-1.339990E+02	
860	3.164341E+02	5.226009E+01	-1.221192E+02	
861	3.391333E+02	2.746620E+02	-2.109182E+02	
862	1.929815E+03	1.791631E+03	5.786315E+02	
863	6.502431E+02	6.582117E+01	8.697893E+01	
864	7.603689E+02	2.106280E+02	2.273572E+02	
865	3.536284E+02	1.960701E+02	-1.813585E+02	
866	1.332541E+03	3.457311E+02	2.099015E+02	
867	5.774059E+02	4.591510E+02	2.630925E+02	
868	2.325015E+02	1.074662E+01	2.376618E+02	
869	1.368748E+02	5.874603E+02	2.709233E+02	
870	2.798519E+02	-1.538799E+01	1.721448E+00	
871	1.546129E+03	1.713760E+03	3.181120E+02	
872	6.684806E+02	2.443687E+02	2.341526E+02	
873	2.274431E+02	1.322797E+02	-1.061009E+02	
874	4.208280E+02	2.139188E+02	-1.555166E+02	
875	4.560264E+02	1.108976E+03	-7.585252E+01	
876	3.166031E+02	8.190122E+01	-1.197001E+02	
877	2.505342E+02	-1.866371E+02	-1.004809E+01	
878	9.689627E+02	8.356421E+02	5.631846E+02	
879	2.460130E+02	3.265999E+02	-2.424084E+02	
880	1.869731E+03	1.948425E+03	1.908582E+02	
881	2.664232E+02	2.689079E+02	-1.578278E+02	
882	4.208728E+02	4.147057E+02	-9.990582E+01	
883	1.840849E+03	2.485864E+03	2.017479E+02	
884	-1.438063E+02	-7.468260E+01	9.300300E+00	
885	3.250534E+02	1.929227E+02	-9.247544E+01	
886	4.071148E+02	6.838954E+01	-1.921819E+01	
887	6.406396E+02	2.094310E+03	2.451137E+01	
888	3.763153E+02	7.217921E+01	-6.200045E+01	
889	3.353041E+02	1.550785E+03	-3.602103E+02	
890	4.798900E+02	5.441483E+02	-8.616364E+01	
891	4.621354E+02	3.443464E+02	2.105204E+02	
892	2.228768E+02	2.194384E+01	-1.957039E+01	
893	6.780130E+02	8.999674E+01	7.596028E+01	
894	1.062202E+03	1.760856E+03	1.715561E+02	
895	3.611014E+01	-2.354087E+01	-1.562021E+01	
896	3.860229E+02	5.563167E+02	-1.725039E+02	
897	5.667916E+02	1.451712E+02	9.581470E+01	
898	-1.885706E+02	-7.145247E+01	2.899836E+01	
899	4.141071E+02	2.446535E+02	-1.436797E+02	
900	1.488263E+03	8.515009E+02	5.666201E+02	
901	6.728244E+01	-1.426086E+00	2.030567E+00	
902	3.406919E+02	1.237595E+02	-1.514807E+02	
903	1.611647E+02	-2.915531E+01	-3.009548E+01	
904	4.659302E+02	1.114554E+03	-1.919222E+02	
905	2.352810E+02	4.053558E+02	-2.429571E+02	
906	4.460806E+02	3.204232E+02	-7.717062E+01	
907	5.359580E+02	6.060799E+01	4.347839E+01	
908	1.710031E+02	4.417319E+01	-1.073929E+01	
909	3.737677E+02	2.603166E+02	-2.225738E+02	
910	5.604237E+02	1.836543E+02	5.750153E+01	
911	5.348018E+02	1.691212E+02	9.559892E+00	
912	1.031887E+02	-1.856143E+02	9.461056E+01	
913	5.113555E+02	1.706788E+03	-4.465969E+01	
914	8.336041E+01	-2.216310E+00	-1.496225E+01	
915	3.138164E+02	5.932516E+02	-3.205082E+02	
916	5.277034E+02	1.751826E+03	-1.609949E+02	
917	1.043071E+03	1.946040E+03	2.193709E+02	
918	2.730449E+02	2.555873E+02	-5.986978E+01	
919	1.516034E+03	1.648741E+03	2.517034E+02	
920	5.194291E+02	5.399502E+02	-6.523714E+01	
921	1.888051E+02	2.579048E+02	-1.459724E+02	
922	-1.415095E+02	-9.086929E+00	-1.705162E+01	
923	3.533600E+02	6.709987E+01	-5.413112E+01	
924	6.410049E+02	2.653370E+03	-1.747261E+02	
925	1.619806E+02	1.867617E+02	-1.136800E+02	
926	3.948669E+02	8.005088E+01	-7.858780E+01	
927	9.558110E+02	5.029070E+02	4.507291E+02	
928	1.668076E+03	1.183822E+03	5.596135E+02	
929	1.821308E+03	1.744887E+03	2.273574E+02	
930	3.448986E+02	2.931105E+02	-2.509319E+02	
931	3.009905E+02	3.930341E+02	-2.444982E+02	
932	1.172094E+03	1.451306E+03	1.414547E+02	
933	3.620732E+02	2.705444E+02	-7.935061E+01	
934	5.511344E+02	1.396577E+03	-1.618078E+02	
935	2.774621E+02	8.652169E+02	-2.566153E+02	
936	-1.451494E+02	-3.665180E+01	-1.064534E+01	
937	3.664805E+02	3.928140E+02	-2.405127E+02	
938	-4.835797E+02	1.145668E+02	4.894118E+01	
939	2.991415E+02	3.984056E+02	-2.310543E+02	
940	1.603448E+02	4.577079E+01	-7.275577E+01	
941	1.394764E+03	1.073447E+03	5.002008E+02	
942	3.981042E+02	6.627775E+01	-2.018037E+01	
943	2.679086E+02	2.717626E+02	-1.604773E+02	
944	3.316579E+02	5.036586E+01	-2.663554E+01	
945	1.518346E+03	2.203498E+03	4.092167E+02	
946	5.937171E+02	6.280466E+01	2.797094E+01	
947	9.077600E+02	4.442265E+02	4.288945E+02	
948	3.608982E+02	7.806852E+02	-2.015869E+02	
949	9.167923E+02	7.209475E+02	5.514955E+02	
950	2.161858E+02	5.688471E+00	-2.415751E+00	
951	4.966729E+02	6.605784E+01	7.977022E+00	
952	2.795488E+02	6.092439E+01	-1.380057E+02	
953	1.804392E+02	2.352074E+02	-1.316856E+02	
954	1.026719E+03	1.800256E+03	2.031455E+02	
955	6.252181E+02	3.335698E+02	2.079483E+02	
956	4.906302E+02	1.987631E+02	3.278389E+00	
957	3.588362E+02	1.941393E+02	-1.056428E+02	
958	2.636692E+02	2.096840E+02	-1.839014E+02	
959	4.669526E+02	5.435489E+02	-3.370593E+01	
960	3.651069E+02	1.998764E+02	-1.358472E+02	
961	8.076912E+02	2.058535E+03	-1.490148E+02	
962	-6.056907E+01	1.827176E+03	-1.561953E+02	
963	3.744263E+02	2.618036E+01	-7.005748E+01	
964	4.197008E+02	1.702623E+03	-1.308550E+02	
965	4.061653E+02	2.216809E+02	-5.621894E+00	
966	1.234933E+03	1.515678E+03	2.330208E+02	
967	3.815163E+02	2.586399E+02	-1.669341E+02	
968	2.623618E+02	3.140627E+02	-2.211817E+02	
969	4.104393E+02	1.455351E+01	-4.464963E+01	
970	8.257989E+01	4.010370E+02	-2.039773E+02	
971	4.280624E+02	3.244936E+02	4.623497E+01	
972	4.739493E+02	2.039108E+03	5.139730E+00	
973	3.075460E+02	3.631277E+02	-2.155464E+02	
974	2.761546E+02	9.284356E+02	-3.384138E+02	
975	2.320150E+02	4.761358E+02	-2.081258E+02	
976	2.209591E+02	4.559426E+02	-2.157428E+02	
977	4.875291E+02	1.412201E+03	-3.709619E+01	
978	4.677171E+02	4.149787E+01	-7.346439E+00	
979	1.899244E+01	3.570999E+01	-4.478335E+01	
980	2.955032E+02	6.026156E+02	-2.713624E+02	
981	2.855931E+02	1.120029E+03	-3.477812E+02	
982	2.865382E+02	1.416149E+02	-1.908101E+02	
983	-4.944514E+01	-4.210690E+01	-1.268253E+01	
984	2.717860E+02	2.336622E+02	-1.142384E+02	
985	3.927619E+02	7.918232E+01	-6.563123E+01	
986	3.124973E+01	1.381877E+03	-1.220012E+02	
987	4.528766E+02	8.306161E+02	-9.277408E+01	
988	3.477021E+01	-5.024498E+01	-1.376850E+01	
989	2.806257E+02	8.215553E+02	-3.298630E+02	
990	2.539741E+02	2.273468E+02	-8.274927E+01	
991	1.173299E+02	1.546989E+03	-1.448423E+02	
992	2.127001E+02	2.027242E+02	-9.485097E+01	
993	4.163584E+02	1.006789E+02	-1.060732E+02	
994	4.857128E+02	1.697443E+03	-1.729226E+01	
995	2.274162E+02	2.035112E+02	-1.007951E+02	
996	4.663501E+02	3.318669E+02	6.145482E+01	
997	1.088248E+03	1.751296E+03	1.578810E+02	
998	3.073366E+02	3.282035E+02	-2.594431E+02	
999	-5.433129E+01	-2.349482E+01	7.936352E+00	
1000	3.106952E+02	2.811492E+02	-9.626497E+00	
1001	2.439646E+02	2.511092E+02	-1.368143E+02	
1002	3.127113E+02	5.241642E+01	-5.631893E+01	
1003	-3.127237E+02	-8.807731E+01	4.108185E+01	
1004	9.045294E+02	4.395609E+02	4.262577E+02	
1005	2.746237E+02	9.804243E+02	-2.545992E+02	
1006	3.866455E+02	2.447175E+02	-2.393663E+01	
1007	1.482932E+02	1.467825E+02	-7.563996E+00	
1008	4.506700E+02	1.213567E+03	1.529413E+01	
1009	7.637983E+01	-2.949903E+01	-1.968438E+01	
1010	3.920260E+02	2.346725E+02	4.649097E+01	
1011	1.148326E+03	4.048506E+02	3.830550E+02	
1012	6.088989E+02	3.448811E+02	2.743873E+02	
1013	3.894679E+02	2.480847E+01	-3.490881E+01	
1014	4.159235E+02	9.193177E+02	-1.868386E+02	
1015	4.358523E+02	6.156561E+02	-3.186569E+02	
1016	1.483761E+02	1.284123E+03	-1.928342E+02	
1017	3.639774E+02	1.522755E+02	-1.372393E+02	
1018	1.533165E+03	1.063945E+03	4.474887E+02	
1019	2.478223E+02	1.319677E+03	-3.605639E+02	
1020	2.565423E+02	4.014168E+02	-2.328231E+02	
1021	1.166182E+03	9.375579E+02	6.027173E+02	
1022	4.174309E+02	7.574233E+01	-2.349975E+01	
1023	1.283349E+03	1.250915E+03	6.063223E+02	
1024	4.914300E+02	4.191912E+02	2.757577E+02	
1025	6.015361E+02	5.104514E+01	5.078842E+01	
1026	1.135298E+03	2.755201E+02	4.461865E+01	
1027	2.705686E+02	3.202885E+02	-2.002083E+02	
1028	-2.516567E+02	-6.340565E+00	1.402359E+01	
1029	-1.391906E+01	-1.917990E+01	-1.499302E+01	
1030	1.463403E+02	-2.457913E+01	-9.722821E+00	
1031	2.223697E+02	1.090805E+02	-1.244511E+02	
1032	6.670300E+02	7.720070E+01	9.789348E+01	
1033	4.218083E+02	2.277045E+02	-1.460263E+02	
1034	5.591799E+02	1.757124E+03	-2.624388E+02	
1035	1.565851E+03	1.553191E+03	5.911821E+02	
1036	-2.024941E+02	-1.248689E+00	2.060056E+01	
1037	8.494090E+02	6.127949E+02	4.691970E+02	
1038	1.811692E+01	-3.819232E+01	-1.126447E+01	
1039	4.644699E+02	1.458744E+03	-7.883879E+01	
1040	4.061492E+02	1.996703E+00	-3.864128E+00	
1041	-1.611973E+02	-4.437153E+01	2.115479E+01	
1042	2.846570E+02	4.818052E+02	-2.527567E+02	
1043	-1.038235E+01	1.273426E+03	2.716771E+02	
1044	3.829215E+02	4.611973E+01	-4.934108E+01	
1045	9.673471E+02	1.483892E+02	2.865596E+02	
1046	4.377268E+02	1.741839E+02	-1.134397E+02	
1047	4.103253E+02	1.036459E+03	-7.809247E+01	
1048	4.015695E+02	6.112578E+01	-2.040139E+01	
1049	4.657377E+02	1.471007E+03	-2.238580E+01	
1050	4.034327E+02	5.772042E+01	-5.686187E+00	
1051	7.602131E+02	1.118766E+03	-4.090607E+02	
1052	7.056752E+02	9.927925E+02	-4.280866E+02	
1053	1.835242E+02	3.605958E+01	-6.694118E+01	
1054	5.030620E+02	9.779338E+01	1.508516E+00	
1055	3.116890E+02	5.460515E+02	-2.791248E+02	
1056	3.482020E+02	7.541423E+02	-2.275545E+02	
1057	1.650481E+02	-1.505657E+01	-2.873514E+01	
1058	4.378283E+02	6.680572E+01	-3.413907E+01	
1059	5.543441E+02	3.107219E+01	2.088216E+01	
1060	2.498901E+02	2.160159E+02	-8.079471E+01	
1061	4.950833E+02	1.362466E+02	2.386339E+01	
1062	-2.184629E+02	1.168159E+01	5.737358E+01	
1063	2.015935E+02	1.598657E+02	-1.364706E+02	
1064	3.810662E+02	7.439755E+01	-6.657712E+01	
1065	5.053680E+02	1.743031E+03	1.528795E+01	
1066	9.158408E+02	1.187818E+03	-1.754862E+02	
1067	4.922750E+02	3.168372E+02	-2.470453E+01	
1068	4.577538E+02	7.297663E+02	-9.047606E+01	
1069	1.813263E+02	1.827086E+02	-1.067792E+02	
1070	1.311930E+03	8.924296E+02	6.110541E+02	
1071	-5.046459E+02	-1.310385E+02	9.550868E+01	
1072	1.745904E+02	1.906376E+02	-1.129215E+02	
1073	2.046641E+02	2.872837E+02	-1.537874E+02	
1074	-1.973897E+02	7.587116E+02	-3.961192E+02	
1075	3.967363E+02	1.502627E+02	-1.185498E+02	
1076	1.103924E+03	1.348418E+03	3.372921E+01	
1077	5.380213E+02	3.233318E+02	2.372208E+02	
1078	3.906516E+02	1.080608E+03	-4.190033E+02	
1079	4.201960E+02	8.445777E+01	-8.007760E+01	
1080	4.754929E+02	1.111251E+03	-1.712818E+02	
1081	5.100944E+02	1.510372E+02	7.162499E+01	
1082	3.087263E+02	3.345125E+02	-1.875893E+02	
1083	5.892719E+02	2.090113E+02	1.061806E+02	
1084	1.360909E+01	-3.671879E+01	-3.282594E+01	
1085	3.125538E+02	2.583942E+02	-6.180930E+01	
1086	3.753887E+02	2.449360E+02	-1.139516E+02	
1087	4.684006E+02	1.548503E+03	-5.926310E+01	
1088	4.019164E+02	2.994649E+02	1.054165E+02	
1089	4.281721E+02	2.158504E+02	-1.886874E+01	
1090	1.174273E+03	7.710299E+02	5.177181E+02	
1091	3.818702E+02	4.696792E+02	-2.017772E+02	
1092	1.502705E+02	1.690353E+02	-1.011775E+02	
1093	3.251879E+02	4.497362E+02	-2.862112E+02	
1094	4.360997E+02	3.641620E+02	8.940832E+01	
1095	2.904202E+02	7.471369E+02	-2.575817E+02	
1096	4.734184E+02	1.213921E+03	-5.602114E+01	
1097	-9.526811E+01	-6.744122E+01	9.699397E+00	
1098	3.693224E+02	1.867739E+02	-4.008987E+01	
1099	8.571559E+02	1.616757E+03	4.491304E+01	
1100	7.285063E+02	1.354474E+02	1.814254E+02	
1101	6.032924E+02	4.966141E+02	3.606201E+02	
1102	4.595274E+02	1.789170E+02	-1.656410E+01	
1103	9.058648E+02	2.353129E+02	2.542626E+02	
1104	5.093751E+02	9.874968E+01	1.226962E+00	
1105	7.496075E+02	3.376082E+02	3.521745E+02	
1106	4.102552E+02	1.831606E+03	4.298726E+01	
1107	7.226658E+02	2.341949E+03	-1.158752E+02	
1108	-1.981265E+01	3.920554E+01	-5.875975E+01	
1109	3.120631E+02	2.110793E+02	-1.285567E+02	
1110	3.249553E+02	1.078989E+01	-1.486480E+01	
1111	3.753582E+02	2.272298E+02	-1.357771E+02	
1112	4.790092E+02	1.495910E+03	-1.433655E+01	
1113	4.273625E+02	2.234972E+02	-1.238364E+02	
1114	4.286546E+02	9.330317E+01	-2.101548E+01	
1115	3.263363E+02	5.850779E+01	-4.650567E+01	
1116	4.545984E+02	-1.943251E+01	1.045566E+01	
1117	5.417547E+02	1.645134E+02	1.270286E+02	
1118	4.810837E+01	-3.726672E+01	-9.051650E+00	
1119	4.503303E+02	1.216669E+03	-7.642397E+01	
1120	4.883110E+02	3.662758E+02	1.876355E+02	
1121	7.219151E+02	1.338444E+02	1.794337E+02	
1122	3.784429E+02	2.840222E+02	-1.948504E+02	
1123	4.301084E+02	8.790945E+01	-1.819215E+01	
1124	2.373998E+02	-1.106894E+01	-2.296512E+01	
1125	2.896300E+02	2.060946E+02	-8.349235E+01	
1126	1.262559E+03	1.813551E+02	9.590189E+01	
1127	-1.030115E+02	-4.980560E+01	-9.778957E+00	
1128	4.570471E+02	2.699739E+02	3.010936E+01	
1129	5.668092E+02	1.690610E+03	-1.287465E+02	
1130	4.573904E+02	1.819240E+02	-5.261562E+01	
1131	3.539343E+02	2.720659E+02	1.485514E+01	
1132	2.669172E+02	9.480826E+02	-3.204154E+02	
1133	1.859891E+02	1.411188E+03	-1.000842E+02	
1134	4.834175E+02	2.670709E+02	-4.451911E+01	
1135	3.389999E+01	-2.021045E+01	-3.627479E+01	
1136	4.062103E+02	6.282199E+01	-2.843912E+01	
1137	3.867124E+02	5.747020E+01	-1.510950E+01	
1138	3.577593E+02	2.222396E+01	-7.720493E+00	
1139	3.807709E+02	7.753116E+02	-3.253944E+02	
1140	4.732326E+02	1.140702E+02	3.778847E+00	
1141	5.118121E+02	2.083470E+02	2.693612E+01	
1142	4.590790E+02	1.593189E+03	-2.951838E+01	
1143	7.252590E+02	5.661151E+02	4.738427E+02	
1144	1.937763E+02	3.061559E+02	-1.709912E+02	
1145	1.066066E+03	1.343591E+03	9.857374E+01	
1146	2.561134E+02	1.716000E+02	-1.930709E+02	
1147	4.857617E+02	1.824883E+03	-3.241152E+01	
1148	2.270916E+02	3.383189E+01	-6.959231E+01	
1149	1.932367E+02	1.032345E+03	8.599525E+01	
1150	4.185256E+02	5.633040E+01	-1.692381E+01	
1151	3.267179E+02	1.369358E+03	-2.236094E+02	
1152	2.318783E+02	2.138461E+01	-5.718518E+01	
1153	3.365043E+02	2.907581E+02	-1.867098E+02	
1154	3.448046E+02	2.438559E+02	-6.422438E+01	
1155	5.490513E+02	1.941373E+03	-6.891034E+01	
1156	1.335552E+02	3.731425E+02	-2.867507E+02	
1157	3.563914E+02	2.901901E+02	5.845476E+01	
1158	1.647842E+03	1.817086E+03	3.346363E+02	
1159	4.463376E+02	1.514991E+02	-5.095165E+01	
1160	1.952850E+02	-2.434801E+01	-3.422110E+00	
1161	3.420270E+02	2.585943E+02	-1.416641E+02	
1162	4.954751E+02	3.571723E+02	4.075263E+00	
1163	1.055829E+02	1.906075E+01	-1.087376E+02	
1164	-7.474727E+02	-2.062679E+02	1.790413E+02	
1165	-5.824156E+02	-1.307212E+02	9.880505E+01	
1166	3.081541E+02	9.184077E+00	-2.549201E+01	
1167	3.569102E+02	9.239130E+01	-1.018504E+02	
1168	4.944594E+02	1.793072E+02	-5.448065E+00	
1169	3.394380E+02	-7.720676E+00	1.917119E+00	
1170	5.477689E+02	1.657390E+03	-2.935685E+01	
1171	-2.601476E+01	-2.521576E+01	-1.229709E+01	
1172	1.285518E+03	3.999669E+02	4.458825E+02	
1173	4.181384E+02	5.052522E+01	-6.762390E+00	
1174	-1.779377E+02	-2.831939E+01	1.129035E+01	
1175	4.743543E+02	1.416439E+02	-2.479252E+01	
1176	7.824657E+02	1.433498E+02	1.557026E+02	
1177	4.604337E+02	1.810315E+02	-8.029125E+01	
1178	8.871679E+01	-2.773810E+01	-3.585988E+01	
1179	2.609914E+02	4.048445E+01	-3.266207E+01	
1180	2.822080E+02	-6.352788E+01	3.537551E+00	
1181	1.289925E+02	1.563423E+02	-1.565835E+02	
1182	4.465791E+02	6.819749E+01	-1.032060E+01	
1183	7.370090E+02	1.633476E+03	4.730207E+01	
1184	-5.010423E+01	-1.530387E+02	-2.574477E+01	
1185	4.901089E+02	2.287275E+02	2.939647E+01	
1186	2.912214E+02	2.192601E+01	-5.160215E+01	
1187	4.522337E+02	2.015804E+02	-4.737281E+00	
1188	2.650519E+02	2.399553E+02	-1.383616E+02	
1189	2.250915E+02	2.090454E+02	-1.070917E+02	
1190	3.225878E+02	3.203167E+02	-2.170024E+02	
1191	4.220146E+02	5.006017E+00	-2.597613E+00	
1192	3.452018E+02	3.883833E+02	-2.570765E+02	
1193	3.147020E+02	-1.195759E+01	3.358181E+00	
1194	1.221552E+03	2.339075E+02	6.009453E+01	
1195	2.047541E+02	2.040153E+02	-1.194890E+02	
1196	3.299924E+02	-1.614136E+01	9.698660E-01	
1197	2.634484E+02	7.819341E+02	-2.510106E+02	
1198	2.462366E+02	6.636414E+02	-3.118477E+02	
1199	3.112133E+02	4.823963E+02	1.742893E+02	
1200	4.010347E+02	8.747368E+01	-1.131182E+02	
1201	-3.149130E+02	-1.035520E+02	4.793612E+01	
1202	4.026506E+02	5.022830E+01	-5.889614E+00	
1203	4.508722E+02	1.845902E+02	-6.514948E+01	
1204	9.149923E+02	1.251283E+03	-6.895139E+01	
1205	-1.355801E+02	2.071804E+01	4.263683E+01	
1206	5.057172E+02	7.214277E+02	-2.659504E+00	
1207	9.977286E+01	-8.689688E-01	-2.332721E+01	
1208	4.405704E+02	4.186476E+01	-8.871251E+00	
1209	3.288875E+02	2.539584E+02	-2.220362E+02	
1210	2.888572E+02	7.536325E+00	-4.680762E+01	
1211	3.667029E+02	1.720212E+01	-3.609784E+01	
1212	6.641771E+02	4.159802E+02	3.241142E+02	
1213	4.859695E+02	6.087580E+01	-1.056748E+01	
1214	3.910793E+02	1.467776E+02	-9.664058E+01	
1215	1.849952E+02	2.173065E+02	-1.266620E+02	
1216	3.425832E+02	3.800942E+02	-2.137168E+02	
1217	1.357421E+02	9.373719E+02	-3.888411E+02	
1218	5.000582E+02	1.615483E+03	-1.096099E+01	
1219	3.452101E+02	5.823044E+01	-2.428564E+01	
1220	2.286899E+02	5.284147E+00	-2.938155E+00	
1221	7.311884E+02	1.529604E+03	-2.631088E+02	
1222	2.019110E+02	1.981595E+02	-9.696700E+01	
1223	3.922848E+02	5.762928E+01	-2.683146E+01	
1224	3.009953E+02	5.153054E+02	-2.320199E+02	
1225	2.256056E+03	2.693214E+03	6.307836E+02	
1226	4.793538E+02	3.548596E+01	6.725372E+00	
1227	4.405657E+02	1.738420E+02	-2.012309E+01	
1228	3.837052E+02	3.377492E+02	1.124604E+02	
1229	1.883249E+03	1.862846E+03	1.235015E+02	
1230	2.519653E+02	2.302291E+02	-1.284374E+02	
1231	5.518464E+02	1.603107E+03	4.137476E+00	
1232	3.507395E+02	1.880398E+02	1.022969E+01	
1233	2.027737E+02	-1.371372E+01	-2.932201E+01	
1234	8.166988E+02	9.945276E+01	1.352884E+02	
1235	-1.084999E+02	-3.175048E+01	-3.092672E+00	
1236	4.625490E+02	3.924424E+02	1.873446E+02	
1237	4.672210E+02	1.068330E+02	-1.773327E+01	
1238	3.494928E+02	1.482300E+01	-6.559043E+01	
1239	4.415040E+02	3.795703E+02	1.463525E+02	
1240	4.085447E+02	8.123551E+01	-7.149092E+01	
1241	2.998489E+02	4.025658E+02	-2.047406E+02	
1242	3.500216E+02	2.085588E+02	-5.327029E+01	
1243	3.292719E+02	7.336458E+01	-3.279155E+01	
1244	4.307118E+02	1.329773E+02	-6.141400E+01	
1245	-1.105596E+02	-2.125012E+01	1.165607E+01	
1246	-1.025133E+02	-4.420680E+01	1.760780E+01	
1247	4.135919E+02	1.060984E+02	-1.678502E+01	
1248	1.168592E+02	-3.741701E+01	-2.335118E+01	
1249	1.784874E+02	8.384241E+02	-2.316756E+02	
1250	4.134671E+02	9.598923E+02	-4.288689E+02	
1251	2.207276E+02	4.813092E+02	-2.388683E+02	
1252	2.567091E+02	7.822462E+02	-2.956692E+02	
1253	1.201432E+02	5.579318E+02	-2.008366E+02	
1254	1.499795E+02	-3.257057E+01	-2.270768E+01	
1255	4.856204E+02	1.563064E+03	1.441650E+01	
1256	2.701110E+02	3.955227E+02	-1.990228E+02	
1257	1.889304E+02	6.527878E+02	-2.499177E+02	
1258	6.023615E+02	1.424927E+02	1.471290E+02	
1259	4.208737E+02	1.193119E+03	-4.763312E+01	
1260	-2.528718E+02	-8.822953E+01	2.580842E+01	
1261	2.154283E+02	2.896625E+00	-2.119141E+01	
1262	2.858301E+02	1.955977E+02	-1.870289E+02	
1263	3.947142E+02	9.209856E+01	-6.278886E+01	
1264	3.219391E+02	5.787618E+01	-2.737317E+01	
1265	1.919883E+02	1.275121E+02	-1.292657E+02	
1266	3.144098E+02	-3.643161E+01	-8.954851E+00	
1267	5.887146E+02	4.740575E+02	3.129138E+02	
1268	-3.882637E+01	-4.241377E+01	6.201801E+00	
1269	6.726964E+02	4.213694E+02	3.957417E+02	
1270	2.137149E+02	3.322067E+01	-3.513612E+00	
1271	3.325138E+02	2.487255E+02	-1.642284E+02	
1272	6.422608E+02	1.807180E+02	1.631095E+02	
1273	-8.448857E+00	9.663036E+01	-1.398299E+02	
1274	3.121889E+02	1.802720E+02	-1.888723E+02	
1275	4.739349E+02	1.531781E+03	-1.309671E+02	
1276	1.056780E+03	3.627980E+02	3.568890E+02	
1277	3.334993E+02	6.785277E+01	-7.171682E+01	
1278	3.637063E+01	3.178844E+01	-8.795663E+01	
1279	3.802704E+02	5.176470E+01	-2.364163E+01	
1280	1.308141E+02	-1.199668E+01	-1.194217E+01	
1281	3.857100E+02	5.389473E+01	-2.434636E+01	
1282	4.640202E+02	1.402247E+03	-2.147759E+01	
1283	2.274727E+02	2.961781E+02	-1.801604E+02	
1284	4.409517E+02	6.488556E+02	-5.556202E+02	
1285	2.984909E+02	7.648542E+02	-2.985007E+02	
1286	6.093775E+02	1.922385E+02	9.698425E+00	
1287	2.633096E+02	1.359575E+02	-1.050332E+02	
1288	1.077063E+02	7.440773E+02	2.427774E+01	
1289	4.189933E+02	5.564715E+01	-5.557495E+01	
1290	4.967634E+02	7.067017E+01	2.574617E+01	
1291	5.054036E+02	1.618734E+03	-1.226702E+01	
1292	-3.171470E+01	-1.719462E+01	-3.943565E+01	
1293	3.386942E+02	6.431882E+01	-4.480617E+01	
1294	2.131921E+02	3.793833E+02	-1.865421E+02	
1295	4.301762E+02	2.014321E+02	4.607934E+01	
1296	6.860593E+02	1.019259E+03	-2.684906E+02	
1297	3.867617E+02	2.072581E+02	-1.643427E+02	
1298	2.406761E+02	5.590593E+02	-2.496734E+02	
1299	5.990750E+02	1.545489E+03	7.973668E+00	
1300	2.611231E+02	3.137603E+01	-1.709378E+01	
1301	4.617669E+02	3.677208E+01	2.200468E+01	
1302	4.945854E+02	1.271723E+02	-3.164224E+01	
1303	4.137425E+02	2.311207E+01	-2.996911E+01	
1304	3.532611E+02	4.465754E+01	-1.006235E+02	
1305	6.386968E+02	1.748150E+03	5.588086E+01	
1306	4.623700E+02	1.132234E+02	-5.751031E+01	
1307	5.057455E+02	9.638705E+01	-3.968258E-01	
1308	4.352126E+02	1.226882E+02	-9.615560E+01	
1309	1.799013E+02	5.427283E+01	-8.163062E+01	
1310	6.400866E+02	2.441769E+02	1.626022E+02	
1311	2.199518E+02	3.012852E+02	-2.217605E+02	
1312	4.964820E+02	1.590733E+03	-2.343776E+00	
1313	2.200773E+02	3.607065E+02	-1.793471E+02	
1314	3.137961E+02	2.462422E+02	-1.611891E+02	
1315	1.763845E+03	1.706685E+03	1.829490E+02	
1316	2.906775E+02	2.434642E+02	-1.274113E+02	
1317	5.296153E+02	3.337170E+01	3.176708E+01	
1318	6.015195E+02	1.643730E+03	7.135055E+01	
1319	2.850515E+02	3.200399E+02	-1.803846E+02	
1320	4.419782E+02	5.548893E+01	-1.622524E+00	
1321	1.880525E+02	1.659707E+01	-6.522832E+01	
1322	9.576935E+02	1.599551E+02	1.763085E+02	
1323	3.111081E+02	1.318031E+03	-2.204492E+02	
1324	2.993360E+02	2.389758E+02	-8.878630E+01	
1325	1.711735E+02	2.140996E+02	-1.297442E+02	
1326	3.636599E+02	6.135292E+01	-4.231591E+01	
1327	3.871146E+02	1.324222E+02	-1.342901E+02	
1328	2.353012E+03	8.363514E+02	4.811259E+02	
1329	4.735752E+02	3.516583E+02	1.451827E+02	
1330	7.825279E+02	1.083938E+03	-3.000846E+02	
1331	4.817668E+02	1.578648E+03	-2.441905E+01	
1332	3.648767E+02	3.259402E+02	3.860422E+01	
1333	3.023870E+02	2.527545E+02	-1.375419E+02	
1334	2.896142E+02	3.974803E+01	-3.571593E+01	
1335	4.224275E+02	1.621288E+02	-1.173413E+02	
1336	6.314196E+01	-2.818052E+01	-6.256208E+00	
1337	2.754718E+02	2.097897E+02	-1.830750E+02	
1338	1.392447E+02	1.558803E+03	-3.058470E+02	
1339	2.353193E+02	4.437500E+01	-9.677879E+01	
1340	6.513881E+02	3.696625E+02	3.251865E+02	
1341	1.052944E+03	1.703383E+03	1.889774E+02	
1342	7.892026E+02	4.755822E+02	3.795713E+02	
1343	2.123550E+02	2.048691E+02	-9.030977E+01	
1344	6.895657E+02	5.865361E+02	4.119923E+02	
1345	5.784526E+02	2.043495E+02	1.797914E+02	
1346	7.978942E+02	1.226538E+02	1.235002E+02	
1347	1.420952E+03	1.319971E+03	4.929870E+02	
1348	7.602278E+01	-3.479811E+01	-2.601295E+01	
1349	7.432873E+02	6.070596E+02	4.636623E+02	
1350	1.857222E+03	1.923953E+03	4.987499E+01	
1351	1.339432E+02	1.469980E+03	-9.168279E+01	
1352	1.652942E+02	-1.680584E+01	-1.957516E+01	
1353	7.521500E+02	1.519707E+03	-4.879683E+02	
1354	6.435419E+02	2.290909E+03	-3.735920E+02	
1355	4.124044E+02	4.747522E+01	-1.903871E+01	
1356	1.039939E+02	1.412460E+03	-1.083020E+02	
1357	2.626758E+02	1.504116E+03	9.383778E+01	
1358	2.034190E+02	3.729452E+02	-1.976102E+02	
1359	-4.402094E+02	-1.085000E+02	6.512986E+01	
1360	1.576949E+02	1.537921E+03	3.513095E+01	
1361	6.918253E+02	3.053684E+02	2.375379E+02	
1362	-2.767403E+01	-4.123970E+01	7.419015E+00	
1363	3.703160E+02	1.228350E+01	-2.312911E+01	
1364	2.281882E+02	2.120133E+02	-8.442053E+01	
1365	7.672036E+02	2.748667E+02	3.072820E+02	
1366	1.452393E+02	6.081307E+02	-2.846697E+02	
1367	5.656119E+02	1.544503E+02	4.387386E+01	
1368	4.788392E+02	2.527160E+01	9.664576E+00	
1369	-4.331318E+02	-3.136018E+02	3.508174E+02	
1370	4.385572E+02	2.135075E+01	-4.951657E+00	
1371	4.588334E+02	2.740745E+01	-2.916963E+00	
1372	4.106599E+02	6.213055E+01	-1.057776E+01	
1373	1.490208E+02	4.850600E+02	2.827817E+01	
1374	2.199890E+02	5.615904E+01	-8.219657E+01	
1375	3.781295E+02	4.450462E+01	-3.641852E+01	
1376	4.866410E+02	1.870826E+02	9.273269E+01	
1377	3.012523E+02	1.859112E+03	-1.906021E+02	
1378	2.013631E+02	4.762479E+02	-2.428849E+02	
1379	3.005506E+02	5.764803E+02	-2.762798E+02	
1380	5.852424E+02	1.668607E+03	3.299492E+01	
1381	3.883447E+02	6.974331E+01	-4.445411E+00	
1382	7.893341E+02	8.993544E+01	1.282212E+02	
1383	3.168675E+02	3.248259E+01	-7.770519E+01	
1384	2.820237E+02	4.665358E+02	-2.484943E+02	
1385	4.901780E+02	1.648442E+03	-4.208900E+01	
1386	2.558742E+02	1.034493E+01	-6.293362E+01	
1387	2.706977E+02	5.655892E+02	-2.666622E+02	
1388	4.180274E+02	4.925403E+01	-8.622374E+00	
1389	4.382609E+02	6.542730E+01	-2.967259E+00	
1390	4.148025E+02	4.630445E+01	-4.940728E+00	
1391	3.629323E+02	4.654488E+01	-6.579424E+01	
1392	9.505882E+01	-3.149941E+01	-9.738963E+00	
1393	3.784871E+02	3.953618E+01	-1.229100E+01	
1394	3.850402E+01	-2.823038E+01	-4.063867E-01	
1395	2.766761E+02	4.614664E+01	-9.296085E+01	
1396	5.363759E+02	1.273802E+02	5.548244E+01	
1397	1.968969E+02	-1.929892E+00	-1.579496E+01	
1398	4.449320E+02	1.010862E+02	-1.957935E+00	
1399	3.379653E+02	1.138688E+02	-8.541381E+01	
1400	3.627435E+02	3.189543E+02	1.529123E+01	
1401	-3.762006E+00	8.241330E+01	-9.478665E+01	
1402	2.859179E+02	9.760187E+00	-5.525726E+01	
1403	4.338404E+02	2.634054E+01	6.039529E+00	
1404	3.553658E+02	1.984188E+02	-1.605888E+02	
1405	5.033351E+01	-2.593410E+01	-2.104934E+01	
1406	3.091729E+02	2.334215E+02	-5.352338E+01	
1407	5.434679E+02	2.001394E+03	-1.297011E+02	
1408	5.831637E+02	1.506503E+03	-7.116958E+01	
1409	8.187927E+01	3.224513E+02	-2.752205E+02	
1410	5.616429E+02	1.086334E+02	5.794526E+01	
1411	5.679464E+02	1.798814E+03	-7.442267E+01	
1412	8.817633E-01	1.151135E+03	4.102085E+01	
1413	7.931621E+02	1.472047E+03	9.099406E+01	
1414	3.715413E+02	5.416857E+01	-1.939878E+01	
1415	3.449282E+02	-1.433146E+01	-8.964167E+01	
1416	5.917773E+02	2.999672E+02	1.374740E+02	
1417	1.058666E+03	4.375073E+02	4.538518E+02	
1418	4.746335E+02	1.802570E+02	3.770999E+01	
1419	3.380795E+02	2.879014E+02	-1.924670E+02	
1420	4.455653E+02	6.163813E+01	-5.767765E+01	
1421	5.127561E+02	1.893027E+02	2.837623E+01	
1422	5.240760E+02	6.640338E+01	3.154910E+01	
1423	4.680350E+02	6.676837E+01	-3.612544E+01	
1424	4.792617E+02	1.589124E+03	-6.278216E+01	
1425	2.547932E+02	1.896496E+02	-9.498932E+01	
1426	8.568168E+01	6.717498E+02	-1.470049E+02	
1427	4.449133E+02	1.688780E+03	-2.822270E+02	
1428	4.130821E+02	5.009420E+01	-1.473604E+01	
1429	3.365752E+02	2.937291E+02	-1.719696E+02	
1430	5.932927E+01	2.273016E+02	-1.228604E+02	
1431	6.215829E+02	9.991339E+01	8.848866E+01	
1432	2.319455E+02	2.149395E+02	-7.773499E+01	
1433	3.436809E+02	4.238722E+01	-2.803824E+01	
1434	2.816020E+02	2.699333E+02	-1.743558E+02	
1435	1.244960E+02	1.391881E+03	-1.464359E+02	
1436	9.420404E+02	3.007058E+02	4.038625E+02	
1437	6.600223E+02	5.046631E+01	1.118767E+02	
1438	1.154705E+03	2.259178E+03	4.661903E+02	
1439	7.127514E+02	1.654869E+02	1.565807E+02	
1440	6.390035E+02	1.636161E+03	1.638018E+01	
1441	5.456518E+02	2.344876E+02	7.217884E+01	
1442	2.122843E+02	-2.349179E+00	-2.280113E+01	
1443	6.893497E+02	1.072619E+02	1.355407E+02	
1444	-3.063994E+01	8.307386E+02	1.378717E+02	
1445	-1.218749E+02	1.097624E+03	-9.196740E+00	
1446	-1.668629E+02	1.802098E+03	-2.414316E+02	
1447	1.678687E+03	5.841236E+03	-6.277216E+02	
1448	-6.692828E+01	7.389204E+02	2.177466E+02	
1449	-3.952788E+02	2.098601E+02	4.193529E+02	
1450	2.829384E+02	3.836714E+02	-1.902032E+02	
1451	1.778091E+02	1.702096E+02	-1.036952E+02	
1452	1.412876E+01	-3.091757E+02	3.218137E+01	
1453	8.136779E+02	4.898852E+02	-8.013067E+01	
1454	1.552189E+02	1.606406E+02	-9.742504E+01	
1455	2.863986E+00	3.095669E+02	-4.783597E+01	
1456	3.185790E+01	5.241742E+02	2.714383E+01	
1457	1.995269E+02	4.050608E+02	-5.507935E+01	
1458	1.732587E+03	9.768050E+02	1.516557E+02	
1459	1.635924E+03	7.600478E+02	1.094708E+02	
1460	4.728179E+01	5.996732E+02	6.886442E+01	
1461	3.969428E+01	4.803033E+02	2.462509E+01	
1462	-4.074205E+01	6.747676E+01	-2.351491E+01	
1463	4.135925E+02	2.375854E+02	-2.152977E+02	
1464	5.321484E+01	5.350262E+02	1.846198E+01	
1465	1.804658E+01	1.256397E+02	1.800010E+00	
1466	-7.415787E-01	3.514044E+02	-1.473827E+01	
1467	1.092542E+03	3.421430E+02	-3.910675E+02	
1468	2.370390E+02	3.894290E+02	-6.980246E+01	
1469	1.499975E+03	4.344379E+02	-9.457988E+01	
1470	9.652833E+01	7.177663E+02	6.791012E+01	
1471	1.696901E+02	3.670079E+02	-1.881387E+02	
1472	-7.476744E+01	-3.752170E+02	5.246690E+01	
1473	2.169933E+01	2.133397E+02	-3.321594E+01	
1474	2.587614E+01	1.994059E+02	-6.059274E+01	
1475	9.381514E+01	2.561540E+02	-1.413175E+02	
1476	1.443250E+03	5.541018E+02	-2.589783E+02	
1477	1.235278E+03	3.913535E+02	-1.051398E+02	
1478	7.135553E+01	3.666861E+02	-5.725057E+01	
1479	2.303816E+02	4.441528E+02	1.108391E+02	
1480	2.342863E+02	2.647963E+02	-5.361093E+01	
1481	-2.997818E+02	-4.518433E+02	-2.140343E+01	
1482	9.043005E+02	5.645976E+01	-4.939626E+02	
1483	6.898485E+01	3.610063E+02	-5.563067E+01	
1484	8.609770E+01	5.906134E+02	-4.563473E+01	
1485	1.244694E+02	4.798520E+02	-1.018286E+01	
1486	1.506897E+03	6.693112E+02	-1.880609E+01	
1487	1.806234E+02	7.900933E+02	2.775346E+02	
1488	1.200468E+03	3.287061E+02	-2.519453E+02	
1489	8.324200E+02	4.788971E+02	-1.926387E+02	
1490	5.492498E+02	2.326462E+02	-2.449995E+02	
1491	2.776605E+02	5.258003E+02	8.804691E+01	
1492	1.244857E+02	6.305926E+02	1.088343E+02	
1493	-1.793039E+01	-1.877177E+02	3.264120E+01	
1494	2.410691E+02	5.280116E+02	1.657948E+02	
1495	2.361815E+03	2.796035E+03	8.278567E+02	
1496	-6.844208E+01	-9.353913E+01	7.339863E+00	
1497	7.600421E+01	-5.578694E+01	-6.168270E+01	
1498	2.862468E+02	3.306068E+02	-2.973534E+01	
1499	2.928505E+02	1.780260E+03	2.340239E+02	
1500	5.440120E+02	4.463108E+02	-1.735615E+02	
1501	1.437683E+01	1.297826E+02	-2.194972E+01	
1502	-8.264773E+00	5.227220E+01	-1.212796E+01	
1503	1.451339E+03	1.929859E+02	-1.580408E+02	
1504	2.152539E+02	4.204314E+02	-9.795437E+01	
1505	1.701953E+02	6.075487E+02	1.112435E+02	
1506	8.445088E+01	4.593699E+02	-5.538724E+01	
1507	2.734452E+02	1.670776E+02	-1.450376E+02	
1508	1.530195E+03	7.734708E+02	-8.081602E+01	
1509	2.622828E+02	3.636350E+02	-1.154833E+01	
1510	5.722773E+02	1.124879E+03	5.488272E+02	
1511	1.758434E+02	4.088019E+02	-6.616431E+01	
1512	5.943525E+02	2.843997E+02	-3.150342E+02	
1513	9.482320E+02	4.608724E+02	6.979886E+00	
1514	1.827183E+01	5.517684E+02	1.119968E+01	
1515	2.093154E+02	3.596815E+02	-1.585836E+02	
1516	2.409324E+02	3.381417E+02	-9.870816E+01	
1517	5.661229E+01	2.897794E+02	-9.047809E+01	
1518	1.111177E+01	7.227385E+02	1.773432E+01	
1519	1.673697E+02	3.218527E+02	-1.907076E+02	
1520	1.443937E+02	4.729710E+02	-5.144611E+01	
1521	-2.097486E+01	4.246798E+00	-3.008901E+01	
1522	1.501543E+03	4.752695E+02	-5.131192E+01	
1523	1.192640E+02	4.354360E+02	-7.390682E+01	
1524	1.153638E+01	2.931665E+02	-2.597530E+01	
1525	-8.100939E+00	-4.355489E+01	2.161964E-01	
1526	6.237833E+02	2.802081E+02	-2.720624E+02	
1527	2.680201E+01	2.715796E+02	-9.812863E+01	
1528	6.558234E+02	2.596480E+02	-2.587014E+02	
1529	2.460992E+02	3.222382E+02	-3.528329E+01	
1530	1.560774E+02	4.326206E+02	-1.125944E+02	
1531	1.554671E+03	4.994768E+02	-1.415469E+02	
1532	4.531197E+03	2.407248E+03	1.017367E+03	
1533	1.629110E+03	6.209406E+02	-4.001313E+02	
1534	2.239979E+03	1.906940E+03	2.265767E+02	
1535	3.415759E+02	5.699692E+02	1.682962E+02	
1536	1.302523E+02	3.535178E+02	-1.485483E+02	
1537	2.081287E+02	2.677020E+02	-1.087075E+02	
1538	3.595362E+02	8.808801E+02	3.459749E+02	
1539	4.435057E+02	2.777395E+02	-2.517063E+02	
1540	1.452264E+02	3.866077E+02	-1.380546E+02	
1541	1.397321E+01	5.120332E+02	3.449737E+00	
1542	9.487960E+00	3.080537E+02	-3.050817E+01	
1543	2.136882E+01	4.813195E+01	-6.906624E+01	
1544	6.411972E+01	4.466384E+02	-1.119118E+01	
1545	-1.361976E+02	-5.520483E+02	1.145203E+02	
1546	1.239994E+02	2.993098E+02	-1.259307E+02	
1547	7.949760E+01	5.454967E+02	5.187675E+01	
1548	4.857961E+02	4.181786E+02	-1.823500E+02	
1549	8.097726E+01	5.845521E+02	8.392300E+01	
1550	1.566926E+02	4.850212E+02	-5.664692E+01	
1551	3.275477E+02	4.932794E+02	8.931973E+01	
1552	1.281069E+02	2.586269E+02	-1.339990E+02	
1553	5.226004E+01	3.164341E+02	-1.221192E+02	
1554	2.746619E+02	3.391333E+02	-2.109182E+02	
1555	1.791631E+03	1.929816E+03	5.786315E+02	
1556	6.582118E+01	6.502432E+02	8.697901E+01	
1557	2.106280E+02	7.603690E+02	2.273573E+02	
1558	1.960701E+02	3.536284E+02	-1.813585E+02	
1559	3.457312E+02	1.332541E+03	2.099015E+02	
1560	4.591510E+02	5.774059E+02	2.630925E+02	
1561	1.074658E+01	2.325016E+02	2.376619E+02	
1562	5.874603E+02	1.368750E+02	2.709233E+02	
1563	-1.538808E+01	2.798520E+02	1.721493E+00	
1564	1.713761E+03	1.546129E+03	3.181120E+02	
1565	2.443687E+02	6.684807E+02	2.341526E+02	
1566	1.322796E+02	2.274430E+02	-1.061008E+02	
1567	2.139188E+02	4.208280E+02	-1.555166E+02	
1568	1.108976E+03	4.560265E+02	-7.585252E+01	
1569	8.190116E+01	3.166031E+02	-1.197001E+02	
1570	-1.866372E+02	2.505343E+02	-1.004803E+01	
1571	8.356422E+02	9.689627E+02	5.631847E+02	
1572	3.265999E+02	2.460129E+02	-2.424083E+02	
1573	1.948425E+03	1.869731E+03	1.908582E+02	
1574	2.689080E+02	2.664232E+02	-1.578278E+02	
1575	4.147057E+02	4.208729E+02	-9.990578E+01	
1576	2.485864E+03	1.840849E+03	2.017479E+02	
1577	-7.468271E+01	-1.438064E+02	9.300311E+00	
1578	1.929227E+02	3.250535E+02	-9.247542E+01	
1579	6.838956E+01	4.071150E+02	-1.921819E+01	
1580	2.094310E+03	6.406395E+02	2.451144E+01	
1581	7.217923E+01	3.763154E+02	-6.200047E+01	
1582	1.550786E+03	3.353041E+02	-3.602103E+02	
1583	5.441482E+02	4.798901E+02	-8.616361E+01	
1584	3.443464E+02	4.621354E+02	2.105204E+02	
1585	2.194379E+01	2.228769E+02	-1.957038E+01	
1586	8.999679E+01	6.780131E+02	7.596036E+01	
1587	1.760856E+03	1.062202E+03	1.715562E+02	
1588	-2.354092E+01	3.611015E+01	-1.562021E+01	
1589	5.563166E+02	3.860229E+02	-1.725038E+02	
1590	1.451712E+02	5.667917E+02	9.581477E+01	
1591	-7.145256E+01	-1.885707E+02	2.899839E+01	
1592	2.446535E+02	4.141071E+02	-1.436797E+02	
1593	8.515010E+02	1.488263E+03	5.666201E+02	
1594	-1.426123E+00	6.728249E+01	2.030604E+00	
1595	1.237594E+02	3.406919E+02	-1.514807E+02	
1596	-2.915540E+01	1.611647E+02	-3.009546E+01	
1597	1.114554E+03	4.659302E+02	-1.919222E+02	
1598	4.053557E+02	2.352810E+02	-2.429570E+02	
1599	3.204232E+02	4.460806E+02	-7.717060E+01	
1600	6.060800E+01	5.359581E+02	4.347848E+01	
1601	4.417317E+01	1.710031E+02	-1.073927E+01	
1602	2.603165E+02	3.737677E+02	-2.225737E+02	
1603	1.836542E+02	5.604238E+02	5.750159E+01	
1604	1.691212E+02	5.348019E+02	9.559951E+00	
1605	-1.856142E+02	1.031888E+02	9.461061E+01	
1606	1.706788E+03	5.113556E+02	-4.465968E+01	
1607	-2.216395E+00	8.336039E+01	-1.496224E+01	
1608	5.932515E+02	3.138164E+02	-3.205082E+02	
1609	1.751826E+03	5.277035E+02	-1.609949E+02	
1610	1.946040E+03	1.043071E+03	2.193710E+02	
1611	2.555872E+02	2.730448E+02	-5.986981E+01	
1612	1.648741E+03	1.516034E+03	2.517035E+02	
1613	5.399502E+02	5.194291E+02	-6.523713E+01	
1614	2.579048E+02	1.888051E+02	-1.459724E+02	
1615	-9.086956E+00	-1.415096E+02	-1.705158E+01	
1616	6.709989E+01	3.533601E+02	-5.413113E+01	
1617	2.653370E+03	6.410051E+02	-1.747262E+02	
1618	1.867617E+02	1.619806E+02	-1.136800E+02	
1619	8.005082E+01	3.948669E+02	-7.858776E+01	
1620	5.029071E+02	9.558111E+02	4.507291E+02	
1621	1.183822E+03	1.668077E+03	5.596135E+02	
1622	1.744887E+03	1.821308E+03	2.273574E+02	
1623	2.931105E+02	3.448986E+02	-2.509319E+02	
1624	3.930340E+02	3.009905E+02	-2.444982E+02	
1625	1.451306E+03	1.172094E+03	1.414547E+02	
1626	2.705445E+02	3.620733E+02	-7.935063E+01	
1627	1.396577E+03	5.511344E+02	-1.618078E+02	
1628	8.652169E+02	2.774621E+02	-2.566153E+02	
1629	-3.665186E+01	-1.451495E+02	-1.064533E+01	
1630	3.928140E+02	3.664805E+02	-2.405127E+02	
1631	1.145667E+02	-4.835798E+02	4.894126E+01	
1632	3.984056E+02	2.991415E+02	-2.310543E+02	
1633	4.577076E+01	1.603448E+02	-7.275574E+01	
1634	1.073448E+03	1.394765E+03	5.002008E+02	
1635	6.627777E+01	3.981044E+02	-2.018038E+01	
1636	2.717626E+02	2.679086E+02	-1.604773E+02	
1637	5.036592E+01	3.316581E+02	-2.663551E+01	
1638	2.203498E+03	1.518346E+03	4.092167E+02	
1639	6.280482E+01	5.937172E+02	2.797098E+01	
1640	4.442266E+02	9.077600E+02	4.288946E+02	
1641	7.806851E+02	3.608982E+02	-2.015869E+02	
1642	7.209475E+02	9.167923E+02	5.514955E+02	
1643	5.688395E+00	2.161858E+02	-2.415713E+00	
1644	6.605778E+01	4.966730E+02	7.977089E+00	
1645	6.092433E+01	2.795488E+02	-1.380057E+02	
1646	2.352074E+02	1.804392E+02	-1.316856E+02	
1647	1.800256E+03	1.026718E+03	2.031455E+02	
1648	3.335698E+02	6.252182E+02	2.079484E+02	
1649	1.987631E+02	4.906303E+02	3.278395E+00	
1650	1.941393E+02	3.588363E+02	-1.056427E+02	
1651	2.096840E+02	2.636692E+02	-1.839014E+02	
1652	5.435489E+02	4.669527E+02	-3.370592E+01	
1653	1.998764E+02	3.651069E+02	-1.358472E+02	
1654	2.058535E+03	8.076911E+02	-1.490147E+02	
1655	1.827176E+03	-6.056927E+01	-1.561953E+02	
1656	2.618028E+01	3.744263E+02	-7.005745E+01	
1657	1.702623E+03	4.197009E+02	-1.308550E+02	
1658	2.216809E+02	4.061653E+02	-5.621863E+00	
1659	1.515679E+03	1.234933E+03	2.330208E+02	
1660	2.586398E+02	3.815164E+02	-1.669341E+02	
1661	3.140627E+02	2.623618E+02	-2.211817E+02	
1662	1.455343E+01	4.104393E+02	-4.464958E+01	
1663	4.010370E+02	8.257981E+01	-2.039773E+02	
1664	3.244936E+02	4.280624E+02	4.623500E+01	
1665	2.039109E+03	4.739494E+02	5.139744E+00	
1666	3.631277E+02	3.075460E+02	-2.155464E+02	
1667	9.284356E+02	2.761547E+02	-3.384138E+02	
1668	4.761358E+02	2.320150E+02	-2.081258E+02	
1669	4.559427E+02	2.209591E+02	-2.157428E+02	
1670	1.412201E+03	4.875291E+02	-3.709618E+01	
1671	4.149779E+01	4.677172E+02	-7.346379E+00	
1672	3.570996E+01	1.899240E+01	-4.478332E+01	
1673	6.026156E+02	2.955032E+02	-2.713624E+02	
1674	1.120029E+03	2.855931E+02	-3.477813E+02	
1675	1.416149E+02	2.865381E+02	-1.908100E+02	
1676	-4.210699E+01	-4.944522E+01	-1.268251E+01	
1677	2.336622E+02	2.717860E+02	-1.142384E+02	
1678	7.918235E+01	3.927620E+02	-6.563126E+01	
1679	1.381876E+03	3.124967E+01	-1.220012E+02	
1680	8.306160E+02	4.528767E+02	-9.277408E+01	
1681	-5.024507E+01	3.477017E+01	-1.376849E+01	
1682	8.215553E+02	2.806257E+02	-3.298630E+02	
1683	2.273468E+02	2.539741E+02	-8.274928E+01	
1684	1.546989E+03	1.173299E+02	-1.448423E+02	
1685	2.027242E+02	2.127001E+02	-9.485097E+01	
1686	1.006789E+02	4.163584E+02	-1.060732E+02	
1687	1.697444E+03	4.857129E+02	-1.729223E+01	
1688	2.035112E+02	2.274162E+02	-1.007951E+02	
1689	3.318670E+02	4.663503E+02	6.145485E+01	
1690	1.751296E+03	1.088248E+03	1.578811E+02	
1691	3.282034E+02	3.073366E+02	-2.594431E+02	
1692	-2.349484E+01	-5.433133E+01	7.936380E+00	
1693	2.811493E+02	3.106952E+02	-9.626455E+00	
1694	2.511092E+02	2.439646E+02	-1.368143E+02	
1695	5.241640E+01	3.127113E+02	-5.631891E+01	
1696	-8.807737E+01	-3.127238E+02	4.108187E+01	
1697	4.395609E+02	9.045295E+02	4.262577E+02	
1698	9.804243E+02	2.746237E+02	-2.545992E+02	
1699	2.447175E+02	3.866456E+02	-2.393661E+01	
1700	1.467825E+02	1.482931E+02	-7.563934E+00	
1701	1.213567E+03	4.506701E+02	1.529414E+01	
1702	-2.949915E+01	7.637978E+01	-1.968436E+01	
1703	2.346725E+02	3.920260E+02	4.649099E+01	
1704	4.048507E+02	1.148326E+03	3.830550E+02	
1705	3.448811E+02	6.088990E+02	2.743874E+02	
1706	2.480839E+01	3.894679E+02	-3.490876E+01	
1707	9.193177E+02	4.159236E+02	-1.868386E+02	
1708	6.156561E+02	4.358522E+02	-3.186568E+02	
1709	1.284123E+03	1.483761E+02	-1.928342E+02	
1710	1.522755E+02	3.639774E+02	-1.372393E+02	
1711	1.063945E+03	1.533165E+03	4.474888E+02	
1712	1.319677E+03	2.478223E+02	-3.605639E+02	
1713	4.014168E+02	2.565424E+02	-2.328231E+02	
1714	9.375579E+02	1.166182E+03	6.027173E+02	
1715	7.574236E+01	4.174311E+02	-2.349975E+01	
1716	1.250915E+03	1.283349E+03	6.063224E+02	
1717	4.191912E+02	4.914300E+02	2.757577E+02	
1718	5.104511E+01	6.015362E+02	5.078850E+01	
1719	2.755203E+02	1.135299E+03	4.461864E+01	
1720	3.202885E+02	2.705686E+02	-2.002083E+02	
1721	-6.340597E+00	-2.516567E+02	1.402364E+01	
1722	-1.917992E+01	-1.391910E+01	-1.499297E+01	
1723	-2.457922E+01	1.463403E+02	-9.722806E+00	
1724	1.090805E+02	2.223696E+02	-1.244511E+02	
1725	7.720078E+01	6.670301E+02	9.789356E+01	
1726	2.277044E+02	4.218084E+02	-1.460263E+02	
1727	1.757124E+03	5.591798E+02	-2.624388E+02	
1728	1.553191E+03	1.565851E+03	5.911821E+02	
1729	-1.248711E+00	-2.024942E+02	2.060059E+01	
1730	6.127949E+02	8.494090E+02	4.691971E+02	
1731	-3.819239E+01	1.811686E+01	-1.126445E+01	
1732	1.458744E+03	4.644700E+02	-7.883877E+01	
1733	1.996701E+00	4.061493E+02	-3.864048E+00	
1734	-4.437155E+01	-1.611973E+02	2.115482E+01	
1735	4.818052E+02	2.846570E+02	-2.527566E+02	
1736	1.273426E+03	-1.038238E+01	2.716771E+02	
1737	4.611978E+01	3.829216E+02	-4.934101E+01	
1738	1.483893E+02	9.673472E+02	2.865597E+02	
1739	1.741838E+02	4.377269E+02	-1.134397E+02	
1740	1.036459E+03	4.103253E+02	-7.809245E+01	
1741	6.112576E+01	4.015696E+02	-2.040138E+01	
1742	1.471007E+03	4.657377E+02	-2.238577E+01	
1743	5.772041E+01	4.034328E+02	-5.686180E+00	
1744	1.118766E+03	7.602130E+02	-4.090608E+02	
1745	9.927927E+02	7.056751E+02	-4.280866E+02	
1746	3.605953E+01	1.835242E+02	-6.694116E+01	
1747	9.779333E+01	5.030620E+02	1.508583E+00	
1748	5.460515E+02	3.116891E+02	-2.791248E+02	
1749	7.541422E+02	3.482020E+02	-2.275544E+02	
1750	-1.505668E+01	1.650481E+02	-2.873512E+01	
1751	6.680565E+01	4.378284E+02	-3.413901E+01	
1752	3.107218E+01	5.543442E+02	2.088224E+01	
1753	2.160158E+02	2.498901E+02	-8.079470E+01	
1754	1.362465E+02	4.950834E+02	2.386344E+01	
1755	1.168159E+01	-2.184629E+02	5.737362E+01	
1756	1.598656E+02	2.015935E+02	-1.364706E+02	
1757	7.439758E+01	3.810663E+02	-6.657714E+01	
1758	1.743032E+03	5.053681E+02	1.528797E+01	
1759	1.187819E+03	9.158407E+02	-1.754862E+02	
1760	3.168371E+02	4.922750E+02	-2.470451E+01	
1761	7.297663E+02	4.577538E+02	-9.047605E+01	
1762	1.827086E+02	1.813264E+02	-1.067792E+02	
1763	8.924297E+02	1.311930E+03	6.110542E+02	
1764	-1.310385E+02	-5.046460E+02	9.550873E+01	
1765	1.906376E+02	1.745904E+02	-1.129215E+02	
1766	2.872837E+02	2.046641E+02	-1.537874E+02	
1767	7.587116E+02	-1.973898E+02	-3.961192E+02	
1768	1.502627E+02	3.967363E+02	-1.185498E+02	
1769	1.348418E+03	1.103924E+03	3.372921E+01	
1770	3.233318E+02	5.380213E+02	2.372208E+02	
1771	1.080608E+03	3.906516E+02	-4.190034E+02	
1772	8.445772E+01	4.201960E+02	-8.007755E+01	
1773	1.111251E+03	4.754929E+02	-1.712817E+02	
1774	1.510371E+02	5.100944E+02	7.162506E+01	
1775	3.345125E+02	3.087264E+02	-1.875892E+02	
1776	2.090113E+02	5.892720E+02	1.061807E+02	
1777	-3.671886E+01	1.360903E+01	-3.282592E+01	
1778	2.583942E+02	3.125538E+02	-6.180927E+01	
1779	2.449360E+02	3.753887E+02	-1.139515E+02	
1780	1.548503E+03	4.684006E+02	-5.926307E+01	
1781	2.994648E+02	4.019164E+02	1.054165E+02	
1782	2.158504E+02	4.281721E+02	-1.886870E+01	
1783	7.710300E+02	1.174273E+03	5.177181E+02	
1784	4.696791E+02	3.818702E+02	-2.017772E+02	
1785	1.690353E+02	1.502705E+02	-1.011775E+02	
1786	4.497362E+02	3.251879E+02	-2.862112E+02	
1787	3.641620E+02	4.360997E+02	8.940833E+01	
1788	7.471369E+02	2.904202E+02	-2.575816E+02	
1789	1.213921E+03	4.734185E+02	-5.602112E+01	
1790	-6.744134E+01	-9.526822E+01	9.699412E+00	
1791	1.867738E+02	3.693224E+02	-4.008983E+01	
1792	1.616757E+03	8.571558E+02	4.491307E+01	
1793	1.354475E+02	7.285064E+02	1.814255E+02	
1794	4.966141E+02	6.032924E+02	3.606201E+02	
1795	1.789170E+02	4.595275E+02	-1.656405E+01	
1796	2.353130E+02	9.058649E+02	2.542627E+02	
1797	9.874963E+01	5.093751E+02	1.227031E+00	
1798	3.376083E+02	7.496075E+02	3.521745E+02	
1799	1.831606E+03	4.102553E+02	4.298732E+01	
1800	2.341949E+03	7.226657E+02	-1.158751E+02	
1801	3.920551E+01	-1.981270E+01	-5.875972E+01	
1802	2.110793E+02	3.120631E+02	-1.285567E+02	
1803	1.078981E+01	3.249554E+02	-1.486476E+01	
1804	2.272298E+02	3.753582E+02	-1.357771E+02	
1805	1.495910E+03	4.790092E+02	-1.433652E+01	
1806	2.234972E+02	4.273626E+02	-1.238363E+02	
1807	9.330320E+01	4.286547E+02	-2.101548E+01	
1808	5.850780E+01	3.263364E+02	-4.650568E+01	
1809	-1.943235E+01	4.545986E+02	1.045558E+01	
1810	1.645134E+02	5.417548E+02	1.270287E+02	
1811	-3.726680E+01	4.810834E+01	-9.051628E+00	
1812	1.216669E+03	4.503303E+02	-7.642393E+01	
1813	3.662758E+02	4.883111E+02	1.876355E+02	
1814	1.338444E+02	7.219151E+02	1.794338E+02	
1815	2.840222E+02	3.784429E+02	-1.948504E+02	
1816	8.790948E+01	4.301086E+02	-1.819215E+01	
1817	-1.106901E+01	2.373999E+02	-2.296508E+01	
1818	2.060946E+02	2.896301E+02	-8.349234E+01	
1819	1.813553E+02	1.262559E+03	9.590188E+01	
1820	-4.980568E+01	-1.030116E+02	-9.778945E+00	
1821	2.699739E+02	4.570471E+02	3.010939E+01	
1822	1.690610E+03	5.668092E+02	-1.287464E+02	
1823	1.819239E+02	4.573905E+02	-5.261558E+01	
1824	2.720659E+02	3.539343E+02	1.485516E+01	
1825	9.480826E+02	2.669172E+02	-3.204154E+02	
1826	1.411187E+03	1.859891E+02	-1.000841E+02	
1827	2.670709E+02	4.834175E+02	-4.451910E+01	
1828	-2.021052E+01	3.389995E+01	-3.627478E+01	
1829	6.282200E+01	4.062105E+02	-2.843913E+01	
1830	5.747021E+01	3.867125E+02	-1.510951E+01	
1831	2.222390E+01	3.577594E+02	-7.720439E+00	
1832	7.753115E+02	3.807709E+02	-3.253944E+02	
1833	1.140702E+02	4.732327E+02	3.778848E+00	
1834	2.083471E+02	5.118124E+02	2.693614E+01	
1835	1.593189E+03	4.590790E+02	-2.951834E+01	
1836	5.661151E+02	7.252590E+02	4.738427E+02	
1837	3.061560E+02	1.937763E+02	-1.709912E+02	
1838	1.343591E+03	1.066065E+03	9.857377E+01	
1839	1.716000E+02	2.561134E+02	-1.930709E+02	
1840	1.824883E+03	4.857618E+02	-3.241149E+01	
1841	3.383182E+01	2.270916E+02	-6.959229E+01	
1842	1.032345E+03	1.932367E+02	8.599529E+01	
1843	5.633041E+01	4.185258E+02	-1.692375E+01	
1844	1.369359E+03	3.267179E+02	-2.236094E+02	
1845	2.138453E+01	2.318783E+02	-5.718516E+01	
1846	2.907581E+02	3.365043E+02	-1.867098E+02	
1847	2.438559E+02	3.448046E+02	-6.422436E+01	
1848	1.941373E+03	5.490514E+02	-6.891037E+01	
1849	3.731425E+02	1.335552E+02	-2.867506E+02	
1850	2.901901E+02	3.563914E+02	5.845477E+01	
1851	1.817086E+03	1.647842E+03	3.346363E+02	
1852	1.514990E+02	4.463376E+02	-5.095160E+01	
1853	-2.434812E+01	1.952850E+02	-3.422076E+00	
1854	2.585943E+02	3.420271E+02	-1.416641E+02	
1855	3.571723E+02	4.954752E+02	4.075269E+00	
1856	1.906063E+01	1.055827E+02	-1.087375E+02	
1857	-2.062680E+02	-7.474728E+02	1.790414E+02	
1858	-1.307212E+02	-5.824157E+02	9.880508E+01	
1859	9.184040E+00	3.081542E+02	-2.549195E+01	
1860	9.239126E+01	3.569102E+02	-1.018503E+02	
1861	1.793071E+02	4.944595E+02	-5.448011E+00	
1862	-7.720726E+00	3.394381E+02	1.917198E+00	
1863	1.657391E+03	5.477689E+02	-2.935680E+01	
1864	-2.521584E+01	-2.601482E+01	-1.229709E+01	
1865	3.999670E+02	1.285518E+03	4.458825E+02	
1866	5.052522E+01	4.181385E+02	-6.762393E+00	
1867	-2.831945E+01	-1.779377E+02	1.129036E+01	
1868	1.416438E+02	4.743544E+02	-2.479251E+01	
1869	1.433498E+02	7.824657E+02	1.557027E+02	
1870	1.810315E+02	4.604337E+02	-8.029121E+01	
1871	-2.773819E+01	8.871676E+01	-3.585986E+01	
1872	4.048446E+01	2.609914E+02	-3.266207E+01	
1873	-6.352790E+01	2.822081E+02	3.537571E+00	
1874	1.563423E+02	1.289925E+02	-1.565834E+02	
1875	6.819747E+01	4.465791E+02	-1.032059E+01	
1876	1.633476E+03	7.370089E+02	4.730210E+01	
1877	-1.530388E+02	-5.010420E+01	-2.574472E+01	
1878	2.287274E+02	4.901089E+02	2.939652E+01	
1879	2.192594E+01	2.912215E+02	-5.160212E+01	
1880	2.015804E+02	4.522337E+02	-4.737231E+00	
1881	2.399553E+02	2.650519E+02	-1.383616E+02	
1882	2.090455E+02	2.250915E+02	-1.070917E+02	
1883	3.203167E+02	3.225878E+02	-2.170024E+02	
1884	5.005935E+00	4.220146E+02	-2.597556E+00	
1885	3.883833E+02	3.452018E+02	-2.570765E+02	
1886	-1.195767E+01	3.147021E+02	3.358247E+00	
1887	2.339076E+02	1.221552E+03	6.009452E+01	
1888	2.040153E+02	2.047542E+02	-1.194890E+02	
1889	-1.614139E+01	3.299925E+02	9.698821E-01	
1890	7.819341E+02	2.634484E+02	-2.510106E+02	
1891	6.636414E+02	2.462366E+02	-3.118477E+02	
1892	4.823964E+02	3.112134E+02	1.742893E+02	
1893	8.747362E+01	4.010347E+02	-1.131182E+02	
1894	-1.035521E+02	-3.149131E+02	4.793614E+01	
1895	5.022830E+01	4.026507E+02	-5.889615E+00	
1896	1.845902E+02	4.508723E+02	-6.514946E+01	
1897	1.251283E+03	9.149922E+02	-6.895136E+01	
1898	2.071798E+01	-1.355802E+02	4.263688E+01	
1899	7.214277E+02	5.057173E+02	-2.659497E+00	
1900	-8.690730E-01	9.977285E+01	-2.332720E+01	
1901	4.186468E+01	4.405704E+02	-8.871191E+00	
1902	2.539584E+02	3.288875E+02	-2.220362E+02	
1903	7.536244E+00	2.888572E+02	-4.680760E+01	
1904	1.720204E+01	3.667030E+02	-3.609779E+01	
1905	4.159802E+02	6.641771E+02	3.241142E+02	
1906	6.087607E+01	4.859699E+02	-1.056751E+01	
1907	1.467776E+02	3.910793E+02	-9.664054E+01	
1908	2.173065E+02	1.849952E+02	-1.266620E+02	
1909	3.800942E+02	3.425832E+02	-2.137168E+02	
1910	9.373719E+02	1.357421E+02	-3.888411E+02	
1911	1.615484E+03	5.000583E+02	-1.096095E+01	
1912	5.823045E+01	3.452102E+02	-2.428564E+01	
1913	5.284064E+00	2.286899E+02	-2.938104E+00	
1914	1.529604E+03	7.311884E+02	-2.631088E+02	
1915	1.981595E+02	2.019110E+02	-9.696700E+01	
1916	5.762928E+01	3.922849E+02	-2.683147E+01	
1917	5.153054E+02	3.009953E+02	-2.320199E+02	
1918	2.693214E+03	2.256056E+03	6.307837E+02	
1919	3.548589E+01	4.793539E+02	6.725437E+00	
1920	1.738420E+02	4.405658E+02	-2.012308E+01	
1921	3.377492E+02	3.837052E+02	1.124604E+02	
1922	1.862846E+03	1.883249E+03	1.235015E+02	
1923	2.302291E+02	2.519653E+02	-1.284374E+02	
1924	1.603107E+03	5.518463E+02	4.137510E+00	
1925	1.880399E+02	3.507397E+02	1.022971E+01	
1926	-1.371382E+01	2.027738E+02	-2.932198E+01	
1927	9.945286E+01	8.166989E+02	1.352884E+02	
1928	-3.175056E+01	-1.085000E+02	-3.092657E+00	
1929	3.924424E+02	4.625490E+02	1.873446E+02	
1930	1.068330E+02	4.672211E+02	-1.773326E+01	
1931	1.482292E+01	3.494928E+02	-6.559040E+01	
1932	3.795703E+02	4.415041E+02	1.463526E+02	
1933	8.123554E+01	4.085449E+02	-7.149095E+01	
1934	4.025658E+02	2.998488E+02	-2.047406E+02	
1935	2.085587E+02	3.500216E+02	-5.327026E+01	
1936	7.336455E+01	3.292719E+02	-3.279153E+01	
1937	1.329773E+02	4.307118E+02	-6.141397E+01	
1938	-2.125018E+01	-1.105597E+02	1.165608E+01	
1939	-4.420685E+01	-1.025133E+02	1.760781E+01	
1940	1.060984E+02	4.135920E+02	-1.678500E+01	
1941	-3.741709E+01	1.168592E+02	-2.335116E+01	
1942	8.384240E+02	1.784874E+02	-2.316756E+02	
1943	9.598921E+02	4.134670E+02	-4.288689E+02	
1944	4.813092E+02	2.207276E+02	-2.388683E+02	
1945	7.822462E+02	2.567091E+02	-2.956692E+02	
1946	5.579318E+02	1.201431E+02	-2.008366E+02	
1947	-3.257069E+01	1.499795E+02	-2.270766E+01	
1948	1.563064E+03	4.856205E+02	1.441651E+01	
1949	3.955227E+02	2.701110E+02	-1.990228E+02	
1950	6.527877E+02	1.889304E+02	-2.499177E+02	
1951	1.424926E+02	6.023615E+02	1.471291E+02	
1952	1.193119E+03	4.208737E+02	-4.763310E+01	
1953	-8.822960E+01	-2.528719E+02	2.580842E+01	
1954	2.896586E+00	2.154284E+02	-2.119135E+01	
1955	1.955977E+02	2.858301E+02	-1.870289E+02	
1956	9.209860E+01	3.947144E+02	-6.278888E+01	
1957	5.787618E+01	3.219392E+02	-2.737316E+01	
1958	1.275121E+02	1.919882E+02	-1.292657E+02	
1959	-3.643163E+01	3.144099E+02	-8.954827E+00	
1960	4.740575E+02	5.887146E+02	3.129138E+02	
1961	-4.241387E+01	-3.882642E+01	6.201850E+00	
1962	4.213694E+02	6.726964E+02	3.957418E+02	
1963	3.322067E+01	2.137149E+02	-3.513604E+00	
1964	2.487255E+02	3.325139E+02	-1.642284E+02	
1965	1.807180E+02	6.422608E+02	1.631096E+02	
1966	9.663032E+01	-8.448907E+00	-1.398299E+02	
1967	1.802720E+02	3.121889E+02	-1.888723E+02	
1968	1.531781E+03	4.739348E+02	-1.309670E+02	
1969	3.627981E+02	1.056780E+03	3.568891E+02	
1970	6.785271E+01	3.334993E+02	-7.171678E+01	
1971	3.178843E+01	3.637060E+01	-8.795659E+01	
1972	5.176469E+01	3.802705E+02	-2.364163E+01	
1973	-1.199661E+01	1.308143E+02	-1.194212E+01	
1974	5.389473E+01	3.857101E+02	-2.434636E+01	
1975	1.402247E+03	4.640203E+02	-2.147758E+01	
1976	2.961781E+02	2.274727E+02	-1.801604E+02	
1977	6.488555E+02	4.409515E+02	-5.556201E+02	
1978	7.648542E+02	2.984909E+02	-2.985007E+02	
1979	1.922385E+02	6.093777E+02	9.698430E+00	
1980	1.359575E+02	2.633095E+02	-1.050332E+02	
1981	7.440773E+02	1.077063E+02	2.427775E+01	
1982	5.564718E+01	4.189935E+02	-5.557497E+01	
1983	7.067011E+01	4.967634E+02	2.574624E+01	
1984	1.618734E+03	5.054036E+02	-1.226698E+01	
1985	-1.719467E+01	-3.171476E+01	-3.943565E+01	
1986	6.431882E+01	3.386943E+02	-4.480618E+01	
1987	3.793833E+02	2.131921E+02	-1.865421E+02	
1988	2.014320E+02	4.301762E+02	4.607940E+01	
1989	1.019259E+03	6.860595E+02	-2.684905E+02	
1990	2.072581E+02	3.867617E+02	-1.643426E+02	
1991	5.590593E+02	2.406761E+02	-2.496734E+02	
1992	1.545489E+03	5.990750E+02	7.973715E+00	
1993	3.137622E+01	2.611235E+02	-1.709374E+01	
1994	3.677205E+01	4.617671E+02	2.200476E+01	
1995	1.271723E+02	4.945854E+02	-3.164218E+01	
1996	2.311231E+01	4.137427E+02	-2.996906E+01	
1997	4.465747E+01	3.532611E+02	-1.006234E+02	
1998	1.748150E+03	6.386968E+02	5.588090E+01	
1999	1.132233E+02	4.623701E+02	-5.751026E+01	
2000	9.638699E+01	5.057456E+02	-3.967614E-01	
2001	1.226882E+02	4.352126E+02	-9.615556E+01	
2002	5.427277E+01	1.799012E+02	-8.163060E+01	
2003	2.441769E+02	6.400866E+02	1.626023E+02	
2004	3.012851E+02	2.199518E+02	-2.217605E+02	
2005	1.590734E+03	4.964821E+02	-2.343746E+00	
2006	3.607065E+02	2.200774E+02	-1.793471E+02	
2007	2.462422E+02	3.137961E+02	-1.611891E+02	
2008	1.706685E+03	1.763845E+03	1.829490E+02	
2009	2.434642E+02	2.906775E+02	-1.274113E+02	
2010	3.337163E+01	5.296154E+02	3.176715E+01	
2011	1.643731E+03	6.015194E+02	7.135060E+01	
2012	3.200399E+02	2.850515E+02	-1.803846E+02	
2013	5.548892E+01	4.419783E+02	-1.622529E+00	
2014	1.659701E+01	1.880525E+02	-6.522831E+01	
2015	1.599552E+02	9.576935E+02	1.763086E+02	
2016	1.318031E+03	3.111081E+02	-2.204492E+02	
2017	2.389757E+02	2.993360E+02	-8.878630E+01	
2018	2.140996E+02	1.711735E+02	-1.297442E+02	
2019	6.135304E+01	3.636601E+02	-4.231588E+01	
2020	1.324221E+02	3.871146E+02	-1.342901E+02	
2021	8.363515E+02	2.353013E+03	4.811258E+02	
2022	3.516583E+02	4.735753E+02	1.451827E+02	
2023	1.083938E+03	7.825277E+02	-3.000846E+02	
2024	1.578648E+03	4.817669E+02	-2.441902E+01	
2025	3.259402E+02	3.648768E+02	3.860422E+01	
2026	2.527545E+02	3.023870E+02	-1.375419E+02	
2027	3.974802E+01	2.896142E+02	-3.571593E+01	
2028	1.621288E+02	4.224275E+02	-1.173412E+02	
2029	-2.818061E+01	6.314194E+01	-6.256186E+00	
2030	2.097897E+02	2.754718E+02	-1.830749E+02	
2031	1.558803E+03	1.392447E+02	-3.058470E+02	
2032	4.437494E+01	2.353193E+02	-9.677878E+01	
2033	3.696626E+02	6.513881E+02	3.251866E+02	
2034	1.703383E+03	1.052944E+03	1.889774E+02	
2035	4.755822E+02	7.892026E+02	3.795714E+02	
2036	2.048691E+02	2.123550E+02	-9.030977E+01	
2037	5.865361E+02	6.895657E+02	4.119923E+02	
2038	2.043495E+02	5.784526E+02	1.797915E+02	
2039	1.226538E+02	7.978943E+02	1.235002E+02	
2040	1.319971E+03	1.420952E+03	4.929870E+02	
2041	-3.479822E+01	7.602271E+01	-2.601293E+01	
2042	6.070596E+02	7.432873E+02	4.636623E+02	
2043	1.923953E+03	1.857222E+03	4.987501E+01	
2044	1.469980E+03	1.339432E+02	-9.168278E+01	
2045	-1.680593E+01	1.652941E+02	-1.957514E+01	
2046	1.519707E+03	7.521498E+02	-4.879682E+02	
2047	2.290910E+03	6.435421E+02	-3.735922E+02	
2048	4.747515E+01	4.124044E+02	-1.903865E+01	
2049	1.412460E+03	1.039939E+02	-1.083020E+02	
2050	1.504116E+03	2.626758E+02	9.383785E+01	
2051	3.729452E+02	2.034190E+02	-1.976102E+02	
2052	-1.085001E+02	-4.402095E+02	6.512987E+01	
2053	1.537921E+03	1.576949E+02	3.513101E+01	
2054	3.053684E+02	6.918254E+02	2.375379E+02	
2055	-4.123978E+01	-2.767408E+01	7.419033E+00	
2056	1.228342E+01	3.703161E+02	-2.312907E+01	
2057	2.120133E+02	2.281882E+02	-8.442054E+01	
2058	2.748667E+02	7.672037E+02	3.072821E+02	
2059	6.081307E+02	1.452393E+02	-2.846696E+02	
2060	1.544503E+02	5.656120E+02	4.387393E+01	
2061	2.527151E+01	4.788393E+02	9.664643E+00	
2062	-3.136020E+02	-4.331319E+02	3.508176E+02	
2063	2.135067E+01	4.385573E+02	-4.951599E+00	
2064	2.740737E+01	4.588334E+02	-2.916902E+00	
2065	6.213056E+01	4.106600E+02	-1.057776E+01	
2066	4.850600E+02	1.490209E+02	2.827819E+01	
2067	5.615900E+01	2.199890E+02	-8.219654E+01	
2068	4.450454E+01	3.781296E+02	-3.641847E+01	
2069	1.870826E+02	4.866410E+02	9.273276E+01	
2070	1.859112E+03	3.012523E+02	-1.906021E+02	
2071	4.762478E+02	2.013631E+02	-2.428849E+02	
2072	5.764803E+02	3.005506E+02	-2.762798E+02	
2073	1.668607E+03	5.852424E+02	3.299496E+01	
2074	6.974330E+01	3.883448E+02	-4.445401E+00	
2075	8.993551E+01	7.893342E+02	1.282213E+02	
2076	3.248251E+01	3.168675E+02	-7.770517E+01	
2077	4.665358E+02	2.820237E+02	-2.484943E+02	
2078	1.648442E+03	4.901780E+02	-4.208901E+01	
2079	1.034484E+01	2.558742E+02	-6.293360E+01	
2080	5.655892E+02	2.706977E+02	-2.666622E+02	
2081	4.925402E+01	4.180275E+02	-8.622370E+00	
2082	6.542727E+01	4.382609E+02	-2.967257E+00	
2083	4.630444E+01	4.148026E+02	-4.940730E+00	
2084	4.654480E+01	3.629323E+02	-6.579420E+01	
2085	-3.149950E+01	9.505882E+01	-9.738934E+00	
2086	3.953628E+01	3.784873E+02	-1.229093E+01	
2087	-2.823046E+01	3.850398E+01	-4.063791E-01	
2088	4.614661E+01	2.766761E+02	-9.296083E+01	
2089	1.273801E+02	5.363759E+02	5.548251E+01	
2090	-1.929992E+00	1.968969E+02	-1.579494E+01	
2091	1.010861E+02	4.449320E+02	-1.957924E+00	
2092	1.138687E+02	3.379653E+02	-8.541377E+01	
2093	3.189542E+02	3.627435E+02	1.529124E+01	
2094	8.241326E+01	-3.762057E+00	-9.478661E+01	
2095	9.760116E+00	2.859179E+02	-5.525724E+01	
2096	2.634047E+01	4.338405E+02	6.039605E+00	
2097	1.984188E+02	3.553658E+02	-1.605888E+02	
2098	-2.593417E+01	5.033348E+01	-2.104934E+01	
2099	2.334215E+02	3.091730E+02	-5.352336E+01	
2100	2.001394E+03	5.434680E+02	-1.297012E+02	
2101	1.506503E+03	5.831638E+02	-7.116950E+01	
2102	3.224513E+02	8.187921E+01	-2.752205E+02	
2103	1.086334E+02	5.616430E+02	5.794534E+01	
2104	1.798815E+03	5.679464E+02	-7.442265E+01	
2105	1.151135E+03	8.817485E-01	4.102084E+01	
2106	1.472047E+03	7.931620E+02	9.099408E+01	
2107	5.416857E+01	3.715414E+02	-1.939878E+01	
2108	-1.433150E+01	3.449283E+02	-8.964169E+01	
2109	2.999672E+02	5.917773E+02	1.374741E+02	
2110	4.375074E+02	1.058667E+03	4.538518E+02	
2111	1.802570E+02	4.746335E+02	3.771005E+01	
2112	2.879014E+02	3.380795E+02	-1.924670E+02	
2113	6.163806E+01	4.455654E+02	-5.767760E+01	
2114	1.893026E+02	5.127562E+02	2.837628E+01	
2115	6.640333E+01	5.240761E+02	3.154917E+01	
2116	6.676830E+01	4.680350E+02	-3.612539E+01	
2117	1.589124E+03	4.792617E+02	-6.278211E+01	
2118	1.896496E+02	2.547931E+02	-9.498929E+01	
2119	6.717497E+02	8.568163E+01	-1.470049E+02	
2120	1.688780E+03	4.449134E+02	-2.822270E+02	
2121	5.009419E+01	4.130821E+02	-1.473603E+01	
2122	2.937291E+02	3.365753E+02	-1.719695E+02	
2123	2.273015E+02	5.932921E+01	-1.228604E+02	
2124	9.991337E+01	6.215830E+02	8.848876E+01	
2125	2.149395E+02	2.319455E+02	-7.773500E+01	
2126	4.238721E+01	3.436810E+02	-2.803824E+01	
2127	2.699333E+02	2.816020E+02	-1.743558E+02	
2128	1.391880E+03	1.244961E+02	-1.464359E+02	
2129	3.007058E+02	9.420404E+02	4.038626E+02	
2130	5.046630E+01	6.600224E+02	1.118768E+02	
2131	2.259178E+03	1.154706E+03	4.661904E+02	
2132	1.654869E+02	7.127515E+02	1.565808E+02	
2133	1.636162E+03	6.390034E+02	1.638021E+01	
2134	2.344875E+02	5.456518E+02	7.217890E+01	
2135	-2.349272E+00	2.122844E+02	-2.280110E+01	
2136	1.072618E+02	6.893498E+02	1.355407E+02	
2137	8.307385E+02	-3.063988E+01	1.378717E+02	
2138	1.097624E+03	-1.218750E+02	-9.196694E+00	
2139	1.802098E+03	-1.668630E+02	-2.414315E+02	
2140	5.841236E+03	1.678687E+03	-6.277214E+02	
2141	7.389206E+02	-6.692833E+01	2.177467E+02	
2142	2.098600E+02	-3.952790E+02	4.193531E+02	
