0.0 0.0
0.0032 8.166592443355629E-5
0.0064 1.5942413904015178E-4
0.0096 2.3289754676218246E-4
0.0128 2.68600717818505E-4
0.016 2.4104207848951772E-4
0.0192 9.078288711251748E-5
0.0224 -2.920133509687101E-4
0.0256 -8.454271678261491E-4
0.028800000000000003 -0.001585326896747707
0.032 -0.0025246736960530436
0.036000000000000004 -0.004383751010371918
0.04 -0.00831988343933234
0.044 -0.01193817800978184
0.048 -0.010852439675929106
0.0525 -0.009615276071147042
0.057 -0.008471101918478868
0.061950000000000005 -0.00735037677245887
0.067395 -0.006297353184869639
0.07338 -0.005348758497601794
0.0799725 -0.00454987067115205
0.0872175 -0.003955551417589939
0.0951825 -0.0036091006010822986
0.1039575 -0.003460750009732603