0.0 0.0
0.0032 8.145202360550743E-5
0.0064 1.5286879309919606E-4
0.0096 2.2377104935073546E-4
0.0128 2.583705145178662E-4
0.016 2.2930668793831583E-4
0.0192 5.82340699870155E-5
0.0224 -3.4012171262031603E-4
0.0256 -9.110824238441543E-4
0.028800000000000003 -0.0016735615437115786
0.032 -0.0026425550527493977
0.036000000000000004 -0.00453230315690425
0.04 -0.008431570381019726
0.044 -0.01196040386564508
0.048 -0.010868820398737362
0.0525 -0.009629144683563275
0.057 -0.008483238425475702
0.061950000000000005 -0.007361632567816275
0.067395 -0.006308105502920256
0.07338 -0.005359306472366694
0.0799725 -0.004560387266602016
0.0872175 -0.003966098409927003
0.0951825 -0.0036195899299232524
0.1039575 -0.003471028955510429