0.0 0.0
0.0032 5.944450573070467E-5
0.0064 1.398275378641416E-4
0.0096 2.2550005258494682E-4
0.0128 2.83341819743238E-4
0.016 2.789327709328459E-4
0.0192 1.0677526750746587E-4
0.0224 -2.8292314673225555E-4
0.0256 -8.391240057140187E-4
0.028800000000000003 -0.0015793332485810967
0.032 -0.002514911337750844
0.036000000000000004 -0.004367369999361143
0.04 -0.008304802034897193
0.044 -0.01193446606506757
0.048 -0.01084954211070932
0.0525 -0.009612772890517134
0.057 -0.008468913652651717
0.061950000000000005 -0.00734838708783853
0.067395 -0.006295506944586575
0.07338 -0.005347007054313275
0.0799725 -0.0045481799017501835
0.0872175 -0.003953899147029926
0.0951825 -0.003607481569576242
0.1039575 -0.0034591699128556684