0.0 0.0
0.0032 8.20355039384048E-5
0.0064 1.212497058047272E-4
0.0096 1.5424449834045456E-4
0.0128 1.4974083806602935E-4
0.016 9.469664372734244E-5
0.0192 -5.624772324960406E-5
0.0224 -4.5503018253796563E-4
0.0256 -0.0010433995256998046
0.028800000000000003 -0.001836691199513796
0.032 -0.0028523939854399227
0.036000000000000004 -0.004790198651242546
0.04 -0.008625975948199194
0.044 -0.012005276235683196
0.048 -0.01090297754238189
0.0525 -0.009658239048543075
0.057 -0.008508778044207075
0.061950000000000005 -0.007385149524735497
0.067395 -0.006330334797562402
0.07338 -0.0053808432831433
0.0799725 -0.004581605862609301
0.0872175 -0.003987176755949729
0.0951825 -0.0036404389937572724
0.1039575 -0.0034914289155178043