triangle
//Number_of_Node
1556
//Number_of_Element
2608
//Number_of_Region
4
//Factor
1000.0
12,11,1,
1,2,12,
13,12,2,
2,3,13,
14,13,3,
3,4,14,
15,14,4,
4,5,15,
16,15,5,
5,6,16,
17,16,6,
6,7,17,
18,17,7,
7,8,18,
19,18,8,
8,9,19,
20,19,9,
9,10,20,
22,21,11,
11,12,22,
23,22,12,
12,13,23,
24,23,13,
13,14,24,
25,24,14,
14,15,25,
26,25,15,
15,16,26,
27,26,16,
16,17,27,
28,27,17,
17,18,28,
29,28,18,
18,19,29,
30,29,19,
19,20,30,
32,31,21,
21,22,32,
33,32,22,
22,23,33,
34,33,23,
23,24,34,
35,34,24,
24,25,35,
36,35,25,
25,26,36,
37,36,26,
26,27,37,
38,37,27,
27,28,38,
39,38,28,
28,29,39,
40,39,29,
29,30,40,
42,41,31,
31,32,42,
43,42,32,
32,33,43,
44,43,33,
33,34,44,
45,44,34,
34,35,45,
46,45,35,
35,36,46,
47,46,36,
36,37,47,
48,47,37,
37,38,48,
49,48,38,
38,39,49,
50,49,39,
39,40,50,
52,51,41,
41,42,52,
53,52,42,
42,43,53,
54,53,43,
43,44,54,
55,54,44,
44,45,55,
56,55,45,
45,46,56,
57,56,46,
46,47,57,
58,57,47,
47,48,58,
59,58,48,
48,49,59,
60,59,49,
49,50,60,
62,61,51,
51,52,62,
63,62,52,
52,53,63,
64,63,53,
53,54,64,
65,64,54,
54,55,65,
66,65,55,
55,56,66,
67,66,56,
56,57,67,
68,67,57,
57,58,68,
69,68,58,
58,59,69,
70,69,59,
59,60,70,
72,71,61,
61,62,72,
73,72,62,
62,63,73,
74,73,63,
63,64,74,
75,74,64,
64,65,75,
76,75,65,
65,66,76,
77,76,66,
66,67,77,
78,77,67,
67,68,78,
79,78,68,
68,69,79,
80,79,69,
69,70,80,
82,81,71,
71,72,82,
83,82,72,
72,73,83,
84,83,73,
73,74,84,
85,84,74,
74,75,85,
86,85,75,
75,76,86,
87,86,76,
76,77,87,
88,87,77,
77,78,88,
89,88,78,
78,79,89,
90,89,79,
79,80,90,
92,91,81,
81,82,92,
93,92,82,
82,83,93,
94,93,83,
83,84,94,
95,94,84,
84,85,95,
96,95,85,
85,86,96,
97,96,86,
86,87,97,
98,97,87,
87,88,98,
99,98,88,
88,89,99,
100,99,89,
89,90,100,
102,101,91,
91,92,102,
103,102,92,
92,93,103,
104,103,93,
93,94,104,
105,104,94,
94,95,105,
106,105,95,
95,96,106,
107,106,96,
96,97,107,
108,107,97,
97,98,108,
109,108,98,
98,99,109,
110,109,99,
99,100,110,
112,111,101,
101,102,112,
113,112,102,
102,103,113,
114,113,103,
103,104,114,
115,114,104,
104,105,115,
116,115,105,
105,106,116,
117,116,106,
106,107,117,
118,117,107,
107,108,118,
119,118,108,
108,109,119,
120,119,109,
109,110,120,
122,121,111,
111,112,122,
123,122,112,
112,113,123,
124,123,113,
113,114,124,
125,124,114,
114,115,125,
126,125,115,
115,116,126,
127,126,116,
116,117,127,
128,127,117,
117,118,128,
129,128,118,
118,119,129,
130,129,119,
119,120,130,
132,131,121,
121,122,132,
133,132,122,
122,123,133,
134,133,123,
123,124,134,
135,134,124,
124,125,135,
136,135,125,
125,126,136,
137,136,126,
126,127,137,
138,137,127,
127,128,138,
139,138,128,
128,129,139,
140,139,129,
129,130,140,
142,141,131,
131,132,142,
143,142,132,
132,133,143,
144,143,133,
133,134,144,
145,144,134,
134,135,145,
146,145,135,
135,136,146,
147,146,136,
136,137,147,
148,147,137,
137,138,148,
149,148,138,
138,139,149,
150,149,139,
139,140,150,
152,151,141,
141,142,152,
153,152,142,
142,143,153,
154,153,143,
143,144,154,
155,154,144,
144,145,155,
156,155,145,
145,146,156,
157,156,146,
146,147,157,
158,157,147,
147,148,158,
159,158,148,
148,149,159,
160,159,149,
149,150,160,
162,161,151,
151,152,162,
163,162,152,
152,153,163,
164,163,153,
153,154,164,
165,164,154,
154,155,165,
166,165,155,
155,156,166,
167,166,156,
156,157,167,
168,167,157,
157,158,168,
169,168,158,
158,159,169,
170,169,159,
159,160,170,
172,171,181,
181,182,172,
173,172,182,
182,183,173,
174,173,183,
183,184,174,
175,174,184,
184,185,175,
176,175,185,
185,186,176,
177,176,186,
186,187,177,
178,177,187,
187,188,178,
179,178,188,
188,189,179,
180,179,189,
189,190,180,
182,181,191,
191,192,182,
183,182,192,
192,193,183,
184,183,193,
193,194,184,
185,184,194,
194,195,185,
186,185,195,
195,196,186,
187,186,196,
196,197,187,
188,187,197,
197,198,188,
189,188,198,
198,199,189,
190,189,199,
199,200,190,
192,191,201,
201,202,192,
193,192,202,
202,203,193,
194,193,203,
203,204,194,
195,194,204,
204,205,195,
196,195,205,
205,206,196,
197,196,206,
206,207,197,
198,197,207,
207,208,198,
199,198,208,
208,209,199,
200,199,209,
209,210,200,
202,201,211,
211,212,202,
203,202,212,
212,213,203,
204,203,213,
213,214,204,
205,204,214,
214,215,205,
206,205,215,
215,216,206,
207,206,216,
216,217,207,
208,207,217,
217,218,208,
209,208,218,
218,219,209,
210,209,219,
219,220,210,
212,211,221,
221,222,212,
213,212,222,
222,223,213,
214,213,223,
223,224,214,
215,214,224,
224,225,215,
216,215,225,
225,226,216,
217,216,226,
226,227,217,
218,217,227,
227,228,218,
219,218,228,
228,229,219,
220,219,229,
229,230,220,
222,221,231,
231,232,222,
223,222,232,
232,233,223,
224,223,233,
233,234,224,
225,224,234,
234,235,225,
226,225,235,
235,236,226,
227,226,236,
236,237,227,
228,227,237,
237,238,228,
229,228,238,
238,239,229,
230,229,239,
239,240,230,
232,231,241,
241,242,232,
233,232,242,
242,243,233,
234,233,243,
243,244,234,
235,234,244,
244,245,235,
236,235,245,
245,246,236,
237,236,246,
246,247,237,
238,237,247,
247,248,238,
239,238,248,
248,249,239,
240,239,249,
249,250,240,
242,241,251,
251,252,242,
243,242,252,
252,253,243,
244,243,253,
253,254,244,
245,244,254,
254,255,245,
246,245,255,
255,256,246,
247,246,256,
256,257,247,
248,247,257,
257,258,248,
249,248,258,
258,259,249,
250,249,259,
259,260,250,
252,251,261,
261,262,252,
253,252,262,
262,263,253,
254,253,263,
263,264,254,
255,254,264,
264,265,255,
256,255,265,
265,266,256,
257,256,266,
266,267,257,
258,257,267,
267,268,258,
259,258,268,
268,269,259,
260,259,269,
269,270,260,
262,261,271,
271,272,262,
263,262,272,
272,273,263,
264,263,273,
273,274,264,
265,264,274,
274,275,265,
266,265,275,
275,276,266,
267,266,276,
276,277,267,
268,267,277,
277,278,268,
269,268,278,
278,279,269,
270,269,279,
279,280,270,
272,271,281,
281,282,272,
273,272,282,
282,283,273,
274,273,283,
283,284,274,
275,274,284,
284,285,275,
276,275,285,
285,286,276,
277,276,286,
286,287,277,
278,277,287,
287,288,278,
279,278,288,
288,289,279,
280,279,289,
289,290,280,
282,281,291,
291,292,282,
283,282,292,
292,293,283,
284,283,293,
293,294,284,
285,284,294,
294,295,285,
286,285,295,
295,296,286,
287,286,296,
296,297,287,
288,287,297,
297,298,288,
289,288,298,
298,299,289,
290,289,299,
299,300,290,
292,291,301,
301,302,292,
293,292,302,
302,303,293,
294,293,303,
303,304,294,
295,294,304,
304,305,295,
296,295,305,
305,306,296,
297,296,306,
306,307,297,
298,297,307,
307,308,298,
299,298,308,
308,309,299,
300,299,309,
309,310,300,
302,301,311,
311,312,302,
303,302,312,
312,313,303,
304,303,313,
313,314,304,
305,304,314,
314,315,305,
306,305,315,
315,316,306,
307,306,316,
316,317,307,
308,307,317,
317,318,308,
309,308,318,
318,319,309,
310,309,319,
319,320,310,
312,311,321,
321,322,312,
313,312,322,
322,323,313,
314,313,323,
323,324,314,
315,314,324,
324,325,315,
316,315,325,
325,326,316,
317,316,326,
326,327,317,
318,317,327,
327,328,318,
319,318,328,
328,329,319,
320,319,329,
329,330,320,
322,321,161,
161,162,322,
323,322,162,
162,163,323,
324,323,163,
163,164,324,
325,324,164,
164,165,325,
326,325,165,
165,166,326,
327,326,166,
166,167,327,
328,327,167,
167,168,328,
329,328,168,
168,169,329,
330,329,169,
169,170,330,
370,369,341,
341,342,370,
371,370,342,
342,343,371,
372,371,343,
343,344,372,
373,372,344,
344,345,373,
374,373,345,
345,346,374,
375,374,346,
346,347,375,
376,375,347,
347,348,376,
377,376,348,
348,349,377,
378,377,349,
349,350,378,
379,378,350,
350,351,379,
380,379,351,
351,352,380,
381,380,352,
352,353,381,
382,381,353,
353,354,382,
383,382,354,
354,355,383,
384,383,355,
355,356,384,
385,384,356,
356,357,385,
386,385,357,
357,358,386,
387,386,358,
358,359,387,
388,387,359,
359,360,388,
389,388,360,
360,361,389,
390,389,361,
361,362,390,
391,390,362,
362,363,391,
392,391,363,
363,364,392,
393,392,364,
364,365,393,
394,393,365,
365,366,394,
395,394,366,
366,367,395,
396,395,367,
367,368,396,
398,397,369,
369,370,398,
399,398,370,
370,371,399,
400,399,371,
371,372,400,
401,400,372,
372,373,401,
402,401,373,
373,374,402,
403,402,374,
374,375,403,
404,403,375,
375,376,404,
405,404,376,
376,377,405,
406,405,377,
377,378,406,
407,406,378,
378,379,407,
408,407,379,
379,380,408,
409,408,380,
380,381,409,
410,409,381,
381,382,410,
411,410,382,
382,383,411,
412,411,383,
383,384,412,
413,412,384,
384,385,413,
414,413,385,
385,386,414,
415,414,386,
386,387,415,
416,415,387,
387,388,416,
417,416,388,
388,389,417,
418,417,389,
389,390,418,
419,418,390,
390,391,419,
420,419,391,
391,392,420,
421,420,392,
392,393,421,
422,421,393,
393,394,422,
423,422,394,
394,395,423,
424,423,395,
395,396,424,
426,425,397,
397,398,426,
427,426,398,
398,399,427,
428,427,399,
399,400,428,
429,428,400,
400,401,429,
430,429,401,
401,402,430,
431,430,402,
402,403,431,
432,431,403,
403,404,432,
433,432,404,
404,405,433,
434,433,405,
405,406,434,
435,434,406,
406,407,435,
436,435,407,
407,408,436,
437,436,408,
408,409,437,
438,437,409,
409,410,438,
439,438,410,
410,411,439,
440,439,411,
411,412,440,
441,440,412,
412,413,441,
442,441,413,
413,414,442,
443,442,414,
414,415,443,
444,443,415,
415,416,444,
445,444,416,
416,417,445,
446,445,417,
417,418,446,
447,446,418,
418,419,447,
448,447,419,
419,420,448,
449,448,420,
420,421,449,
450,449,421,
421,422,450,
451,450,422,
422,423,451,
452,451,423,
423,424,452,
454,453,425,
425,426,454,
455,454,426,
426,427,455,
456,455,427,
427,428,456,
457,456,428,
428,429,457,
458,457,429,
429,430,458,
459,458,430,
430,431,459,
460,459,431,
431,432,460,
461,460,432,
432,433,461,
462,461,433,
433,434,462,
463,462,434,
434,435,463,
464,463,435,
435,436,464,
465,464,436,
436,437,465,
466,465,437,
437,438,466,
467,466,438,
438,439,467,
468,467,439,
439,440,468,
469,468,440,
440,441,469,
470,469,441,
441,442,470,
471,470,442,
442,443,471,
472,471,443,
443,444,472,
473,472,444,
444,445,473,
474,473,445,
445,446,474,
475,474,446,
446,447,475,
476,475,447,
447,448,476,
477,476,448,
448,449,477,
478,477,449,
449,450,478,
479,478,450,
450,451,479,
480,479,451,
451,452,480,
482,481,453,
453,454,482,
483,482,454,
454,455,483,
484,483,455,
455,456,484,
485,484,456,
456,457,485,
486,485,457,
457,458,486,
487,486,458,
458,459,487,
488,487,459,
459,460,488,
489,488,460,
460,461,489,
490,489,461,
461,462,490,
491,490,462,
462,463,491,
492,491,463,
463,464,492,
493,492,464,
464,465,493,
494,493,465,
465,466,494,
495,494,466,
466,467,495,
496,495,467,
467,468,496,
497,496,468,
468,469,497,
498,497,469,
469,470,498,
499,498,470,
470,471,499,
500,499,471,
471,472,500,
501,500,472,
472,473,501,
502,501,473,
473,474,502,
503,502,474,
474,475,503,
504,503,475,
475,476,504,
505,504,476,
476,477,505,
506,505,477,
477,478,506,
507,506,478,
478,479,507,
508,507,479,
479,480,508,
510,509,481,
481,482,510,
511,510,482,
482,483,511,
512,511,483,
483,484,512,
513,512,484,
484,485,513,
514,513,485,
485,486,514,
515,514,486,
486,487,515,
516,515,487,
487,488,516,
517,516,488,
488,489,517,
518,517,489,
489,490,518,
519,518,490,
490,491,519,
520,519,491,
491,492,520,
521,520,492,
492,493,521,
522,521,493,
493,494,522,
523,522,494,
494,495,523,
524,523,495,
495,496,524,
525,524,496,
496,497,525,
526,525,497,
497,498,526,
527,526,498,
498,499,527,
528,527,499,
499,500,528,
529,528,500,
500,501,529,
530,529,501,
501,502,530,
531,530,502,
502,503,531,
532,531,503,
503,504,532,
533,532,504,
504,505,533,
534,533,505,
505,506,534,
535,534,506,
506,507,535,
536,535,507,
507,508,536,
538,537,509,
509,510,538,
539,538,510,
510,511,539,
540,539,511,
511,512,540,
541,540,512,
512,513,541,
542,541,513,
513,514,542,
543,542,514,
514,515,543,
544,543,515,
515,516,544,
545,544,516,
516,517,545,
546,545,517,
517,518,546,
547,546,518,
518,519,547,
548,547,519,
519,520,548,
549,548,520,
520,521,549,
550,549,521,
521,522,550,
551,550,522,
522,523,551,
552,551,523,
523,524,552,
553,552,524,
524,525,553,
554,553,525,
525,526,554,
555,554,526,
526,527,555,
556,555,527,
527,528,556,
557,556,528,
528,529,557,
558,557,529,
529,530,558,
559,558,530,
530,531,559,
560,559,531,
531,532,560,
561,560,532,
532,533,561,
562,561,533,
533,534,562,
563,562,534,
534,535,563,
564,563,535,
535,536,564,
949,977,978,
978,950,949,
950,978,979,
979,951,950,
951,979,980,
980,952,951,
952,980,981,
981,953,952,
953,981,982,
982,954,953,
954,982,983,
983,955,954,
955,983,984,
984,956,955,
956,984,985,
985,957,956,
957,985,986,
986,958,957,
958,986,987,
987,959,958,
959,987,988,
988,960,959,
960,988,989,
989,961,960,
961,989,990,
990,962,961,
962,990,991,
991,963,962,
963,991,992,
992,964,963,
964,992,993,
993,965,964,
965,993,994,
994,966,965,
966,994,995,
995,967,966,
967,995,996,
996,968,967,
968,996,997,
997,969,968,
969,997,998,
998,970,969,
970,998,999,
999,971,970,
971,999,1000,
1000,972,971,
972,1000,1001,
1001,973,972,
973,1001,1002,
1002,974,973,
974,1002,1003,
1003,975,974,
975,1003,1004,
1004,976,975,
977,1005,1006,
1006,978,977,
978,1006,1007,
1007,979,978,
979,1007,1008,
1008,980,979,
980,1008,1009,
1009,981,980,
981,1009,1010,
1010,982,981,
982,1010,1011,
1011,983,982,
983,1011,1012,
1012,984,983,
984,1012,1013,
1013,985,984,
985,1013,1014,
1014,986,985,
986,1014,1015,
1015,987,986,
987,1015,1016,
1016,988,987,
988,1016,1017,
1017,989,988,
989,1017,1018,
1018,990,989,
990,1018,1019,
1019,991,990,
991,1019,1020,
1020,992,991,
992,1020,1021,
1021,993,992,
993,1021,1022,
1022,994,993,
994,1022,1023,
1023,995,994,
995,1023,1024,
1024,996,995,
996,1024,1025,
1025,997,996,
997,1025,1026,
1026,998,997,
998,1026,1027,
1027,999,998,
999,1027,1028,
1028,1000,999,
1000,1028,1029,
1029,1001,1000,
1001,1029,1030,
1030,1002,1001,
1002,1030,1031,
1031,1003,1002,
1003,1031,1032,
1032,1004,1003,
1005,1033,1034,
1034,1006,1005,
1006,1034,1035,
1035,1007,1006,
1007,1035,1036,
1036,1008,1007,
1008,1036,1037,
1037,1009,1008,
1009,1037,1038,
1038,1010,1009,
1010,1038,1039,
1039,1011,1010,
1011,1039,1040,
1040,1012,1011,
1012,1040,1041,
1041,1013,1012,
1013,1041,1042,
1042,1014,1013,
1014,1042,1043,
1043,1015,1014,
1015,1043,1044,
1044,1016,1015,
1016,1044,1045,
1045,1017,1016,
1017,1045,1046,
1046,1018,1017,
1018,1046,1047,
1047,1019,1018,
1019,1047,1048,
1048,1020,1019,
1020,1048,1049,
1049,1021,1020,
1021,1049,1050,
1050,1022,1021,
1022,1050,1051,
1051,1023,1022,
1023,1051,1052,
1052,1024,1023,
1024,1052,1053,
1053,1025,1024,
1025,1053,1054,
1054,1026,1025,
1026,1054,1055,
1055,1027,1026,
1027,1055,1056,
1056,1028,1027,
1028,1056,1057,
1057,1029,1028,
1029,1057,1058,
1058,1030,1029,
1030,1058,1059,
1059,1031,1030,
1031,1059,1060,
1060,1032,1031,
1033,1061,1062,
1062,1034,1033,
1034,1062,1063,
1063,1035,1034,
1035,1063,1064,
1064,1036,1035,
1036,1064,1065,
1065,1037,1036,
1037,1065,1066,
1066,1038,1037,
1038,1066,1067,
1067,1039,1038,
1039,1067,1068,
1068,1040,1039,
1040,1068,1069,
1069,1041,1040,
1041,1069,1070,
1070,1042,1041,
1042,1070,1071,
1071,1043,1042,
1043,1071,1072,
1072,1044,1043,
1044,1072,1073,
1073,1045,1044,
1045,1073,1074,
1074,1046,1045,
1046,1074,1075,
1075,1047,1046,
1047,1075,1076,
1076,1048,1047,
1048,1076,1077,
1077,1049,1048,
1049,1077,1078,
1078,1050,1049,
1050,1078,1079,
1079,1051,1050,
1051,1079,1080,
1080,1052,1051,
1052,1080,1081,
1081,1053,1052,
1053,1081,1082,
1082,1054,1053,
1054,1082,1083,
1083,1055,1054,
1055,1083,1084,
1084,1056,1055,
1056,1084,1085,
1085,1057,1056,
1057,1085,1086,
1086,1058,1057,
1058,1086,1087,
1087,1059,1058,
1059,1087,1088,
1088,1060,1059,
1061,1089,1090,
1090,1062,1061,
1062,1090,1091,
1091,1063,1062,
1063,1091,1092,
1092,1064,1063,
1064,1092,1093,
1093,1065,1064,
1065,1093,1094,
1094,1066,1065,
1066,1094,1095,
1095,1067,1066,
1067,1095,1096,
1096,1068,1067,
1068,1096,1097,
1097,1069,1068,
1069,1097,1098,
1098,1070,1069,
1070,1098,1099,
1099,1071,1070,
1071,1099,1100,
1100,1072,1071,
1072,1100,1101,
1101,1073,1072,
1073,1101,1102,
1102,1074,1073,
1074,1102,1103,
1103,1075,1074,
1075,1103,1104,
1104,1076,1075,
1076,1104,1105,
1105,1077,1076,
1077,1105,1106,
1106,1078,1077,
1078,1106,1107,
1107,1079,1078,
1079,1107,1108,
1108,1080,1079,
1080,1108,1109,
1109,1081,1080,
1081,1109,1110,
1110,1082,1081,
1082,1110,1111,
1111,1083,1082,
1083,1111,1112,
1112,1084,1083,
1084,1112,1113,
1113,1085,1084,
1085,1113,1114,
1114,1086,1085,
1086,1114,1115,
1115,1087,1086,
1087,1115,1116,
1116,1088,1087,
1089,1117,1118,
1118,1090,1089,
1090,1118,1119,
1119,1091,1090,
1091,1119,1120,
1120,1092,1091,
1092,1120,1121,
1121,1093,1092,
1093,1121,1122,
1122,1094,1093,
1094,1122,1123,
1123,1095,1094,
1095,1123,1124,
1124,1096,1095,
1096,1124,1125,
1125,1097,1096,
1097,1125,1126,
1126,1098,1097,
1098,1126,1127,
1127,1099,1098,
1099,1127,1128,
1128,1100,1099,
1100,1128,1129,
1129,1101,1100,
1101,1129,1130,
1130,1102,1101,
1102,1130,1131,
1131,1103,1102,
1103,1131,1132,
1132,1104,1103,
1104,1132,1133,
1133,1105,1104,
1105,1133,1134,
1134,1106,1105,
1106,1134,1135,
1135,1107,1106,
1107,1135,1136,
1136,1108,1107,
1108,1136,1137,
1137,1109,1108,
1109,1137,1138,
1138,1110,1109,
1110,1138,1139,
1139,1111,1110,
1111,1139,1140,
1140,1112,1111,
1112,1140,1141,
1141,1113,1112,
1113,1141,1142,
1142,1114,1113,
1114,1142,1143,
1143,1115,1114,
1115,1143,1144,
1144,1116,1115,
1117,1145,1146,
1146,1118,1117,
1118,1146,1147,
1147,1119,1118,
1119,1147,1148,
1148,1120,1119,
1120,1148,1149,
1149,1121,1120,
1121,1149,1150,
1150,1122,1121,
1122,1150,1151,
1151,1123,1122,
1123,1151,1152,
1152,1124,1123,
1124,1152,1153,
1153,1125,1124,
1125,1153,1154,
1154,1126,1125,
1126,1154,1155,
1155,1127,1126,
1127,1155,1156,
1156,1128,1127,
1128,1156,1157,
1157,1129,1128,
1129,1157,1158,
1158,1130,1129,
1130,1158,1159,
1159,1131,1130,
1131,1159,1160,
1160,1132,1131,
1132,1160,1161,
1161,1133,1132,
1133,1161,1162,
1162,1134,1133,
1134,1162,1163,
1163,1135,1134,
1135,1163,1164,
1164,1136,1135,
1136,1164,1165,
1165,1137,1136,
1137,1165,1166,
1166,1138,1137,
1138,1166,1167,
1167,1139,1138,
1139,1167,1168,
1168,1140,1139,
1140,1168,1169,
1169,1141,1140,
1141,1169,1170,
1170,1142,1141,
1142,1170,1171,
1171,1143,1142,
1143,1171,1172,
1172,1144,1143,
708,735,784,
618,635,791,
820,570,888,
740,683,750,
618,567,635,
763,674,778,
731,679,857,
695,793,798,
793,716,798,
731,744,911,
679,731,807,
852,702,897,
737,675,797,
686,736,746,
653,652,862,
674,747,778,
739,698,817,
753,676,830,
705,736,770,
735,708,868,
641,640,764,
746,653,862,
702,777,897,
681,755,813,
739,817,884,
711,753,830,
665,741,765,
877,733,882,
670,577,754,
636,569,866,
665,664,741,
736,705,856,
715,790,834,
843,691,867,
677,772,845,
753,698,775,
683,734,846,
609,771,806,
682,877,882,
744,672,911,
641,764,889,
745,707,882,
572,759,850,
648,647,743,
738,700,820,
657,766,873,
683,740,855,
824,650,844,
743,647,780,
569,761,866,
861,672,864,
790,714,792,
738,820,888,
781,691,843,
685,762,767,
688,737,797,
582,583,750,
736,686,770,
735,868,900,
854,728,939,
657,656,766,
868,673,900,
790,671,834,
725,681,853,
676,753,775,
730,892,818,
690,763,778,
645,819,839,
737,688,787,
728,854,897,
609,610,771,
698,739,775,
573,572,850,
600,599,752,
717,759,921,
733,745,882,
742,673,804,
845,772,903,
675,737,872,
730,869,892,
760,571,828,
747,696,778,
681,725,816,
705,828,856,
639,638,756,
813,673,939,
744,731,857,
734,683,855,
672,744,864,
671,790,792,
758,733,877,
755,710,813,
673,742,939,
684,735,802,
759,572,873,
770,686,886,
796,772,885,
708,784,892,
760,705,794,
745,631,894,
669,575,881,
578,670,815,
696,747,795,
783,622,793,
694,772,796,
574,659,757,
869,708,892,
582,750,859,
742,854,939,
754,577,809,
762,627,767,
675,786,797,
759,624,921,
768,692,814,
697,734,855,
759,717,850,
647,646,780,
590,591,765,
739,788,932,
666,665,765,
752,599,887,
740,697,855,
631,745,891,
651,824,862,
770,886,938,
783,695,788,
651,650,824,
734,757,846,
732,861,864,
645,644,819,
734,697,832,
873,766,945,
652,651,862,
673,813,900,
763,690,810,
698,753,846,
700,738,904,
697,740,822,
686,807,886,
661,660,774,
802,735,900,
732,870,929,
790,715,870,
670,754,815,
719,799,831,
648,743,800,
737,713,872,
752,887,936,
788,695,932,
623,622,783,
740,584,822,
614,615,768,
756,693,841,
741,664,826,
598,565,836,
616,617,773,
808,899,915,
762,685,910,
718,759,873,
625,624,759,
710,751,802,
771,709,842,
793,621,923,
575,594,809,
752,691,781,
787,607,823,
764,725,889,
735,684,842,
637,636,866,
684,771,842,
755,681,816,
718,767,940,
765,591,803,
653,746,848,
717,783,788,
705,760,828,
721,762,845,
753,683,846,
628,627,762,
726,824,844,
905,811,920,
728,813,939,
768,615,874,
695,783,793,
707,745,893,
585,586,769,
751,710,890,
584,740,934,
573,788,884,
835,569,931,
808,720,899,
887,719,936,
622,621,793,
675,751,890,
674,808,811,
847,637,866,
565,579,836,
751,684,802,
688,785,787,
611,789,865,
611,612,789,
805,581,859,
722,811,905,
816,693,942,
713,737,823,
606,607,787,
574,757,930,
819,723,839,
712,773,801,
666,765,803,
761,569,835,
750,583,934,
743,780,916,
737,787,823,
825,699,944,
603,604,761,
699,791,944,
792,687,869,
799,704,831,
773,699,801,
594,575,878,
748,835,931,
751,675,872,
725,764,816,
712,768,874,
774,660,832,
643,642,776,
845,762,910,
785,606,787,
660,574,930,
581,582,859,
743,696,800,
760,685,766,
694,893,894,
747,674,906,
750,683,880,
757,659,817,
701,761,902,
804,673,868,
718,873,945,
605,606,785,
789,709,865,
627,626,767,
591,592,803,
767,626,940,
631,630,894,
807,731,886,
571,760,898,
789,724,849,
756,638,820,
693,756,927,
780,690,916,
755,816,942,
705,770,935,
788,739,884,
759,718,940,
764,640,841,
762,721,933,
702,776,853,
805,711,830,
686,746,883,
693,764,841,
713,751,872,
748,602,835,
746,736,848,
685,760,794,
730,792,869,
711,750,880,
827,706,829,
704,805,830,
727,827,829,
568,600,851,
619,568,851,
681,777,853,
689,790,870,
771,684,806,
698,757,817,
696,743,916,
808,714,811,
807,686,883,
870,715,929,
639,756,841,
786,700,797,
667,666,803,
579,580,799,
620,619,781,
769,697,822,
740,750,934,
618,791,879,
767,718,945,
570,637,888,
773,617,879,
614,768,814,
761,701,866,
621,620,843,
893,745,894,
600,752,851,
899,687,915,
683,753,880,
840,732,929,
849,724,913,
732,840,861,
777,702,853,
676,775,798,
733,758,907,
685,767,945,
757,734,930,
617,618,879,
751,713,917,
758,633,907,
609,806,901,
750,711,859,
649,648,800,
697,774,832,
716,843,867,
729,772,938,
630,629,812,
772,677,938,
689,905,920,
721,845,903,
578,815,912,
788,573,850,
764,693,816,
726,795,858,
676,779,830,
592,593,838,
664,663,826,
656,571,898,
840,707,861,
723,819,852,
753,711,880,
745,733,891,
772,729,885,
784,680,892,
803,592,838,
824,726,858,
760,766,898,
776,702,863,
691,752,936,
607,608,823,
603,761,835,
585,769,822,
819,702,852,
765,741,941,
590,765,941,
703,824,858,
757,698,846,
586,587,896,
838,593,878,
779,704,830,
628,762,933,
613,614,814,
621,843,923,
675,890,942,
799,719,836,
854,678,897,
602,603,835,
746,862,883,
761,604,902,
678,852,897,
680,784,849,
579,799,836,
738,860,904,
625,759,940,
778,696,916,
584,585,822,
659,658,817,
638,570,820,
640,639,841,
862,703,883,
742,804,899,
833,715,834,
807,703,858,
779,691,831,
780,646,839,
766,685,945,
588,589,821,
776,642,889,
769,586,896,
886,729,938,
810,723,852,
663,662,946,
595,596,754,
786,675,942,
587,829,896,
798,716,924,
809,577,881,
782,682,833,
720,763,871,
692,768,928,
699,773,879,
784,709,849,
876,747,906,
684,751,917,
795,679,858,
766,656,898,
773,712,874,
594,595,809,
823,608,901,
785,688,860,
754,596,815,
804,687,899,
644,643,863,
821,589,941,
697,769,943,
620,781,843,
700,756,820,
583,584,934,
649,800,844,
722,876,906,
784,735,842,
763,810,871,
674,763,919,
812,694,894,
571,655,828,
616,773,874,
709,784,842,
785,701,902,
704,779,831,
662,827,946,
795,726,922,
752,781,851,
791,699,879,
741,821,941,
709,771,865,
717,788,850,
679,807,858,
769,706,943,
633,632,907,
783,717,921,
768,712,928,
691,779,867,
593,594,878,
696,795,922,
794,705,935,
819,644,863,
632,631,891,
706,769,896,
763,720,919,
632,891,907,
667,803,838,
709,789,849,
774,706,875,
774,697,943,
643,776,863,
725,776,889,
706,774,943,
678,810,852,
701,785,860,
602,748,895,
771,610,865,
608,609,901,
738,847,860,
690,778,916,
580,581,908,
724,789,909,
860,688,904,
796,672,861,
711,805,859,
646,645,839,
824,703,862,
710,755,890,
668,667,838,
661,774,875,
890,755,942,
595,754,809,
630,812,894,
650,649,844,
721,812,933,
662,661,875,
672,796,885,
700,786,927,
813,710,900,
775,739,932,
794,677,845,
720,854,899,
756,700,927,
727,821,826,
654,653,848,
821,741,826,
581,805,908,
814,724,909,
817,658,884,
713,823,901,
575,668,878,
832,660,930,
596,597,947,
668,838,878,
857,722,905,
779,676,924,
776,725,853,
826,663,946,
789,612,909,
682,782,877,
601,602,895,
708,804,868,
610,611,865,
716,867,924,
655,654,856,
703,807,883,
714,790,920,
828,655,856,
854,742,899,
798,775,932,
792,714,915,
790,689,920,
687,792,915,
777,681,937,
707,796,861,
797,700,904,
704,799,908,
613,814,909,
623,783,921,
744,857,905,
695,798,932,
587,588,918,
777,728,897,
677,794,935,
605,785,902,
615,616,874,
654,848,856,
804,708,869,
572,657,873,
891,733,907,
781,619,851,
805,704,908,
827,662,875,
687,804,869,
723,810,925,
710,802,900,
604,605,902,
728,777,937,
694,812,903,
716,793,923,
812,721,903,
791,635,944,
812,629,933,
796,707,893,
935,770,938,
626,625,940,
690,780,925,
629,628,933,
624,623,921,
597,566,914,
810,690,925,
658,573,884,
599,598,887,
674,811,906,
566,601,914,
815,749,912,
612,613,909,
642,641,889,
914,749,947,
694,796,893,
702,819,863,
795,747,876,
635,634,944,
772,694,903,
847,701,860,
864,689,870,
722,857,876,
577,669,881,
679,795,876,
811,722,906,
589,590,941,
815,596,947,
681,813,937,
808,674,919,
840,682,882,
598,836,887,
688,797,904,
713,806,917,
676,798,924,
706,827,875,
677,935,938,
854,720,871,
806,684,917,
799,580,908,
810,678,871,
806,713,901,
821,727,918,
829,587,918,
588,821,918,
720,808,919,
844,800,922,
848,736,856,
780,839,925,
813,728,937,
732,864,870,
800,696,922,
829,706,896,
734,832,930,
693,927,942,
678,854,871,
857,679,876,
680,818,892,
839,723,925,
836,719,887,
895,748,912,
847,738,888,
864,744,905,
719,831,936,
597,914,947,
843,716,923,
727,826,946,
575,809,881,
707,840,882,
685,794,910,
833,682,929,
680,849,913,
714,808,915,
715,833,929,
689,864,905,
811,714,920,
831,691,936,
927,786,942,
701,847,866,
749,895,912,
727,829,918,
637,847,888,
886,731,911,
634,825,944,
827,727,946,
895,749,914,
794,845,910,
729,886,911,
578,912,931,
885,729,911,
867,779,924,
682,840,929,
726,844,922,
672,885,911,
749,815,947,
601,895,914,
912,748,931,
569,578,931,
669,948,575,
669,576,948,
1392,1343,1316,
1399,635,1226,
1496,1178,1428,
1358,1291,1348,
635,567,1226,
1386,1282,1371,
1465,1287,1339,
1406,1401,1303,
1406,1324,1401,
1519,1352,1339,
1415,1339,1287,
1505,1310,1460,
1405,1283,1345,
1354,1344,1294,
1470,1260,1261,
1386,1355,1282,
1425,1306,1347,
1438,1284,1361,
1378,1344,1313,
1476,1316,1343,
1372,1248,1249,
1470,1261,1354,
1505,1385,1310,
1421,1363,1289,
1492,1425,1347,
1438,1361,1319,
1373,1349,1273,
1490,1341,1485,
1362,1185,1278,
1474,1177,1244,
1349,1272,1273,
1464,1313,1344,
1442,1398,1323,
1475,1299,1451,
1453,1380,1285,
1383,1306,1361,
1454,1342,1291,
1414,1379,1217,
1490,1485,1290,
1519,1280,1352,
1497,1372,1249,
1490,1315,1353,
1458,1367,1180,
1351,1255,1256,
1428,1308,1346,
1481,1374,1265,
1463,1348,1291,
1452,1258,1432,
1388,1255,1351,
1474,1369,1177,
1472,1280,1469,
1400,1322,1398,
1496,1428,1346,
1451,1299,1389,
1375,1370,1293,
1405,1345,1296,
1358,1191,1190,
1378,1294,1344,
1508,1476,1343,
1547,1336,1462,
1374,1264,1265,
1508,1281,1476,
1442,1279,1398,
1461,1289,1333,
1383,1361,1284,
1426,1500,1338,
1386,1371,1298,
1447,1427,1253,
1395,1296,1345,
1505,1462,1336,
1379,1218,1217,
1383,1347,1306,
1458,1180,1181,
1360,1207,1208,
1529,1367,1325,
1490,1353,1341,
1412,1281,1350,
1511,1380,1453,
1480,1345,1283,
1500,1477,1338,
1436,1179,1368,
1386,1304,1355,
1424,1333,1289,
1464,1436,1313,
1364,1246,1247,
1547,1281,1421,
1465,1339,1352,
1463,1291,1342,
1472,1352,1280,
1400,1398,1279,
1485,1341,1366,
1421,1318,1363,
1547,1350,1281,
1410,1343,1292,
1481,1180,1367,
1494,1294,1378,
1493,1380,1404,
1500,1392,1316,
1402,1313,1368,
1502,631,1353,
1489,1183,1277,
1423,1278,1186,
1403,1355,1304,
1401,622,1391,
1404,1380,1302,
1365,1267,1182,
1500,1316,1477,
1467,1358,1190,
1547,1462,1350,
1417,1185,1362,
1375,627,1370,
1405,1394,1283,
1529,624,1367,
1422,1300,1376,
1463,1342,1305,
1458,1325,1367,
1388,1254,1255,
1373,1199,1198,
1540,1396,1347,
1373,1273,1274,
1495,1207,1360,
1463,1305,1348,
1499,1353,631,
1470,1432,1259,
1546,1494,1378,
1396,1303,1391,
1432,1258,1259,
1454,1365,1342,
1472,1469,1340,
1427,1252,1253,
1440,1305,1342,
1553,1374,1481,
1470,1259,1260,
1508,1421,1281,
1418,1298,1371,
1454,1361,1306,
1512,1346,1308,
1430,1348,1305,
1494,1415,1294,
1382,1268,1269,
1508,1343,1410,
1537,1478,1340,
1478,1323,1398,
1423,1362,1278,
1439,1407,1327,
1408,1351,1256,
1480,1321,1345,
1544,1495,1360,
1540,1303,1396,
1391,622,623,
1430,1192,1348,
1376,1223,1222,
1449,1301,1364,
1434,1272,1349,
1444,1173,1206,
1381,1225,1224,
1523,1507,1416,
1518,1293,1370,
1481,1367,1326,
1367,624,625,
1410,1359,1318,
1450,1317,1379,
1531,621,1401,
1417,1202,1183,
1389,1299,1360,
1431,1215,1395,
1497,1333,1372,
1450,1292,1343,
1474,1244,1245,
1450,1379,1292,
1424,1289,1363,
1548,1375,1326,
1411,1199,1373,
1456,1354,1261,
1396,1391,1325,
1436,1368,1313,
1453,1370,1329,
1454,1291,1361,
1370,627,628,
1452,1432,1334,
1528,1419,1513,
1547,1421,1336,
1482,1223,1376,
1401,1391,1303,
1501,1353,1315,
1377,1194,1193,
1498,1318,1359,
1542,1348,1192,
1492,1396,1181,
1539,1177,1443,
1507,1328,1416,
1544,1327,1495,
1401,621,622,
1498,1359,1283,
1419,1416,1282,
1474,1245,1455,
1444,1187,1173,
1410,1292,1359,
1395,1393,1296,
1473,1397,1219,
1397,1220,1219,
1467,1189,1413,
1513,1419,1330,
1550,1301,1424,
1431,1345,1321,
1395,1215,1214,
1538,1365,1182,
1447,1331,1427,
1409,1381,1320,
1411,1373,1274,
1443,1177,1369,
1542,1191,1358,
1524,1388,1351,
1431,1395,1345,
1552,1307,1433,
1369,1212,1211,
1552,1399,1307,
1477,1295,1400,
1439,1312,1407,
1409,1307,1381,
1486,1183,1202,
1539,1443,1356,
1480,1283,1359,
1424,1372,1333,
1482,1376,1320,
1440,1268,1382,
1384,1250,1251,
1518,1370,1453,
1395,1214,1393,
1538,1182,1268,
1467,1190,1189,
1408,1304,1351,
1374,1293,1368,
1502,1501,1302,
1514,1282,1355,
1488,1291,1358,
1425,1267,1365,
1510,1369,1309,
1476,1281,1412,
1553,1481,1326,
1393,1214,1213,
1473,1317,1397,
1375,626,627,
1411,1200,1199,
1548,626,1375,
1502,630,631,
1494,1339,1415,
1506,1368,1179,
1457,1332,1397,
1428,1246,1364,
1535,1364,1301,
1524,1298,1388,
1550,1424,1363,
1543,1378,1313,
1492,1347,1396,
1548,1326,1367,
1449,1248,1372,
1541,1329,1370,
1461,1384,1310,
1438,1319,1413,
1491,1354,1294,
1449,1372,1301,
1480,1359,1321,
1443,1210,1356,
1456,1344,1354,
1402,1368,1293,
1477,1400,1338,
1488,1358,1319,
1437,1314,1435,
1438,1413,1312,
1437,1435,1335,
1459,1208,568,
1459,568,619,
1461,1385,1289,
1478,1398,1297,
1414,1292,1379,
1425,1365,1306,
1524,1351,1304,
1419,1322,1416,
1491,1294,1415,
1537,1323,1478,
1449,1364,1247,
1405,1308,1394,
1411,1274,1275,
1407,1188,1187,
1389,619,620,
1430,1305,1377,
1542,1358,1348,
1487,1399,1226,
1553,1326,1375,
1496,1245,1178,
1487,1225,1381,
1422,1376,1222,
1474,1309,1369,
1451,620,621,
1502,1353,1501,
1459,1360,1208,
1523,1295,1507,
1488,1361,1291,
1537,1340,1448,
1521,1332,1457,
1469,1448,1340,
1461,1310,1385,
1406,1383,1284,
1515,1366,1341,
1553,1375,1293,
1538,1342,1365,
1487,1226,1225,
1525,1321,1359,
1515,633,1366,
1509,1414,1217,
1467,1319,1358,
1408,1256,1257,
1440,1382,1305,
1475,1451,1324,
1546,1380,1337,
1420,629,630,
1546,1285,1380,
1528,1513,1297,
1511,1453,1329,
1520,1423,1186,
1458,1181,1396,
1424,1301,1372,
1466,1403,1334,
1438,1387,1284,
1446,1201,1200,
1434,1271,1272,
1506,1179,1264,
1469,1315,1448,
1460,1427,1331,
1488,1319,1361,
1499,1341,1353,
1493,1337,1380,
1500,1288,1392,
1446,1200,1411,
1466,1334,1432,
1506,1374,1368,
1471,1310,1384,
1544,1360,1299,
1431,1216,1215,
1443,1369,1211,
1430,1377,1193,
1460,1310,1427,
1549,1349,1373,
1549,1373,1198,
1466,1432,1311,
1454,1306,1365,
1504,1195,1194,
1486,1201,1446,
1438,1312,1387,
1541,1370,628,
1422,1222,1221,
1531,1451,621,
1550,1498,1283,
1444,1327,1407,
1505,1286,1462,
1443,1211,1210,
1491,1470,1354,
1510,1212,1369,
1505,1460,1286,
1457,1392,1288,
1444,1407,1187,
1512,1468,1346,
1548,1367,625,
1524,1304,1386,
1430,1193,1192,
1425,1266,1267,
1428,1178,1246,
1449,1247,1248,
1491,1311,1470,
1507,1412,1350,
1442,1323,1441,
1466,1311,1415,
1439,1299,1387,
1447,1254,1388,
1553,1293,1374,
1429,1197,1196,
1497,1250,1384,
1504,1194,1377,
1546,1337,1494,
1460,1331,1418,
1554,1270,1271,
1362,1204,1203,
1550,1283,1394,
1504,1437,1195,
1532,1324,1406,
1489,1185,1417,
1441,1290,1390,
1479,1371,1328,
1536,1376,1300,
1487,1381,1307,
1457,1317,1392,
1514,1355,1484,
1525,1359,1292,
1466,1287,1403,
1506,1264,1374,
1482,1320,1381,
1417,1203,1202,
1509,1216,1431,
1468,1296,1393,
1423,1204,1362,
1507,1295,1412,
1471,1251,1252,
1549,1197,1429,
1551,1377,1305,
1451,1389,620,
1428,1364,1308,
1542,1192,1191,
1452,1408,1257,
1514,1484,1330,
1450,1343,1392,
1479,1418,1371,
1527,1371,1282,
1502,1302,1420,
1436,1263,1179,
1482,1381,1224,
1450,1392,1317,
1510,1309,1393,
1439,1387,1312,
1554,1435,1270,
1530,1334,1403,
1459,1389,1360,
1487,1307,1399,
1549,1429,1349,
1473,1379,1317,
1458,1396,1325,
1466,1415,1287,
1551,1314,1377,
1515,632,633,
1529,1325,1391,
1536,1320,1376,
1475,1387,1299,
1486,1202,1201,
1530,1403,1304,
1543,1313,1402,
1471,1252,1427,
1499,631,632,
1504,1377,1314,
1527,1328,1371,
1515,1499,632,
1446,1411,1275,
1457,1397,1317,
1483,1314,1382,
1551,1305,1382,
1471,1384,1251,
1497,1384,1333,
1551,1382,1314,
1460,1418,1286,
1468,1393,1309,
1503,1356,1210,
1473,1218,1379,
1509,1217,1216,
1468,1455,1346,
1524,1386,1298,
1516,1189,1188,
1517,1397,1332,
1512,1296,1468,
1469,1280,1404,
1467,1413,1319,
1447,1253,1254,
1470,1311,1432,
1498,1363,1318,
1446,1275,1276,
1483,1382,1269,
1550,1363,1498,
1417,1362,1203,
1502,1420,630,
1452,1257,1258,
1541,1420,1329,
1483,1269,1270,
1493,1404,1280,
1535,1394,1308,
1508,1318,1421,
1540,1347,1383,
1453,1285,1402,
1507,1462,1328,
1535,1308,1364,
1434,1429,1335,
1456,1261,1262,
1434,1349,1429,
1516,1413,1189,
1517,1332,1422,
1492,1266,1425,
1509,1431,1321,
1486,1276,1183,
1538,1268,1440,
1555,1205,1204,
1486,1446,1276,
1513,1330,1465,
1532,1284,1387,
1461,1333,1384,
1554,1271,1434,
1517,1220,1397,
1485,1390,1290,
1503,1210,1209,
1476,1412,1316,
1473,1219,1218,
1532,1475,1324,
1464,1262,1263,
1491,1415,1311,
1528,1398,1322,
1464,1263,1436,
1507,1350,1462,
1540,1383,1406,
1523,1322,1400,
1528,1297,1398,
1523,1400,1295,
1545,1289,1385,
1469,1404,1315,
1512,1308,1405,
1516,1407,1312,
1517,1422,1221,
1529,1391,623,
1513,1465,1352,
1540,1406,1303,
1526,1196,1195,
1505,1336,1385,
1543,1402,1285,
1510,1393,1213,
1482,1224,1223,
1464,1456,1262,
1477,1316,1412,
1481,1265,1180,
1515,1341,1499,
1459,619,1389,
1516,1312,1413,
1483,1270,1435,
1477,1412,1295,
1533,1418,1331,
1508,1410,1318,
1510,1213,1212,
1545,1385,1336,
1511,1420,1302,
1531,1401,1324,
1511,1329,1420,
1552,635,1399,
1541,629,1420,
1501,1315,1404,
1546,1378,1543,
1548,625,626,
1533,1388,1298,
1541,628,629,
1529,623,624,
1522,1174,1205,
1533,1298,1418,
1492,1181,1266,
1495,1206,1207,
1514,1419,1282,
1522,1209,1174,
1520,1357,1423,
1517,1221,1220,
1497,1249,1250,
1555,1357,1522,
1501,1404,1302,
1471,1427,1310,
1484,1355,1403,
1552,634,635,
1511,1302,1380,
1468,1309,1455,
1478,1297,1472,
1484,1465,1330,
1489,1277,1185,
1484,1403,1287,
1514,1330,1419,
1549,1198,1197,
1555,1204,1423,
1545,1421,1289,
1527,1282,1416,
1490,1290,1448,
1495,1444,1206,
1512,1405,1296,
1525,1414,1321,
1532,1406,1284,
1483,1435,1314,
1546,1543,1285,
1479,1328,1462,
1525,1292,1414,
1516,1188,1407,
1479,1286,1418,
1509,1321,1414,
1526,1335,1429,
1526,1195,1437,
1526,1429,1196,
1527,1416,1328,
1530,1408,1452,
1464,1344,1456,
1533,1447,1388,
1545,1336,1421,
1478,1472,1340,
1530,1304,1408,
1504,1314,1437,
1538,1440,1342,
1550,1535,1301,
1479,1462,1286,
1484,1287,1465,
1500,1426,1288,
1533,1331,1447,
1495,1327,1444,
1520,1356,1503,
1496,1346,1455,
1513,1352,1472,
1544,1439,1327,
1555,1522,1205,
1531,1324,1451,
1554,1434,1335,
1489,1417,1183,
1490,1448,1315,
1518,1402,1293,
1537,1290,1441,
1521,1457,1288,
1523,1416,1322,
1537,1441,1323,
1513,1472,1297,
1528,1322,1419,
1544,1299,1439,
1550,1394,1535,
1474,1455,1309,
1520,1503,1357,
1526,1437,1335,
1496,1455,1245,
1519,1339,1494,
1552,1433,634,
1554,1335,1435,
1522,1357,1503,
1518,1453,1402,
1519,1494,1337,
1539,1520,1186,
1519,1337,1493,
1532,1387,1475,
1537,1448,1290,
1530,1452,1334,
1519,1493,1280,
1555,1423,1357,
1522,1503,1209,
1539,1356,1520,
1539,1186,1177,
1183,1556,1277,
1556,1184,1277,
96.00000 ,-24.00000 ,
97.56000 ,-24.00000 ,
99.11000 ,-24.00000 ,
100.67000 ,-24.00000 ,
102.22000 ,-24.00000 ,
103.78000 ,-24.00000 ,
105.33000 ,-24.00000 ,
106.89000 ,-24.00000 ,
108.44000 ,-24.00000 ,
110.00000 ,-24.00000 ,
96.00000 ,-22.50000 ,
97.56000 ,-22.50000 ,
99.11000 ,-22.50000 ,
100.67000 ,-22.50000 ,
102.22000 ,-22.50000 ,
103.78000 ,-22.50000 ,
105.33000 ,-22.50000 ,
106.89000 ,-22.50000 ,
108.44000 ,-22.50000 ,
110.00000 ,-22.50000 ,
96.00000 ,-21.00000 ,
97.56000 ,-21.00000 ,
99.11000 ,-21.00000 ,
100.67000 ,-21.00000 ,
102.22000 ,-21.00000 ,
103.78000 ,-21.00000 ,
105.33000 ,-21.00000 ,
106.89000 ,-21.00000 ,
108.44000 ,-21.00000 ,
110.00000 ,-21.00000 ,
96.00000 ,-19.50000 ,
97.56000 ,-19.50000 ,
99.11000 ,-19.50000 ,
100.67000 ,-19.50000 ,
102.22000 ,-19.50000 ,
103.78000 ,-19.50000 ,
105.33000 ,-19.50000 ,
106.89000 ,-19.50000 ,
108.44000 ,-19.50000 ,
110.00000 ,-19.50000 ,
96.00000 ,-18.00000 ,
97.56000 ,-18.00000 ,
99.11000 ,-18.00000 ,
100.67000 ,-18.00000 ,
102.22000 ,-18.00000 ,
103.78000 ,-18.00000 ,
105.33000 ,-18.00000 ,
106.89000 ,-18.00000 ,
108.44000 ,-18.00000 ,
110.00000 ,-18.00000 ,
96.00000 ,-16.50000 ,
97.56000 ,-16.50000 ,
99.11000 ,-16.50000 ,
100.67000 ,-16.50000 ,
102.22000 ,-16.50000 ,
103.78000 ,-16.50000 ,
105.33000 ,-16.50000 ,
106.89000 ,-16.50000 ,
108.44000 ,-16.50000 ,
110.00000 ,-16.50000 ,
96.00000 ,-15.00000 ,
97.56000 ,-15.00000 ,
99.11000 ,-15.00000 ,
100.67000 ,-15.00000 ,
102.22000 ,-15.00000 ,
103.78000 ,-15.00000 ,
105.33000 ,-15.00000 ,
106.89000 ,-15.00000 ,
108.44000 ,-15.00000 ,
110.00000 ,-15.00000 ,
96.00000 ,-13.50000 ,
97.56000 ,-13.50000 ,
99.11000 ,-13.50000 ,
100.67000 ,-13.50000 ,
102.22000 ,-13.50000 ,
103.78000 ,-13.50000 ,
105.33000 ,-13.50000 ,
106.89000 ,-13.50000 ,
108.44000 ,-13.50000 ,
110.00000 ,-13.50000 ,
96.00000 ,-12.00000 ,
97.56000 ,-12.00000 ,
99.11000 ,-12.00000 ,
100.67000 ,-12.00000 ,
102.22000 ,-12.00000 ,
103.78000 ,-12.00000 ,
105.33000 ,-12.00000 ,
106.89000 ,-12.00000 ,
108.44000 ,-12.00000 ,
110.00000 ,-12.00000 ,
96.00000 ,-10.50000 ,
97.56000 ,-10.50000 ,
99.11000 ,-10.50000 ,
100.67000 ,-10.50000 ,
102.22000 ,-10.50000 ,
103.78000 ,-10.50000 ,
105.33000 ,-10.50000 ,
106.89000 ,-10.50000 ,
108.44000 ,-10.50000 ,
110.00000 ,-10.50000 ,
96.00000 ,-9.00000 ,
97.56000 ,-9.00000 ,
99.11000 ,-9.00000 ,
100.67000 ,-9.00000 ,
102.22000 ,-9.00000 ,
103.78000 ,-9.00000 ,
105.33000 ,-9.00000 ,
106.89000 ,-9.00000 ,
108.44000 ,-9.00000 ,
110.00000 ,-9.00000 ,
96.00000 ,-7.50000 ,
97.56000 ,-7.50000 ,
99.11000 ,-7.50000 ,
100.67000 ,-7.50000 ,
102.22000 ,-7.50000 ,
103.78000 ,-7.50000 ,
105.33000 ,-7.50000 ,
106.89000 ,-7.50000 ,
108.44000 ,-7.50000 ,
110.00000 ,-7.50000 ,
96.00000 ,-6.00000 ,
97.56000 ,-6.00000 ,
99.11000 ,-6.00000 ,
100.67000 ,-6.00000 ,
102.22000 ,-6.00000 ,
103.78000 ,-6.00000 ,
105.33000 ,-6.00000 ,
106.89000 ,-6.00000 ,
108.44000 ,-6.00000 ,
110.00000 ,-6.00000 ,
96.00000 ,-4.50000 ,
97.56000 ,-4.50000 ,
99.11000 ,-4.50000 ,
100.67000 ,-4.50000 ,
102.22000 ,-4.50000 ,
103.78000 ,-4.50000 ,
105.33000 ,-4.50000 ,
106.89000 ,-4.50000 ,
108.44000 ,-4.50000 ,
110.00000 ,-4.50000 ,
96.00000 ,-3.00000 ,
97.56000 ,-3.00000 ,
99.11000 ,-3.00000 ,
100.67000 ,-3.00000 ,
102.22000 ,-3.00000 ,
103.78000 ,-3.00000 ,
105.33000 ,-3.00000 ,
106.89000 ,-3.00000 ,
108.44000 ,-3.00000 ,
110.00000 ,-3.00000 ,
96.00000 ,-1.50000 ,
97.56000 ,-1.50000 ,
99.11000 ,-1.50000 ,
100.67000 ,-1.50000 ,
102.22000 ,-1.50000 ,
103.78000 ,-1.50000 ,
105.33000 ,-1.50000 ,
106.89000 ,-1.50000 ,
108.44000 ,-1.50000 ,
110.00000 ,-1.50000 ,
96.00000 ,0.00000 ,
97.56000 ,0.00000 ,
99.11000 ,0.00000 ,
100.67000 ,0.00000 ,
102.22000 ,0.00000 ,
103.78000 ,0.00000 ,
105.33000 ,0.00000 ,
106.89000 ,0.00000 ,
108.44000 ,0.00000 ,
110.00000 ,0.00000 ,
96.00000 ,24.00000 ,
97.56000 ,24.00000 ,
99.11000 ,24.00000 ,
100.67000 ,24.00000 ,
102.22000 ,24.00000 ,
103.78000 ,24.00000 ,
105.33000 ,24.00000 ,
106.89000 ,24.00000 ,
108.44000 ,24.00000 ,
110.00000 ,24.00000 ,
96.00000 ,22.50000 ,
97.56000 ,22.50000 ,
99.11000 ,22.50000 ,
100.67000 ,22.50000 ,
102.22000 ,22.50000 ,
103.78000 ,22.50000 ,
105.33000 ,22.50000 ,
106.89000 ,22.50000 ,
108.44000 ,22.50000 ,
110.00000 ,22.50000 ,
96.00000 ,21.00000 ,
97.56000 ,21.00000 ,
99.11000 ,21.00000 ,
100.67000 ,21.00000 ,
102.22000 ,21.00000 ,
103.78000 ,21.00000 ,
105.33000 ,21.00000 ,
106.89000 ,21.00000 ,
108.44000 ,21.00000 ,
110.00000 ,21.00000 ,
96.00000 ,19.50000 ,
97.56000 ,19.50000 ,
99.11000 ,19.50000 ,
100.67000 ,19.50000 ,
102.22000 ,19.50000 ,
103.78000 ,19.50000 ,
105.33000 ,19.50000 ,
106.89000 ,19.50000 ,
108.44000 ,19.50000 ,
110.00000 ,19.50000 ,
96.00000 ,18.00000 ,
97.56000 ,18.00000 ,
99.11000 ,18.00000 ,
100.67000 ,18.00000 ,
102.22000 ,18.00000 ,
103.78000 ,18.00000 ,
105.33000 ,18.00000 ,
106.89000 ,18.00000 ,
108.44000 ,18.00000 ,
110.00000 ,18.00000 ,
96.00000 ,16.50000 ,
97.56000 ,16.50000 ,
99.11000 ,16.50000 ,
100.67000 ,16.50000 ,
102.22000 ,16.50000 ,
103.78000 ,16.50000 ,
105.33000 ,16.50000 ,
106.89000 ,16.50000 ,
108.44000 ,16.50000 ,
110.00000 ,16.50000 ,
96.00000 ,15.00000 ,
97.56000 ,15.00000 ,
99.11000 ,15.00000 ,
100.67000 ,15.00000 ,
102.22000 ,15.00000 ,
103.78000 ,15.00000 ,
105.33000 ,15.00000 ,
106.89000 ,15.00000 ,
108.44000 ,15.00000 ,
110.00000 ,15.00000 ,
96.00000 ,13.50000 ,
97.56000 ,13.50000 ,
99.11000 ,13.50000 ,
100.67000 ,13.50000 ,
102.22000 ,13.50000 ,
103.78000 ,13.50000 ,
105.33000 ,13.50000 ,
106.89000 ,13.50000 ,
108.44000 ,13.50000 ,
110.00000 ,13.50000 ,
96.00000 ,12.00000 ,
97.56000 ,12.00000 ,
99.11000 ,12.00000 ,
100.67000 ,12.00000 ,
102.22000 ,12.00000 ,
103.78000 ,12.00000 ,
105.33000 ,12.00000 ,
106.89000 ,12.00000 ,
108.44000 ,12.00000 ,
110.00000 ,12.00000 ,
96.00000 ,10.50000 ,
97.56000 ,10.50000 ,
99.11000 ,10.50000 ,
100.67000 ,10.50000 ,
102.22000 ,10.50000 ,
103.78000 ,10.50000 ,
105.33000 ,10.50000 ,
106.89000 ,10.50000 ,
108.44000 ,10.50000 ,
110.00000 ,10.50000 ,
96.00000 ,9.00000 ,
97.56000 ,9.00000 ,
99.11000 ,9.00000 ,
100.67000 ,9.00000 ,
102.22000 ,9.00000 ,
103.78000 ,9.00000 ,
105.33000 ,9.00000 ,
106.89000 ,9.00000 ,
108.44000 ,9.00000 ,
110.00000 ,9.00000 ,
96.00000 ,7.50000 ,
97.56000 ,7.50000 ,
99.11000 ,7.50000 ,
100.67000 ,7.50000 ,
102.22000 ,7.50000 ,
103.78000 ,7.50000 ,
105.33000 ,7.50000 ,
106.89000 ,7.50000 ,
108.44000 ,7.50000 ,
110.00000 ,7.50000 ,
96.00000 ,6.00000 ,
97.56000 ,6.00000 ,
99.11000 ,6.00000 ,
100.67000 ,6.00000 ,
102.22000 ,6.00000 ,
103.78000 ,6.00000 ,
105.33000 ,6.00000 ,
106.89000 ,6.00000 ,
108.44000 ,6.00000 ,
110.00000 ,6.00000 ,
96.00000 ,4.50000 ,
97.56000 ,4.50000 ,
99.11000 ,4.50000 ,
100.67000 ,4.50000 ,
102.22000 ,4.50000 ,
103.78000 ,4.50000 ,
105.33000 ,4.50000 ,
106.89000 ,4.50000 ,
108.44000 ,4.50000 ,
110.00000 ,4.50000 ,
96.00000 ,3.00000 ,
97.56000 ,3.00000 ,
99.11000 ,3.00000 ,
100.67000 ,3.00000 ,
102.22000 ,3.00000 ,
103.78000 ,3.00000 ,
105.33000 ,3.00000 ,
106.89000 ,3.00000 ,
108.44000 ,3.00000 ,
110.00000 ,3.00000 ,
96.00000 ,1.50000 ,
97.56000 ,1.50000 ,
99.11000 ,1.50000 ,
100.67000 ,1.50000 ,
102.22000 ,1.50000 ,
103.78000 ,1.50000 ,
105.33000 ,1.50000 ,
106.89000 ,1.50000 ,
108.44000 ,1.50000 ,
110.00000 ,1.50000 ,
0.00000 ,0.00000 ,
0.00000 ,0.00000 ,
0.00000 ,0.00000 ,
0.00000 ,0.00000 ,
0.00000 ,0.00000 ,
0.00000 ,0.00000 ,
0.00000 ,0.00000 ,
0.00000 ,0.00000 ,
0.00000 ,0.00000 ,
0.00000 ,0.00000 ,
50.12509 ,-22.89347 ,
50.62508 ,-23.75949 ,
51.17509 ,-24.71212 ,
51.78009 ,-25.76001 ,
52.44508 ,-26.91183 ,
53.18010 ,-28.18488 ,
53.98507 ,-29.57920 ,
54.87008 ,-31.11205 ,
55.84509 ,-32.80080 ,
56.91508 ,-34.65410 ,
58.09508 ,-36.69792 ,
59.39009 ,-38.94093 ,
60.81509 ,-41.40909 ,
62.02009 ,-43.49622 ,
63.23008 ,-45.59200 ,
64.43508 ,-47.67911 ,
65.86009 ,-50.14730 ,
67.15508 ,-52.39028 ,
68.33508 ,-54.43411 ,
69.40508 ,-56.28742 ,
70.38008 ,-57.97616 ,
71.26509 ,-59.50902 ,
72.07008 ,-60.90333 ,
72.80509 ,-62.17637 ,
73.47008 ,-63.32819 ,
74.07508 ,-64.37609 ,
74.62509 ,-65.32872 ,
75.12509 ,-66.19474 ,
50.99110 ,-22.39347 ,
51.49111 ,-23.25949 ,
52.04111 ,-24.21213 ,
52.64610 ,-25.26003 ,
53.31111 ,-26.41182 ,
54.04611 ,-27.68489 ,
54.85111 ,-29.07919 ,
55.73612 ,-30.61206 ,
56.71111 ,-32.30081 ,
57.78110 ,-34.15410 ,
58.96111 ,-36.19791 ,
60.25610 ,-38.44093 ,
61.68111 ,-40.90910 ,
62.88611 ,-42.99621 ,
64.09610 ,-45.09199 ,
65.30111 ,-47.17912 ,
66.72611 ,-49.64729 ,
68.02111 ,-51.89028 ,
69.20110 ,-53.93412 ,
70.27111 ,-55.78741 ,
71.24611 ,-57.47614 ,
72.13111 ,-59.00903 ,
72.93611 ,-60.40332 ,
73.67111 ,-61.67638 ,
74.33611 ,-62.82821 ,
74.94111 ,-63.87609 ,
75.49111 ,-64.82872 ,
75.99111 ,-65.69475 ,
51.94374 ,-21.84348 ,
52.44374 ,-22.70949 ,
52.99374 ,-23.66213 ,
53.59874 ,-24.71002 ,
54.26374 ,-25.86183 ,
54.99874 ,-27.13488 ,
55.80374 ,-28.52918 ,
56.68874 ,-30.06204 ,
57.66374 ,-31.75081 ,
58.73374 ,-33.60410 ,
59.91374 ,-35.64793 ,
61.20873 ,-37.89092 ,
62.63374 ,-40.35910 ,
63.83874 ,-42.44621 ,
65.04873 ,-44.54200 ,
66.25373 ,-46.62912 ,
67.67874 ,-49.09729 ,
68.97373 ,-51.34030 ,
70.15373 ,-53.38412 ,
71.22374 ,-55.23741 ,
72.19873 ,-56.92618 ,
73.08373 ,-58.45903 ,
73.88873 ,-59.85332 ,
74.62374 ,-61.12639 ,
75.28873 ,-62.27820 ,
75.89374 ,-63.32609 ,
76.44374 ,-64.27871 ,
76.94374 ,-65.14474 ,
52.99163 ,-21.23848 ,
53.49164 ,-22.10450 ,
54.04163 ,-23.05713 ,
54.64663 ,-24.10502 ,
55.31162 ,-25.25683 ,
56.04663 ,-26.52990 ,
56.85163 ,-27.92418 ,
57.73664 ,-29.45705 ,
58.71163 ,-31.14581 ,
59.78163 ,-32.99910 ,
60.96164 ,-35.04291 ,
62.25662 ,-37.28592 ,
63.68163 ,-39.75410 ,
64.88663 ,-41.84121 ,
66.09662 ,-43.93700 ,
67.30162 ,-46.02412 ,
68.72663 ,-48.49229 ,
70.02162 ,-50.73529 ,
71.20163 ,-52.77912 ,
72.27163 ,-54.63241 ,
73.24662 ,-56.32117 ,
74.13162 ,-57.85403 ,
74.93662 ,-59.24833 ,
75.67163 ,-60.52139 ,
76.33662 ,-61.67320 ,
76.94163 ,-62.72109 ,
77.49163 ,-63.67371 ,
77.99163 ,-64.53974 ,
54.14344 ,-20.57348 ,
54.64344 ,-21.43951 ,
55.19344 ,-22.39211 ,
55.79843 ,-23.44002 ,
56.46345 ,-24.59184 ,
57.19844 ,-25.86488 ,
58.00344 ,-27.25919 ,
58.88844 ,-28.79205 ,
59.86344 ,-30.48081 ,
60.93343 ,-32.33410 ,
62.11344 ,-34.37791 ,
63.40844 ,-36.62092 ,
64.83343 ,-39.08910 ,
66.03844 ,-41.17621 ,
67.24844 ,-43.27199 ,
68.45344 ,-45.35912 ,
69.87844 ,-47.82729 ,
71.17344 ,-50.07029 ,
72.35344 ,-52.11412 ,
73.42344 ,-53.96741 ,
74.39845 ,-55.65616 ,
75.28344 ,-57.18901 ,
76.08844 ,-58.58332 ,
76.82344 ,-59.85638 ,
77.48844 ,-61.00820 ,
78.09344 ,-62.05609 ,
78.64344 ,-63.00872 ,
79.14344 ,-63.87474 ,
55.21731 ,-19.95347 ,
55.71732 ,-20.81951 ,
56.26732 ,-21.77213 ,
56.87232 ,-22.82002 ,
57.53731 ,-23.97183 ,
58.27232 ,-25.24489 ,
59.07731 ,-26.63919 ,
59.96232 ,-28.17205 ,
60.93731 ,-29.86080 ,
62.00731 ,-31.71409 ,
63.18732 ,-33.75791 ,
64.48231 ,-36.00093 ,
65.90732 ,-38.46910 ,
67.11232 ,-40.55622 ,
68.32231 ,-42.65200 ,
69.52732 ,-44.73913 ,
70.95232 ,-47.20729 ,
72.24731 ,-49.45030 ,
73.42730 ,-51.49412 ,
74.49731 ,-53.34741 ,
75.47231 ,-55.03616 ,
76.35731 ,-56.56903 ,
77.16231 ,-57.96333 ,
77.89732 ,-59.23639 ,
78.56232 ,-60.38821 ,
79.16732 ,-61.43610 ,
79.71732 ,-62.38872 ,
80.21731 ,-63.25474 ,
56.29119 ,-19.33347 ,
56.79118 ,-20.19950 ,
57.34118 ,-21.15212 ,
57.94618 ,-22.20001 ,
58.61118 ,-23.35183 ,
59.34618 ,-24.62487 ,
60.15118 ,-26.01919 ,
61.03618 ,-27.55205 ,
62.01119 ,-29.24080 ,
63.08119 ,-31.09409 ,
64.26119 ,-33.13791 ,
65.55618 ,-35.38092 ,
66.98118 ,-37.84911 ,
68.18619 ,-39.93622 ,
69.39618 ,-42.03200 ,
70.60118 ,-44.11911 ,
72.02618 ,-46.58729 ,
73.32119 ,-48.83029 ,
74.50119 ,-50.87412 ,
75.57119 ,-52.72741 ,
76.54618 ,-54.41616 ,
77.43118 ,-55.94903 ,
78.23618 ,-57.34333 ,
78.97118 ,-58.61637 ,
79.63618 ,-59.76819 ,
80.24118 ,-60.81608 ,
80.79118 ,-61.76872 ,
81.29119 ,-62.63474 ,
57.36506 ,-18.71347 ,
57.86506 ,-19.57950 ,
58.41506 ,-20.53213 ,
59.02006 ,-21.58002 ,
59.68506 ,-22.73183 ,
60.42005 ,-24.00488 ,
61.22505 ,-25.39918 ,
62.11005 ,-26.93206 ,
63.08505 ,-28.62080 ,
64.15506 ,-30.47410 ,
65.33505 ,-32.51791 ,
66.63006 ,-34.76092 ,
68.05506 ,-37.22909 ,
69.26005 ,-39.31623 ,
70.47006 ,-41.41200 ,
71.67506 ,-43.49912 ,
73.10006 ,-45.96729 ,
74.39506 ,-48.21030 ,
75.57506 ,-50.25411 ,
76.64505 ,-52.10741 ,
77.62006 ,-53.79616 ,
78.50506 ,-55.32903 ,
79.31006 ,-56.72333 ,
80.04506 ,-57.99638 ,
80.71006 ,-59.14820 ,
81.31505 ,-60.19609 ,
81.86505 ,-61.14872 ,
82.36505 ,-62.01474 ,
14.14214 ,-14.14214 ,
84.85281 ,-84.85281 ,
119.99999 ,0.00000 ,
20.00001 ,0.00000 ,
88.45437 ,-73.89510 ,
82.36505 ,-62.01474 ,
57.36506 ,-18.71347 ,
52.23108 ,-7.82117 ,
47.90095 ,-10.32117 ,
49.57082 ,-23.21347 ,
74.57083 ,-66.51475 ,
78.90095 ,-64.01474 ,
79.23589 ,-69.59487 ,
87.25700 ,-75.58200 ,
17.67768 ,-17.67768 ,
21.21320 ,-21.21320 ,
24.74874 ,-24.74874 ,
28.28427 ,-28.28427 ,
31.81981 ,-31.81981 ,
35.35534 ,-35.35534 ,
38.89087 ,-38.89087 ,
42.42641 ,-42.42641 ,
45.96194 ,-45.96194 ,
49.49747 ,-49.49747 ,
53.03301 ,-53.03301 ,
56.56854 ,-56.56854 ,
60.10408 ,-60.10408 ,
63.63960 ,-63.63960 ,
67.17514 ,-67.17514 ,
70.71068 ,-70.71068 ,
74.24621 ,-74.24621 ,
77.78175 ,-77.78175 ,
81.31728 ,-81.31728 ,
16.62940 ,-11.11141 ,
18.47759 ,-7.65367 ,
19.61570 ,-3.90181 ,
88.28687 ,-81.27379 ,
91.57009 ,-77.55591 ,
94.69686 ,-73.70552 ,
97.66185 ,-69.72922 ,
100.45998 ,-65.63378 ,
103.08647 ,-61.42620 ,
105.53685 ,-57.11369 ,
107.80692 ,-52.70359 ,
109.89280 ,-48.20345 ,
111.79093 ,-43.62096 ,
113.49807 ,-38.96394 ,
115.01130 ,-34.24034 ,
116.32803 ,-29.45825 ,
117.44602 ,-24.62584 ,
118.36336 ,-19.75135 ,
119.07847 ,-14.84311 ,
119.59014 ,-9.90952 ,
119.89749 ,-4.95900 ,
25.00000 ,0.00000 ,
30.00000 ,0.00000 ,
35.00000 ,0.00000 ,
40.00000 ,0.00000 ,
45.00001 ,0.00000 ,
50.00000 ,0.00000 ,
55.00000 ,0.00000 ,
60.00000 ,0.00000 ,
65.00000 ,0.00000 ,
69.99999 ,0.00000 ,
75.00000 ,0.00000 ,
80.00000 ,0.00000 ,
85.00001 ,0.00000 ,
90.00000 ,0.00000 ,
94.99999 ,0.00000 ,
110.00001 ,0.00000 ,
115.00000 ,0.00000 ,
85.99664 ,-68.30483 ,
83.68085 ,-64.29376 ,
81.04927 ,-59.73572 ,
79.73348 ,-57.45672 ,
78.41770 ,-55.17771 ,
77.10190 ,-52.89869 ,
75.78611 ,-50.61967 ,
74.47031 ,-48.34066 ,
73.15453 ,-46.06164 ,
71.83875 ,-43.78263 ,
70.52295 ,-41.50361 ,
69.20715 ,-39.22461 ,
67.89137 ,-36.94558 ,
66.57558 ,-34.66658 ,
65.25980 ,-32.38756 ,
63.94400 ,-30.10856 ,
62.62822 ,-27.82953 ,
61.31243 ,-25.55052 ,
59.99662 ,-23.27151 ,
58.68084 ,-20.99249 ,
56.04926 ,-16.43446 ,
54.73347 ,-14.15544 ,
49.12424 ,-15.77331 ,
49.34754 ,-19.49339 ,
52.07083 ,-27.54360 ,
54.57082 ,-31.87373 ,
57.07083 ,-36.20385 ,
59.57083 ,-40.53398 ,
62.07082 ,-44.86412 ,
64.57083 ,-49.19424 ,
67.07082 ,-53.52437 ,
69.57083 ,-57.85449 ,
72.07083 ,-62.18462 ,
79.06842 ,-66.80481 ,
81.56842 ,-71.13494 ,
94.99999 ,-23.47537 ,
80.76943 ,-15.98273 ,
91.84300 ,-39.82990 ,
81.81556 ,-30.39735 ,
93.56761 ,-50.98893 ,
34.92344 ,-14.67832 ,
69.77453 ,-12.87886 ,
83.11655 ,-38.41862 ,
75.34435 ,-25.04591 ,
103.36640 ,-28.70085 ,
86.41406 ,-45.84630 ,
91.80423 ,-12.31771 ,
39.12453 ,-24.54843 ,
101.78594 ,-43.26547 ,
64.64908 ,-8.08271 ,
68.94831 ,-20.91728 ,
91.67794 ,-31.08062 ,
96.25664 ,-57.92102 ,
86.36819 ,-21.48859 ,
76.80032 ,-36.36547 ,
27.79657 ,-8.58346 ,
110.00001 ,-23.29483 ,
85.23570 ,-52.82608 ,
78.51016 ,-7.77806 ,
41.13993 ,-8.18294 ,
73.89146 ,-32.53593 ,
44.12951 ,-31.63299 ,
42.30312 ,-18.01503 ,
110.00001 ,-7.98605 ,
87.78723 ,-57.36492 ,
93.99247 ,-64.32639 ,
80.06371 ,-44.20949 ,
68.92494 ,-25.71346 ,
27.30844 ,-16.84506 ,
64.00669 ,-16.80450 ,
48.62100 ,-37.39188 ,
84.52831 ,-10.69366 ,
97.31305 ,-33.71685 ,
106.31530 ,-37.71969 ,
92.82275 ,-45.66807 ,
32.66209 ,-21.48545 ,
110.00001 ,-17.13077 ,
101.88002 ,-49.84088 ,
88.58168 ,-26.51962 ,
91.11198 ,-18.05147 ,
34.42874 ,-7.16587 ,
47.49476 ,-4.61763 ,
57.97962 ,-5.74313 ,
22.55909 ,-12.79369 ,
84.97877 ,-34.10925 ,
72.79963 ,-5.88167 ,
80.24908 ,-25.71951 ,
77.24865 ,-40.42973 ,
109.51206 ,-28.70085 ,
81.97515 ,-48.66754 ,
70.51867 ,-29.42277 ,
53.41630 ,-43.76826 ,
87.29772 ,-41.16121 ,
74.08392 ,-15.74999 ,
96.93473 ,-28.70085 ,
75.69590 ,-21.23581 ,
86.08197 ,-16.17130 ,
89.40909 ,-6.12234 ,
44.41317 ,-25.99147 ,
98.91813 ,-38.81318 ,
65.61399 ,-20.22404 ,
98.67986 ,-53.91615 ,
91.54419 ,-59.24330 ,
43.67597 ,-13.45557 ,
38.41061 ,-30.24555 ,
59.40375 ,-49.17894 ,
88.74518 ,-37.03019 ,
72.59203 ,-35.56934 ,
78.80806 ,-20.49158 ,
83.51873 ,-5.69129 ,
66.27779 ,-23.29780 ,
78.26684 ,-29.25383 ,
90.11082 ,-76.70240 ,
85.73805 ,-78.97756 ,
34.10222 ,-26.74856 ,
96.45026 ,-47.82699 ,
22.95684 ,-6.86864 ,
37.42717 ,-19.45592 ,
78.26471 ,-73.05226 ,
89.50477 ,-47.20461 ,
84.70958 ,-56.10389 ,
45.11693 ,-20.39162 ,
94.99999 ,-5.45945 ,
52.84507 ,-4.80985 ,
64.23439 ,-12.37605 ,
93.40125 ,-68.96237 ,
68.17118 ,-4.63694 ,
81.59693 ,-33.91899 ,
81.88835 ,-51.66865 ,
61.28440 ,-54.25454 ,
60.75191 ,-10.22930 ,
62.35099 ,-4.13861 ,
113.18950 ,-21.65956 ,
43.80198 ,-37.09759 ,
67.60692 ,-18.04063 ,
106.81904 ,-42.70519 ,
73.82899 ,-11.96880 ,
114.69208 ,-12.61988 ,
49.42154 ,-32.51385 ,
39.37128 ,-14.68386 ,
79.20219 ,-47.36473 ,
84.82923 ,-43.23725 ,
78.76938 ,-32.39490 ,
30.46670 ,-13.02718 ,
74.08201 ,-37.82844 ,
27.36170 ,-4.00555 ,
94.99999 ,-12.21214 ,
42.97210 ,-3.04303 ,
102.10368 ,-35.20439 ,
97.83218 ,-62.01940 ,
90.01599 ,-52.04169 ,
100.53413 ,-57.83537 ,
45.39008 ,-9.82318 ,
110.37990 ,-34.98964 ,
89.98540 ,-22.72464 ,
114.83785 ,-5.05801 ,
94.99999 ,-27.21727 ,
38.43485 ,-4.52949 ,
68.00686 ,-11.02525 ,
73.27307 ,-29.15795 ,
80.41581 ,-11.71390 ,
93.03984 ,-55.63271 ,
37.15547 ,-10.65862 ,
22.72971 ,-16.67805 ,
70.12391 ,-34.06611 ,
110.00001 ,-13.36095 ,
97.62669 ,-43.02993 ,
64.74263 ,-58.33816 ,
93.39999 ,-34.42829 ,
28.59001 ,-20.88662 ,
104.76657 ,-46.55074 ,
72.82851 ,-22.61263 ,
85.23237 ,-30.81601 ,
75.34195 ,-70.41967 ,
78.90781 ,-38.31793 ,
83.11917 ,-27.27862 ,
76.82934 ,-4.03679 ,
89.50074 ,-43.48562 ,
110.00001 ,-26.73153 ,
81.48868 ,-75.11200 ,
84.79684 ,-49.93836 ,
46.15587 ,-17.08083 ,
100.40761 ,-28.70085 ,
76.78582 ,-42.85001 ,
84.70897 ,-60.03116 ,
54.27618 ,-48.54166 ,
40.12551 ,-34.59896 ,
103.31207 ,-53.57631 ,
68.46008 ,-28.56081 ,
110.00001 ,-4.43523 ,
57.48674 ,-44.74181 ,
51.42914 ,-39.99846 ,
60.71495 ,-18.27555 ,
49.48822 ,-42.16200 ,
31.60960 ,-17.39475 ,
26.45904 ,-12.78935 ,
47.94515 ,-28.70653 ,
94.99999 ,-15.19722 ,
94.99999 ,-19.75220 ,
92.74151 ,-74.19042 ,
18.99150 ,-13.89562 ,
97.25288 ,-24.84618 ,
67.99669 ,-62.50134 ,
74.06248 ,-41.03855 ,
87.80531 ,-13.04236 ,
81.92267 ,-54.82017 ,
102.91107 ,-39.54794 ,
31.32299 ,-4.15318 ,
68.59478 ,-31.81925 ,
70.95961 ,-8.62519 ,
41.69329 ,-21.66196 ,
91.23597 ,-62.52925 ,
63.01577 ,-22.60197 ,
106.33059 ,-33.25468 ,
48.93231 ,-7.10752 ,
22.87955 ,-2.93949 ,
79.54202 ,-41.28763 ,
81.80405 ,-46.26506 ,
86.15490 ,-37.65552 ,
41.23627 ,-27.72291 ,
61.87798 ,-20.66596 ,
78.13242 ,-23.73604 ,
71.08515 ,-27.01216 ,
29.93863 ,-24.58226 ,
93.99795 ,-60.54997 ,
83.59587 ,-14.26727 ,
65.66862 ,-26.33000 ,
76.65590 ,-45.93817 ,
84.08048 ,-18.34659 ,
109.68139 ,-39.95177 ,
91.20778 ,-65.95560 ,
31.55924 ,-8.90904 ,
95.99965 ,-37.08052 ,
94.90576 ,-31.21337 ,
87.98563 ,-18.67724 ,
82.98620 ,-36.12514 ,
96.87236 ,-51.56279 ,
56.21782 ,-8.41150 ,
115.45576 ,-17.10022 ,
52.46773 ,-35.28867 ,
77.79537 ,-26.65090 ,
94.99999 ,-9.03132 ,
70.58377 ,-65.81693 ,
115.84830 ,-8.82153 ,
35.99775 ,-22.70852 ,
76.93427 ,-68.33297 ,
88.07565 ,-9.56670 ,
68.72205 ,-23.31432 ,
46.61745 ,-14.05704 ,
76.50388 ,-14.87391 ,
73.03799 ,-18.62166 ,
20.71466 ,-10.35464 ,
89.45203 ,-60.59069 ,
79.01753 ,-50.34385 ,
92.46611 ,-48.40874 ,
86.93485 ,-3.27462 ,
99.92070 ,-31.72493 ,
81.86704 ,-8.49358 ,
80.47719 ,-3.63837 ,
89.02872 ,-79.56123 ,
45.84622 ,-40.65915 ,
84.44370 ,-40.66986 ,
61.74967 ,-12.99473 ,
87.92222 ,-34.05546 ,
93.18820 ,-42.29967 ,
105.50396 ,-50.13877 ,
96.92673 ,-66.22336 ,
75.29250 ,-7.57016 ,
93.56440 ,-57.54238 ,
81.80397 ,-23.46937 ,
80.60737 ,-28.04827 ,
91.26088 ,-3.29899 ,
24.72839 ,-19.95378 ,
113.04268 ,-31.12597 ,
67.86748 ,-7.87935 ,
76.13844 ,-17.92042 ,
87.83838 ,-77.25958 ,
106.39303 ,-28.70085 ,
84.71493 ,-80.68470 ,
89.83270 ,-29.12441 ,
74.92875 ,-35.06996 ,
101.65371 ,-46.62102 ,
50.42295 ,-45.92915 ,
83.40590 ,-32.31041 ,
86.96187 ,-24.13911 ,
47.62037 ,-2.61674 ,
71.62679 ,-31.20039 ,
34.88258 ,-3.82816 ,
33.75410 ,-11.35032 ,
76.28234 ,-38.60157 ,
108.41143 ,-27.45914 ,
86.62946 ,-54.66713 ,
110.00001 ,-20.14786 ,
90.17567 ,-15.20984 ,
47.66417 ,-25.63628 ,
89.95587 ,-75.35345 ,
41.12156 ,-11.54575 ,
72.50000 ,-2.41716 ,
34.91447 ,-30.60990 ,
68.03825 ,-14.56281 ,
24.09724 ,-10.27796 ,
87.01043 ,-43.43260 ,
71.39225 ,-15.09971 ,
89.06603 ,-39.60463 ,
57.50000 ,-2.34747 ,
56.82789 ,-52.50721 ,
89.67818 ,-50.72108 ,
46.49350 ,-34.65908 ,
112.22274 ,-2.90024 ,
60.61716 ,-7.05852 ,
56.09904 ,-41.11961 ,
81.05306 ,-78.22181 ,
76.73590 ,-65.26475 ,
50.12509 ,22.89347 ,
50.62508 ,23.75949 ,
51.17509 ,24.71212 ,
51.78009 ,25.76001 ,
52.44508 ,26.91183 ,
53.18010 ,28.18488 ,
53.98507 ,29.57920 ,
54.87008 ,31.11205 ,
55.84509 ,32.80080 ,
56.91508 ,34.65410 ,
58.09508 ,36.69792 ,
59.39009 ,38.94093 ,
60.81509 ,41.40909 ,
62.02009 ,43.49622 ,
63.23008 ,45.59200 ,
64.43508 ,47.67911 ,
65.86009 ,50.14730 ,
67.15508 ,52.39028 ,
68.33508 ,54.43411 ,
69.40508 ,56.28742 ,
70.38008 ,57.97616 ,
71.26509 ,59.50902 ,
72.07008 ,60.90333 ,
72.80509 ,62.17637 ,
73.47008 ,63.32819 ,
74.07508 ,64.37609 ,
74.62509 ,65.32872 ,
75.12509 ,66.19474 ,
50.99110 ,22.39347 ,
51.49111 ,23.25949 ,
52.04111 ,24.21213 ,
52.64610 ,25.26003 ,
53.31111 ,26.41182 ,
54.04611 ,27.68489 ,
54.85111 ,29.07919 ,
55.73612 ,30.61206 ,
56.71111 ,32.30081 ,
57.78110 ,34.15410 ,
58.96111 ,36.19791 ,
60.25610 ,38.44093 ,
61.68111 ,40.90910 ,
62.88611 ,42.99621 ,
64.09610 ,45.09199 ,
65.30111 ,47.17912 ,
66.72611 ,49.64729 ,
68.02111 ,51.89028 ,
69.20110 ,53.93412 ,
70.27111 ,55.78741 ,
71.24611 ,57.47614 ,
72.13111 ,59.00903 ,
72.93611 ,60.40332 ,
73.67111 ,61.67638 ,
74.33611 ,62.82821 ,
74.94111 ,63.87609 ,
75.49111 ,64.82872 ,
75.99111 ,65.69475 ,
51.94374 ,21.84348 ,
52.44374 ,22.70949 ,
52.99374 ,23.66213 ,
53.59874 ,24.71002 ,
54.26374 ,25.86183 ,
54.99874 ,27.13488 ,
55.80374 ,28.52918 ,
56.68874 ,30.06204 ,
57.66374 ,31.75081 ,
58.73374 ,33.60410 ,
59.91374 ,35.64793 ,
61.20873 ,37.89092 ,
62.63374 ,40.35910 ,
63.83874 ,42.44621 ,
65.04873 ,44.54200 ,
66.25373 ,46.62912 ,
67.67874 ,49.09729 ,
68.97373 ,51.34030 ,
70.15373 ,53.38412 ,
71.22374 ,55.23741 ,
72.19873 ,56.92618 ,
73.08373 ,58.45903 ,
73.88873 ,59.85332 ,
74.62374 ,61.12639 ,
75.28873 ,62.27820 ,
75.89374 ,63.32609 ,
76.44374 ,64.27871 ,
76.94374 ,65.14474 ,
52.99163 ,21.23848 ,
53.49164 ,22.10450 ,
54.04163 ,23.05713 ,
54.64663 ,24.10502 ,
55.31162 ,25.25683 ,
56.04663 ,26.52990 ,
56.85163 ,27.92418 ,
57.73664 ,29.45705 ,
58.71163 ,31.14581 ,
59.78163 ,32.99910 ,
60.96164 ,35.04291 ,
62.25662 ,37.28592 ,
63.68163 ,39.75410 ,
64.88663 ,41.84121 ,
66.09662 ,43.93700 ,
67.30162 ,46.02412 ,
68.72663 ,48.49229 ,
70.02162 ,50.73529 ,
71.20163 ,52.77912 ,
72.27163 ,54.63241 ,
73.24662 ,56.32117 ,
74.13162 ,57.85403 ,
74.93662 ,59.24833 ,
75.67163 ,60.52139 ,
76.33662 ,61.67320 ,
76.94163 ,62.72109 ,
77.49163 ,63.67371 ,
77.99163 ,64.53974 ,
54.14344 ,20.57348 ,
54.64344 ,21.43951 ,
55.19344 ,22.39211 ,
55.79843 ,23.44002 ,
56.46345 ,24.59184 ,
57.19844 ,25.86488 ,
58.00344 ,27.25919 ,
58.88844 ,28.79205 ,
59.86344 ,30.48081 ,
60.93343 ,32.33410 ,
62.11344 ,34.37791 ,
63.40844 ,36.62092 ,
64.83343 ,39.08910 ,
66.03844 ,41.17621 ,
67.24844 ,43.27199 ,
68.45344 ,45.35912 ,
69.87844 ,47.82729 ,
71.17344 ,50.07029 ,
72.35344 ,52.11412 ,
73.42344 ,53.96741 ,
74.39845 ,55.65616 ,
75.28344 ,57.18901 ,
76.08844 ,58.58332 ,
76.82344 ,59.85638 ,
77.48844 ,61.00820 ,
78.09344 ,62.05609 ,
78.64344 ,63.00872 ,
79.14344 ,63.87474 ,
55.21731 ,19.95347 ,
55.71732 ,20.81951 ,
56.26732 ,21.77213 ,
56.87232 ,22.82002 ,
57.53731 ,23.97183 ,
58.27232 ,25.24489 ,
59.07731 ,26.63919 ,
59.96232 ,28.17205 ,
60.93731 ,29.86080 ,
62.00731 ,31.71409 ,
63.18732 ,33.75791 ,
64.48231 ,36.00093 ,
65.90732 ,38.46910 ,
67.11232 ,40.55622 ,
68.32231 ,42.65200 ,
69.52732 ,44.73913 ,
70.95232 ,47.20729 ,
72.24731 ,49.45030 ,
73.42730 ,51.49412 ,
74.49731 ,53.34741 ,
75.47231 ,55.03616 ,
76.35731 ,56.56903 ,
77.16231 ,57.96333 ,
77.89732 ,59.23639 ,
78.56232 ,60.38821 ,
79.16732 ,61.43610 ,
79.71732 ,62.38872 ,
80.21731 ,63.25474 ,
56.29119 ,19.33347 ,
56.79118 ,20.19950 ,
57.34118 ,21.15212 ,
57.94618 ,22.20001 ,
58.61118 ,23.35183 ,
59.34618 ,24.62487 ,
60.15118 ,26.01919 ,
61.03618 ,27.55205 ,
62.01119 ,29.24080 ,
63.08119 ,31.09409 ,
64.26119 ,33.13791 ,
65.55618 ,35.38092 ,
66.98118 ,37.84911 ,
68.18619 ,39.93622 ,
69.39618 ,42.03200 ,
70.60118 ,44.11911 ,
72.02618 ,46.58729 ,
73.32119 ,48.83029 ,
74.50119 ,50.87412 ,
75.57119 ,52.72741 ,
76.54618 ,54.41616 ,
77.43118 ,55.94903 ,
78.23618 ,57.34333 ,
78.97118 ,58.61637 ,
79.63618 ,59.76819 ,
80.24118 ,60.81608 ,
80.79118 ,61.76872 ,
81.29119 ,62.63474 ,
57.36506 ,18.71347 ,
57.86506 ,19.57950 ,
58.41506 ,20.53213 ,
59.02006 ,21.58002 ,
59.68506 ,22.73183 ,
60.42005 ,24.00488 ,
61.22505 ,25.39918 ,
62.11005 ,26.93206 ,
63.08505 ,28.62080 ,
64.15506 ,30.47410 ,
65.33505 ,32.51791 ,
66.63006 ,34.76092 ,
68.05506 ,37.22909 ,
69.26005 ,39.31623 ,
70.47006 ,41.41200 ,
71.67506 ,43.49912 ,
73.10006 ,45.96729 ,
74.39506 ,48.21030 ,
75.57506 ,50.25411 ,
76.64505 ,52.10741 ,
77.62006 ,53.79616 ,
78.50506 ,55.32903 ,
79.31006 ,56.72333 ,
80.04506 ,57.99638 ,
80.71006 ,59.14820 ,
81.31505 ,60.19609 ,
81.86505 ,61.14872 ,
82.36505 ,62.01474 ,
14.14214 ,14.14214 ,
84.85281 ,84.85281 ,
0.00000 ,0.00000 ,
0.00000 ,0.00000 ,
88.45437 ,73.89510 ,
82.36505 ,62.01474 ,
57.36506 ,18.71347 ,
52.23108 ,7.82117 ,
47.90095 ,10.32117 ,
49.57082 ,23.21347 ,
74.57083 ,66.51475 ,
78.90095 ,64.01474 ,
79.23589 ,69.59487 ,
87.25700 ,75.58200 ,
17.67768 ,17.67768 ,
21.21320 ,21.21320 ,
24.74874 ,24.74874 ,
28.28427 ,28.28427 ,
31.81981 ,31.81981 ,
35.35534 ,35.35534 ,
38.89087 ,38.89087 ,
42.42641 ,42.42641 ,
45.96194 ,45.96194 ,
49.49747 ,49.49747 ,
53.03301 ,53.03301 ,
56.56854 ,56.56854 ,
60.10408 ,60.10408 ,
63.63960 ,63.63960 ,
67.17514 ,67.17514 ,
70.71068 ,70.71068 ,
74.24621 ,74.24621 ,
77.78175 ,77.78175 ,
81.31728 ,81.31728 ,
16.62940 ,11.11141 ,
18.47759 ,7.65367 ,
19.61570 ,3.90181 ,
88.28687 ,81.27379 ,
91.57009 ,77.55591 ,
94.69686 ,73.70552 ,
97.66185 ,69.72922 ,
100.45998 ,65.63378 ,
103.08647 ,61.42620 ,
105.53685 ,57.11369 ,
107.80692 ,52.70359 ,
109.89280 ,48.20345 ,
111.79093 ,43.62096 ,
113.49807 ,38.96394 ,
115.01130 ,34.24034 ,
116.32803 ,29.45825 ,
117.44602 ,24.62584 ,
118.36336 ,19.75135 ,
119.07847 ,14.84311 ,
119.59014 ,9.90952 ,
119.89749 ,4.95900 ,
0.00000 ,0.00000 ,
0.00000 ,0.00000 ,
0.00000 ,0.00000 ,
0.00000 ,0.00000 ,
0.00000 ,0.00000 ,
0.00000 ,0.00000 ,
0.00000 ,0.00000 ,
0.00000 ,0.00000 ,
0.00000 ,0.00000 ,
0.00000 ,0.00000 ,
0.00000 ,0.00000 ,
0.00000 ,0.00000 ,
0.00000 ,0.00000 ,
0.00000 ,0.00000 ,
0.00000 ,0.00000 ,
0.00000 ,0.00000 ,
0.00000 ,0.00000 ,
85.99664 ,68.30483 ,
83.68085 ,64.29376 ,
81.04927 ,59.73572 ,
79.73348 ,57.45672 ,
78.41770 ,55.17771 ,
77.10190 ,52.89869 ,
75.78611 ,50.61967 ,
74.47031 ,48.34066 ,
73.15453 ,46.06164 ,
71.83875 ,43.78263 ,
70.52295 ,41.50361 ,
69.20715 ,39.22461 ,
67.89137 ,36.94558 ,
66.57558 ,34.66658 ,
65.25980 ,32.38756 ,
63.94400 ,30.10856 ,
62.62822 ,27.82953 ,
61.31243 ,25.55052 ,
59.99662 ,23.27151 ,
58.68084 ,20.99249 ,
56.04926 ,16.43446 ,
54.73347 ,14.15544 ,
49.12424 ,15.77331 ,
49.34754 ,19.49339 ,
52.07083 ,27.54360 ,
54.57082 ,31.87373 ,
57.07083 ,36.20385 ,
59.57083 ,40.53398 ,
62.07082 ,44.86412 ,
64.57083 ,49.19424 ,
67.07082 ,53.52437 ,
69.57083 ,57.85449 ,
72.07083 ,62.18462 ,
79.06842 ,66.80481 ,
81.56842 ,71.13494 ,
94.99999 ,23.47537 ,
80.76943 ,15.98273 ,
91.84300 ,39.82990 ,
81.81556 ,30.39735 ,
93.56761 ,50.98893 ,
34.92344 ,14.67832 ,
69.77453 ,12.87886 ,
83.11655 ,38.41862 ,
75.34435 ,25.04591 ,
103.36640 ,28.70085 ,
86.41406 ,45.84630 ,
91.80423 ,12.31771 ,
39.12453 ,24.54843 ,
101.78594 ,43.26547 ,
64.64908 ,8.08271 ,
68.94831 ,20.91728 ,
91.67794 ,31.08062 ,
96.25664 ,57.92102 ,
86.36819 ,21.48859 ,
76.80032 ,36.36547 ,
27.79657 ,8.58346 ,
110.00001 ,23.29483 ,
85.23570 ,52.82608 ,
78.51016 ,7.77806 ,
41.13993 ,8.18294 ,
73.89146 ,32.53593 ,
44.12951 ,31.63299 ,
42.30312 ,18.01503 ,
110.00001 ,7.98605 ,
87.78723 ,57.36492 ,
93.99247 ,64.32639 ,
80.06371 ,44.20949 ,
68.92494 ,25.71346 ,
27.30844 ,16.84506 ,
64.00669 ,16.80450 ,
48.62100 ,37.39188 ,
84.52831 ,10.69366 ,
97.31305 ,33.71685 ,
106.31530 ,37.71969 ,
92.82275 ,45.66807 ,
32.66209 ,21.48545 ,
110.00001 ,17.13077 ,
101.88002 ,49.84088 ,
88.58168 ,26.51962 ,
91.11198 ,18.05147 ,
34.42874 ,7.16587 ,
47.49476 ,4.61763 ,
57.97962 ,5.74313 ,
22.55909 ,12.79369 ,
84.97877 ,34.10925 ,
72.79963 ,5.88167 ,
80.24908 ,25.71951 ,
77.24865 ,40.42973 ,
109.51206 ,28.70085 ,
81.97515 ,48.66754 ,
70.51867 ,29.42277 ,
53.41630 ,43.76826 ,
87.29772 ,41.16121 ,
74.08392 ,15.74999 ,
96.93473 ,28.70085 ,
75.69590 ,21.23581 ,
86.08197 ,16.17130 ,
89.40909 ,6.12234 ,
44.41317 ,25.99147 ,
98.91813 ,38.81318 ,
65.61399 ,20.22404 ,
98.67986 ,53.91615 ,
91.54419 ,59.24330 ,
43.67597 ,13.45557 ,
38.41061 ,30.24555 ,
59.40375 ,49.17894 ,
88.74518 ,37.03019 ,
72.59203 ,35.56934 ,
78.80806 ,20.49158 ,
83.51873 ,5.69129 ,
66.27779 ,23.29780 ,
78.26684 ,29.25383 ,
90.11082 ,76.70240 ,
85.73805 ,78.97756 ,
34.10222 ,26.74856 ,
96.45026 ,47.82699 ,
22.95684 ,6.86864 ,
37.42717 ,19.45592 ,
78.26471 ,73.05226 ,
89.50477 ,47.20461 ,
84.70958 ,56.10389 ,
45.11693 ,20.39162 ,
94.99999 ,5.45945 ,
52.84507 ,4.80985 ,
64.23439 ,12.37605 ,
93.40125 ,68.96237 ,
68.17118 ,4.63694 ,
81.59693 ,33.91899 ,
81.88835 ,51.66865 ,
61.28440 ,54.25454 ,
60.75191 ,10.22930 ,
62.35099 ,4.13861 ,
113.18950 ,21.65956 ,
43.80198 ,37.09759 ,
67.60692 ,18.04063 ,
106.81904 ,42.70519 ,
73.82899 ,11.96880 ,
114.69208 ,12.61988 ,
49.42154 ,32.51385 ,
39.37128 ,14.68386 ,
79.20219 ,47.36473 ,
84.82923 ,43.23725 ,
78.76938 ,32.39490 ,
30.46670 ,13.02718 ,
74.08201 ,37.82844 ,
27.36170 ,4.00555 ,
94.99999 ,12.21214 ,
42.97210 ,3.04303 ,
102.10368 ,35.20439 ,
97.83218 ,62.01940 ,
90.01599 ,52.04169 ,
100.53413 ,57.83537 ,
45.39008 ,9.82318 ,
110.37990 ,34.98964 ,
89.98540 ,22.72464 ,
114.83785 ,5.05801 ,
94.99999 ,27.21727 ,
38.43485 ,4.52949 ,
68.00686 ,11.02525 ,
73.27307 ,29.15795 ,
80.41581 ,11.71390 ,
93.03984 ,55.63271 ,
37.15547 ,10.65862 ,
22.72971 ,16.67805 ,
70.12391 ,34.06611 ,
110.00001 ,13.36095 ,
97.62669 ,43.02993 ,
64.74263 ,58.33816 ,
93.39999 ,34.42829 ,
28.59001 ,20.88662 ,
104.76657 ,46.55074 ,
72.82851 ,22.61263 ,
85.23237 ,30.81601 ,
75.34195 ,70.41967 ,
78.90781 ,38.31793 ,
83.11917 ,27.27862 ,
76.82934 ,4.03679 ,
89.50074 ,43.48562 ,
110.00001 ,26.73153 ,
81.48868 ,75.11200 ,
84.79684 ,49.93836 ,
46.15587 ,17.08083 ,
100.40761 ,28.70085 ,
76.78582 ,42.85001 ,
84.70897 ,60.03116 ,
54.27618 ,48.54166 ,
40.12551 ,34.59896 ,
103.31207 ,53.57631 ,
68.46008 ,28.56081 ,
110.00001 ,4.43523 ,
57.48674 ,44.74181 ,
51.42914 ,39.99846 ,
60.71495 ,18.27555 ,
49.48822 ,42.16200 ,
31.60960 ,17.39475 ,
26.45904 ,12.78935 ,
47.94515 ,28.70653 ,
94.99999 ,15.19722 ,
94.99999 ,19.75220 ,
92.74151 ,74.19042 ,
18.99150 ,13.89562 ,
97.25288 ,24.84618 ,
67.99669 ,62.50134 ,
74.06248 ,41.03855 ,
87.80531 ,13.04236 ,
81.92267 ,54.82017 ,
102.91107 ,39.54794 ,
31.32299 ,4.15318 ,
68.59478 ,31.81925 ,
70.95961 ,8.62519 ,
41.69329 ,21.66196 ,
91.23597 ,62.52925 ,
63.01577 ,22.60197 ,
106.33059 ,33.25468 ,
48.93231 ,7.10752 ,
22.87955 ,2.93949 ,
79.54202 ,41.28763 ,
81.80405 ,46.26506 ,
86.15490 ,37.65552 ,
41.23627 ,27.72291 ,
61.87798 ,20.66596 ,
78.13242 ,23.73604 ,
71.08515 ,27.01216 ,
29.93863 ,24.58226 ,
93.99795 ,60.54997 ,
83.59587 ,14.26727 ,
65.66862 ,26.33000 ,
76.65590 ,45.93817 ,
84.08048 ,18.34659 ,
109.68139 ,39.95177 ,
91.20778 ,65.95560 ,
31.55924 ,8.90904 ,
95.99965 ,37.08052 ,
94.90576 ,31.21337 ,
87.98563 ,18.67724 ,
82.98620 ,36.12514 ,
96.87236 ,51.56279 ,
56.21782 ,8.41150 ,
115.45576 ,17.10022 ,
52.46773 ,35.28867 ,
77.79537 ,26.65090 ,
94.99999 ,9.03132 ,
70.58377 ,65.81693 ,
115.84830 ,8.82153 ,
35.99775 ,22.70852 ,
76.93427 ,68.33297 ,
88.07565 ,9.56670 ,
68.72205 ,23.31432 ,
46.61745 ,14.05704 ,
76.50388 ,14.87391 ,
73.03799 ,18.62166 ,
20.71466 ,10.35464 ,
89.45203 ,60.59069 ,
79.01753 ,50.34385 ,
92.46611 ,48.40874 ,
86.93485 ,3.27462 ,
99.92070 ,31.72493 ,
81.86704 ,8.49358 ,
80.47719 ,3.63837 ,
89.02872 ,79.56123 ,
45.84622 ,40.65915 ,
84.44370 ,40.66986 ,
61.74967 ,12.99473 ,
87.92222 ,34.05546 ,
93.18820 ,42.29967 ,
105.50396 ,50.13877 ,
96.92673 ,66.22336 ,
75.29250 ,7.57016 ,
93.56440 ,57.54238 ,
81.80397 ,23.46937 ,
80.60737 ,28.04827 ,
91.26088 ,3.29899 ,
24.72839 ,19.95378 ,
113.04268 ,31.12597 ,
67.86748 ,7.87935 ,
76.13844 ,17.92042 ,
87.83838 ,77.25958 ,
106.39303 ,28.70085 ,
84.71493 ,80.68470 ,
89.83270 ,29.12441 ,
74.92875 ,35.06996 ,
101.65371 ,46.62102 ,
50.42295 ,45.92915 ,
83.40590 ,32.31041 ,
86.96187 ,24.13911 ,
47.62037 ,2.61674 ,
71.62679 ,31.20039 ,
34.88258 ,3.82816 ,
33.75410 ,11.35032 ,
76.28234 ,38.60157 ,
108.41143 ,27.45914 ,
86.62946 ,54.66713 ,
110.00001 ,20.14786 ,
90.17567 ,15.20984 ,
47.66417 ,25.63628 ,
89.95587 ,75.35345 ,
41.12156 ,11.54575 ,
72.50000 ,2.41716 ,
34.91447 ,30.60990 ,
68.03825 ,14.56281 ,
24.09724 ,10.27796 ,
87.01043 ,43.43260 ,
71.39225 ,15.09971 ,
89.06603 ,39.60463 ,
57.50000 ,2.34747 ,
56.82789 ,52.50721 ,
89.67818 ,50.72108 ,
46.49350 ,34.65908 ,
112.22274 ,2.90024 ,
60.61716 ,7.05852 ,
56.09904 ,41.11961 ,
81.05306 ,78.22181 ,
76.73590 ,65.26475 ,
1,576,block1
577,954,PM1
955,1332,PM2
1333,2608,iron