nodal
2
2802
25	0.000000E+00	-1.156641E-06	
26	3.225747E-08	-1.156424E-06	
27	6.443915E-08	-1.155775E-06	
28	9.647029E-08	-1.154706E-06	
29	1.282782E-07	-1.153234E-06	
30	1.597931E-07	-1.151385E-06	
31	1.909495E-07	-1.149191E-06	
32	2.216870E-07	-1.146693E-06	
33	2.519515E-07	-1.143939E-06	
34	2.816964E-07	-1.140984E-06	
35	3.108889E-07	-1.137905E-06	
36	3.465491E-07	-1.133939E-06	
37	3.812599E-07	-1.130050E-06	
38	4.150285E-07	-1.126415E-06	
39	4.478940E-07	-1.123257E-06	
40	4.839133E-07	-1.120574E-06	
41	5.190865E-07	-1.119249E-06	
42	5.572114E-07	-1.120029E-06	
43	5.991386E-07	-1.124477E-06	
44	6.471008E-07	-1.136782E-06	
45	7.021798E-07	-1.158331E-06	
46	7.950208E-07	-1.230156E-06	
47	8.186784E-07	-1.251597E-06	
48	1.888920E-06	-2.366622E-06	
49	0.000000E+00	-2.326363E-06	
50	6.407668E-08	-2.325913E-06	
51	1.280092E-07	-2.324570E-06	
52	1.916556E-07	-2.322357E-06	
53	2.548777E-07	-2.319310E-06	
54	3.175439E-07	-2.315482E-06	
55	3.795308E-07	-2.310939E-06	
56	4.407254E-07	-2.305765E-06	
57	5.010277E-07	-2.300058E-06	
58	5.603543E-07	-2.293935E-06	
59	6.186383E-07	-2.287538E-06	
60	6.899497E-07	-2.279320E-06	
61	7.595142E-07	-2.271241E-06	
62	8.273610E-07	-2.263679E-06	
63	8.935971E-07	-2.257090E-06	
64	9.664660E-07	-2.251469E-06	
65	1.038015E-06	-2.248652E-06	
66	1.116050E-06	-2.250064E-06	
67	1.202951E-06	-2.259535E-06	
68	1.301972E-06	-2.282952E-06	
69	1.428176E-06	-2.335949E-06	
70	1.586580E-06	-2.448119E-06	
71	1.880974E-06	-2.646492E-06	
72	3.352178E-06	-4.481172E-06	
73	0.000000E+00	-3.509059E-06	
74	9.550014E-08	-3.508363E-06	
75	1.907946E-07	-3.506283E-06	
76	2.856806E-07	-3.502856E-06	
77	3.799619E-07	-3.498137E-06	
78	4.734515E-07	-3.492208E-06	
79	5.659751E-07	-3.485171E-06	
80	6.573742E-07	-3.477155E-06	
81	7.475105E-07	-3.468311E-06	
82	8.362687E-07	-3.458821E-06	
83	9.235590E-07	-3.448892E-06	
84	1.030517E-06	-3.436157E-06	
85	1.135062E-06	-3.423619E-06	
86	1.237264E-06	-3.411874E-06	
87	1.337321E-06	-3.401619E-06	
88	1.447790E-06	-3.392866E-06	
89	1.556759E-06	-3.388420E-06	
90	1.676388E-06	-3.390594E-06	
91	1.810290E-06	-3.404996E-06	
92	1.966256E-06	-3.441851E-06	
93	2.162107E-06	-3.524033E-06	
94	2.423083E-06	-3.688647E-06	
95	2.985575E-06	-4.108148E-06	
96	4.623532E-06	-6.395851E-06	
97	0.000000E+00	-4.704645E-06	
98	1.265648E-07	-4.703687E-06	
99	2.528683E-07	-4.700831E-06	
100	3.786535E-07	-4.696123E-06	
101	5.036716E-07	-4.689642E-06	
102	6.276865E-07	-4.681496E-06	
103	7.504793E-07	-4.671828E-06	
104	8.718524E-07	-4.660814E-06	
105	9.916347E-07	-4.648661E-06	
106	1.109686E-06	-4.635615E-06	
107	1.225901E-06	-4.621959E-06	
108	1.368495E-06	-4.604460E-06	
109	1.508122E-06	-4.587220E-06	
110	1.644914E-06	-4.571061E-06	
111	1.779176E-06	-4.556943E-06	
112	1.927880E-06	-4.544893E-06	
113	2.075180E-06	-4.538767E-06	
114	2.237665E-06	-4.541747E-06	
115	2.420864E-06	-4.561586E-06	
116	2.636169E-06	-4.612895E-06	
117	2.906361E-06	-4.724648E-06	
118	3.289896E-06	-4.957311E-06	
119	4.070991E-06	-5.594102E-06	
120	5.780786E-06	-8.157458E-06	
121	0.000000E+00	-5.913050E-06	
122	1.573023E-07	-5.911819E-06	
123	3.142931E-07	-5.908148E-06	
124	4.706664E-07	-5.902096E-06	
125	6.261264E-07	-5.893763E-06	
126	7.803934E-07	-5.883292E-06	
127	9.332088E-07	-5.870863E-06	
128	1.084341E-06	-5.856701E-06	
129	1.233593E-06	-5.841076E-06	
130	1.380804E-06	-5.824299E-06	
131	1.525860E-06	-5.806731E-06	
132	1.704063E-06	-5.784235E-06	
133	1.878842E-06	-5.762064E-06	
134	2.050403E-06	-5.741282E-06	
135	2.219173E-06	-5.723124E-06	
136	2.406622E-06	-5.707641E-06	
137	2.592951E-06	-5.699793E-06	
138	2.799353E-06	-5.703696E-06	
139	3.033388E-06	-5.729471E-06	
140	3.309697E-06	-5.795887E-06	
141	3.659204E-06	-5.939731E-06	
142	4.167614E-06	-6.250034E-06	
143	5.117401E-06	-7.080709E-06	
144	6.855090E-06	-9.801540E-06	
145	0.000000E+00	-7.134222E-06	
146	1.877395E-07	-7.132706E-06	
147	3.751221E-07	-7.128182E-06	
148	5.617972E-07	-7.120725E-06	
149	7.474269E-07	-7.110457E-06	
150	9.316921E-07	-7.097553E-06	
151	1.114300E-06	-7.082237E-06	
152	1.294989E-06	-7.064785E-06	
153	1.473539E-06	-7.045528E-06	
154	1.649776E-06	-7.024850E-06	
155	1.823581E-06	-7.003193E-06	
156	2.037343E-06	-6.975477E-06	
157	2.247303E-06	-6.948158E-06	
158	2.453750E-06	-6.922552E-06	
159	2.657242E-06	-6.900185E-06	
160	2.883799E-06	-6.881141E-06	
161	3.109659E-06	-6.871535E-06	
162	3.360711E-06	-6.876488E-06	
163	3.646475E-06	-6.908567E-06	
164	3.984993E-06	-6.990807E-06	
165	4.415964E-06	-7.169399E-06	
166	5.041600E-06	-7.560260E-06	
167	6.118918E-06	-8.554904E-06	
168	7.862035E-06	-1.135418E-05	
169	0.000000E+00	-8.368123E-06	
170	2.178989E-07	-8.366309E-06	
171	4.353994E-07	-8.360896E-06	
172	6.521105E-07	-8.351972E-06	
173	8.676556E-07	-8.339687E-06	
174	1.081681E-06	-8.324246E-06	
175	1.293861E-06	-8.305919E-06	
176	1.503912E-06	-8.285036E-06	
177	1.711592E-06	-8.261992E-06	
178	1.916716E-06	-8.237247E-06	
179	2.119165E-06	-8.211329E-06	
180	2.368404E-06	-8.178170E-06	
181	2.613527E-06	-8.145488E-06	
182	2.854908E-06	-8.114858E-06	
183	3.093238E-06	-8.088112E-06	
184	3.359114E-06	-8.065368E-06	
185	3.624796E-06	-8.053952E-06	
186	3.920872E-06	-8.060028E-06	
187	4.258739E-06	-8.098664E-06	
188	4.659842E-06	-8.197389E-06	
189	5.171298E-06	-8.412358E-06	
190	5.902103E-06	-8.881518E-06	
191	7.074855E-06	-1.000973E-05	
192	8.811234E-06	-1.283450E-05	
193	0.000000E+00	-9.614723E-06	
194	2.477989E-07	-9.612599E-06	
195	4.951611E-07	-9.606261E-06	
196	7.416583E-07	-9.595812E-06	
197	9.868790E-07	-9.581426E-06	
198	1.230437E-06	-9.563345E-06	
199	1.471979E-06	-9.541884E-06	
200	1.711198E-06	-9.517430E-06	
201	1.947836E-06	-9.490444E-06	
202	2.181700E-06	-9.461464E-06	
203	2.412670E-06	-9.431110E-06	
204	2.697274E-06	-9.392286E-06	
205	2.977489E-06	-9.354018E-06	
206	3.253777E-06	-9.318156E-06	
207	3.526959E-06	-9.286848E-06	
208	3.832207E-06	-9.260240E-06	
209	4.137780E-06	-9.246918E-06	
210	4.478915E-06	-9.254107E-06	
211	4.868756E-06	-9.299411E-06	
212	5.331803E-06	-9.414990E-06	
213	5.920353E-06	-9.666530E-06	
214	6.742998E-06	-1.020825E-05	
215	7.986625E-06	-1.144180E-05	
216	9.709573E-06	-1.425664E-05	
217	0.000000E+00	-1.087401E-05	
218	2.774540E-07	-1.087156E-05	
219	5.544358E-07	-1.086426E-05	
220	8.304822E-07	-1.085223E-05	
221	1.105149E-06	-1.083566E-05	
222	1.378020E-06	-1.081483E-05	
223	1.648717E-06	-1.079011E-05	
224	1.916911E-06	-1.076194E-05	
225	2.182329E-06	-1.073086E-05	
226	2.444773E-06	-1.069747E-05	
227	2.704123E-06	-1.066250E-05	
228	3.023939E-06	-1.061778E-05	
229	3.339121E-06	-1.057369E-05	
230	3.650213E-06	-1.053237E-05	
231	3.958156E-06	-1.049629E-05	
232	4.302672E-06	-1.046562E-05	
233	4.647990E-06	-1.045023E-05	
234	5.033893E-06	-1.045841E-05	
235	5.475076E-06	-1.051030E-05	
236	5.998458E-06	-1.064263E-05	
237	6.659166E-06	-1.092952E-05	
238	7.560659E-06	-1.153597E-05	
239	8.856493E-06	-1.284987E-05	
240	1.056243E-05	-1.563117E-05	
241	0.000000E+00	-1.214596E-05	
242	3.068758E-07	-1.214318E-05	
243	6.132457E-07	-1.213488E-05	
244	9.186136E-07	-1.212120E-05	
245	1.222504E-06	-1.210236E-05	
246	1.524474E-06	-1.207868E-05	
247	1.824119E-06	-1.205058E-05	
248	2.121092E-06	-1.201855E-05	
249	2.415105E-06	-1.198320E-05	
250	2.705954E-06	-1.194523E-05	
251	2.993520E-06	-1.190546E-05	
252	3.348355E-06	-1.185459E-05	
253	3.698321E-06	-1.180443E-05	
254	4.044035E-06	-1.175740E-05	
255	4.386548E-06	-1.171631E-05	
256	4.770071E-06	-1.168130E-05	
257	5.154782E-06	-1.166361E-05	
258	5.584867E-06	-1.167251E-05	
259	6.076286E-06	-1.173067E-05	
260	6.657607E-06	-1.187911E-05	
261	7.384712E-06	-1.219894E-05	
262	8.353143E-06	-1.286121E-05	
263	9.687023E-06	-1.423389E-05	
264	1.137420E-05	-1.696613E-05	
265	0.000000E+00	-1.343059E-05	
266	3.360727E-07	-1.342746E-05	
267	6.716070E-07	-1.341813E-05	
268	1.006075E-06	-1.340273E-05	
269	1.338973E-06	-1.338154E-05	
270	1.669828E-06	-1.335490E-05	
271	1.998214E-06	-1.332327E-05	
272	2.323763E-06	-1.328723E-05	
273	2.646176E-06	-1.324744E-05	
274	2.965237E-06	-1.320471E-05	
275	3.280831E-06	-1.315993E-05	
276	3.670452E-06	-1.310265E-05	
277	4.054962E-06	-1.304614E-05	
278	4.435042E-06	-1.299311E-05	
279	4.811831E-06	-1.294672E-05	
280	5.233957E-06	-1.290705E-05	
281	5.657521E-06	-1.288670E-05	
282	6.130924E-06	-1.289593E-05	
283	6.671067E-06	-1.295975E-05	
284	7.307369E-06	-1.312309E-05	
285	8.094811E-06	-1.347254E-05	
286	9.119630E-06	-1.418138E-05	
287	1.048081E-05	-1.559454E-05	
288	1.214860E-05	-1.826767E-05	
289	0.000000E+00	-1.472790E-05	
290	3.650506E-07	-1.472441E-05	
291	7.295310E-07	-1.471399E-05	
292	1.092883E-06	-1.469682E-05	
293	1.454572E-06	-1.467318E-05	
294	1.814099E-06	-1.464346E-05	
295	2.171015E-06	-1.460817E-05	
296	2.524931E-06	-1.456795E-05	
297	2.875533E-06	-1.452355E-05	
298	3.222599E-06	-1.447584E-05	
299	3.566008E-06	-1.442585E-05	
300	3.990139E-06	-1.436186E-05	
301	4.408898E-06	-1.429869E-05	
302	4.823014E-06	-1.423934E-05	
303	5.233694E-06	-1.418730E-05	
304	5.693883E-06	-1.414256E-05	
305	6.155588E-06	-1.411912E-05	
306	6.671211E-06	-1.412807E-05	
307	7.258240E-06	-1.419669E-05	
308	7.946211E-06	-1.437322E-05	
309	8.787984E-06	-1.474831E-05	
310	9.860042E-06	-1.549456E-05	
311	1.124038E-05	-1.693283E-05	
312	1.288879E-05	-1.954061E-05	
313	0.000000E+00	-1.603790E-05	
314	3.938132E-07	-1.603403E-05	
315	7.870244E-07	-1.602249E-05	
316	1.179045E-06	-1.600347E-05	
317	1.569310E-06	-1.597728E-05	
318	1.957294E-06	-1.594436E-05	
319	2.342523E-06	-1.590526E-05	
320	2.724588E-06	-1.586069E-05	
321	3.103159E-06	-1.581148E-05	
322	3.478000E-06	-1.575859E-05	
323	3.848987E-06	-1.570314E-05	
324	4.307312E-06	-1.563212E-05	
325	4.759972E-06	-1.556195E-05	
326	5.207724E-06	-1.549591E-05	
327	5.651823E-06	-1.543782E-05	
328	6.149417E-06	-1.538751E-05	
329	6.648404E-06	-1.536041E-05	
330	7.204953E-06	-1.536833E-05	
331	7.836793E-06	-1.544056E-05	
332	8.572949E-06	-1.562818E-05	
333	9.463319E-06	-1.602451E-05	
334	1.057478E-05	-1.679939E-05	
335	1.196807E-05	-1.824994E-05	
336	1.359750E-05	-2.078871E-05	
337	0.000000E+00	-1.736059E-05	
338	4.223621E-07	-1.735634E-05	
339	8.440903E-07	-1.734364E-05	
340	1.264564E-06	-1.732270E-05	
341	1.683188E-06	-1.729385E-05	
342	2.099410E-06	-1.725759E-05	
343	2.512730E-06	-1.721453E-05	
344	2.922716E-06	-1.716543E-05	
345	3.329019E-06	-1.711119E-05	
346	3.731390E-06	-1.705288E-05	
347	4.129694E-06	-1.699172E-05	
348	4.621858E-06	-1.691333E-05	
349	5.108019E-06	-1.683576E-05	
350	5.588947E-06	-1.676260E-05	
351	6.065917E-06	-1.669800E-05	
352	6.600153E-06	-1.664153E-05	
353	7.135440E-06	-1.661009E-05	
354	7.731471E-06	-1.661605E-05	
355	8.405894E-06	-1.669047E-05	
356	9.186714E-06	-1.688671E-05	
357	1.012034E-05	-1.729965E-05	
358	1.126457E-05	-1.809494E-05	
359	1.266608E-05	-1.954710E-05	
360	1.427713E-05	-2.201496E-05	
361	0.000000E+00	-1.869602E-05	
362	4.506978E-07	-1.869136E-05	
363	9.007285E-07	-1.867744E-05	
364	1.349439E-06	-1.865450E-05	
365	1.796204E-06	-1.862290E-05	
366	2.240440E-06	-1.858316E-05	
367	2.681620E-06	-1.853596E-05	
368	3.119288E-06	-1.848212E-05	
369	3.553073E-06	-1.842264E-05	
370	3.982709E-06	-1.835866E-05	
371	4.408046E-06	-1.829150E-05	
372	4.933659E-06	-1.820534E-05	
373	5.452876E-06	-1.811994E-05	
374	5.966462E-06	-1.803919E-05	
375	6.475688E-06	-1.796754E-05	
376	7.045715E-06	-1.790425E-05	
377	7.616224E-06	-1.786766E-05	
378	8.250185E-06	-1.787054E-05	
379	8.964886E-06	-1.794550E-05	
380	9.786914E-06	-1.814765E-05	
381	1.075891E-05	-1.857250E-05	
382	1.193029E-05	-1.938058E-05	
383	1.333641E-05	-2.082550E-05	
384	1.492977E-05	-2.322178E-05	
385	0.000000E+00	-2.004419E-05	
386	4.788189E-07	-2.003911E-05	
387	9.569363E-07	-2.002393E-05	
388	1.433665E-06	-1.999890E-05	
389	1.908347E-06	-1.996442E-05	
390	2.380368E-06	-1.992106E-05	
391	2.849170E-06	-1.986953E-05	
392	3.314271E-06	-1.981075E-05	
393	3.775275E-06	-1.974577E-05	
394	4.231894E-06	-1.967584E-05	
395	4.683959E-06	-1.960238E-05	
396	5.242595E-06	-1.950803E-05	
397	5.794383E-06	-1.941433E-05	
398	6.340062E-06	-1.932544E-05	
399	6.880874E-06	-1.924616E-05	
400	7.485771E-06	-1.917525E-05	
401	8.090350E-06	-1.913259E-05	
402	8.760623E-06	-1.913115E-05	
403	9.513275E-06	-1.920480E-05	
404	1.037319E-05	-1.940995E-05	
405	1.137915E-05	-1.984202E-05	
406	1.257294E-05	-2.065593E-05	
407	1.398091E-05	-2.208625E-05	
408	1.555728E-05	-2.441109E-05	
409	0.000000E+00	-2.140514E-05	
410	5.067233E-07	-2.139962E-05	
411	1.012709E-06	-2.138312E-05	
412	1.517234E-06	-2.135591E-05	
413	2.019606E-06	-2.131843E-05	
414	2.519175E-06	-2.127128E-05	
415	3.015354E-06	-2.121524E-05	
416	3.507628E-06	-2.115128E-05	
417	3.995574E-06	-2.108054E-05	
418	4.478877E-06	-2.100436E-05	
419	4.957344E-06	-2.092426E-05	
420	5.548550E-06	-2.082125E-05	
421	6.132389E-06	-2.071872E-05	
422	6.709554E-06	-2.062111E-05	
423	7.281235E-06	-2.053351E-05	
424	7.920029E-06	-2.045413E-05	
425	8.557478E-06	-2.040437E-05	
426	9.262413E-06	-2.039720E-05	
427	1.005072E-05	-2.046755E-05	
428	1.094539E-05	-2.067269E-05	
429	1.198134E-05	-2.110738E-05	
430	1.319358E-05	-2.192077E-05	
431	1.460126E-05	-2.333037E-05	
432	1.616132E-05	-2.558447E-05	
433	0.000000E+00	-2.277890E-05	
434	5.344081E-07	-2.277292E-05	
435	1.068040E-06	-2.275504E-05	
436	1.600136E-06	-2.272557E-05	
437	2.129964E-06	-2.268494E-05	
438	2.656840E-06	-2.263383E-05	
439	3.180141E-06	-2.257306E-05	
440	3.699318E-06	-2.250368E-05	
441	4.213917E-06	-2.242689E-05	
442	4.723591E-06	-2.234414E-05	
443	5.228118E-06	-2.225704E-05	
444	5.851414E-06	-2.214486E-05	
445	6.466752E-06	-2.203292E-05	
446	7.074764E-06	-2.192594E-05	
447	7.676563E-06	-2.182929E-05	
448	8.348243E-06	-2.174047E-05	
449	9.017336E-06	-2.168248E-05	
450	9.755280E-06	-2.166807E-05	
451	1.057701E-05	-2.173298E-05	
452	1.150349E-05	-2.193503E-05	
453	1.256592E-05	-2.236789E-05	
454	1.379326E-05	-2.317501E-05	
455	1.519900E-05	-2.455879E-05	
456	1.674337E-05	-2.674317E-05	
457	0.000000E+00	-2.416551E-05	
458	5.618696E-07	-2.415904E-05	
459	1.122923E-06	-2.413973E-05	
460	1.682358E-06	-2.410788E-05	
461	2.239405E-06	-2.406397E-05	
462	2.793339E-06	-2.400871E-05	
463	3.343499E-06	-2.394299E-05	
464	3.889300E-06	-2.386791E-05	
465	4.430251E-06	-2.378477E-05	
466	4.965969E-06	-2.369510E-05	
467	5.496198E-06	-2.360062E-05	
468	6.151082E-06	-2.347871E-05	
469	6.797345E-06	-2.335673E-05	
470	7.435538E-06	-2.323967E-05	
471	8.066679E-06	-2.313317E-05	
472	8.770213E-06	-2.303387E-05	
473	9.469712E-06	-2.296643E-05	
474	1.023904E-05	-2.294315E-05	
475	1.109204E-05	-2.300040E-05	
476	1.204762E-05	-2.319625E-05	
477	1.313340E-05	-2.362301E-05	
478	1.437302E-05	-2.441863E-05	
479	1.577551E-05	-2.577232E-05	
480	1.730476E-05	-2.788824E-05	
481	0.000000E+00	-2.556501E-05	
482	5.891039E-07	-2.555803E-05	
483	1.177348E-06	-2.553722E-05	
484	1.763887E-06	-2.550288E-05	
485	2.347909E-06	-2.545554E-05	
486	2.928647E-06	-2.539593E-05	
487	3.505397E-06	-2.532502E-05	
488	4.077533E-06	-2.524396E-05	
489	4.644525E-06	-2.515413E-05	
490	5.205949E-06	-2.505716E-05	
491	5.761509E-06	-2.495487E-05	
492	6.447462E-06	-2.482264E-05	
493	7.124056E-06	-2.468996E-05	
494	7.791745E-06	-2.456205E-05	
495	8.451437E-06	-2.444483E-05	
496	9.185781E-06	-2.433393E-05	
497	9.914458E-06	-2.425573E-05	
498	1.071357E-05	-2.422187E-05	
499	1.159581E-05	-2.426917E-05	
500	1.257798E-05	-2.445571E-05	
501	1.368434E-05	-2.487229E-05	
502	1.493386E-05	-2.565169E-05	
503	1.633209E-05	-2.697166E-05	
504	1.784670E-05	-2.902049E-05	
505	0.000000E+00	-2.697744E-05	
506	6.161066E-07	-2.696993E-05	
507	1.231307E-06	-2.694755E-05	
508	1.844710E-06	-2.691060E-05	
509	2.455458E-06	-2.685966E-05	
510	3.062738E-06	-2.679550E-05	
511	3.665801E-06	-2.671913E-05	
512	4.263977E-06	-2.663178E-05	
513	4.856690E-06	-2.653492E-05	
514	5.443472E-06	-2.643025E-05	
515	6.023980E-06	-2.631970E-05	
516	6.740468E-06	-2.617651E-05	
517	7.446785E-06	-2.603240E-05	
518	8.143276E-06	-2.589283E-05	
519	8.830720E-06	-2.576395E-05	
520	9.594832E-06	-2.564027E-05	
521	1.035148E-05	-2.554992E-05	
522	1.117884E-05	-2.550370E-05	
523	1.208839E-05	-2.553872E-05	
524	1.309487E-05	-2.571288E-05	
525	1.421937E-05	-2.611538E-05	
526	1.547676E-05	-2.687425E-05	
527	1.686991E-05	-2.815744E-05	
528	1.837027E-05	-3.014059E-05	
529	0.000000E+00	-2.840285E-05	
530	6.428732E-07	-2.839479E-05	
531	1.284791E-06	-2.837075E-05	
532	1.924813E-06	-2.833108E-05	
533	2.562032E-06	-2.827636E-05	
534	3.195587E-06	-2.820743E-05	
535	3.824680E-06	-2.812533E-05	
536	4.448592E-06	-2.803137E-05	
537	5.066698E-06	-2.792710E-05	
538	5.678481E-06	-2.781430E-05	
539	6.283548E-06	-2.769501E-05	
540	7.030027E-06	-2.754018E-05	
541	7.765451E-06	-2.738387E-05	
542	8.490041E-06	-2.723175E-05	
543	9.204438E-06	-2.709025E-05	
544	9.997289E-06	-2.695252E-05	
545	1.078072E-05	-2.684858E-05	
546	1.163486E-05	-2.678816E-05	
547	1.256993E-05	-2.680851E-05	
548	1.359862E-05	-2.696727E-05	
549	1.473910E-05	-2.735198E-05	
550	1.600263E-05	-2.808640E-05	
551	1.739002E-05	-2.933017E-05	
552	1.887647E-05	-3.124904E-05	
553	0.000000E+00	-2.984129E-05	
554	6.693994E-07	-2.983266E-05	
555	1.337791E-06	-2.980689E-05	
556	2.004182E-06	-2.976436E-05	
557	2.667613E-06	-2.970568E-05	
558	3.327170E-06	-2.963173E-05	
559	3.982003E-06	-2.954361E-05	
560	4.631342E-06	-2.944270E-05	
561	5.274508E-06	-2.933062E-05	
562	5.910929E-06	-2.920924E-05	
563	6.540158E-06	-2.908069E-05	
564	7.316077E-06	-2.891351E-05	
565	8.079986E-06	-2.874417E-05	
566	8.831974E-06	-2.857860E-05	
567	9.572529E-06	-2.842342E-05	
568	1.039311E-05	-2.827033E-05	
569	1.120218E-05	-2.815129E-05	
570	1.208169E-05	-2.807478E-05	
571	1.304059E-05	-2.807809E-05	
572	1.408959E-05	-2.821847E-05	
573	1.524414E-05	-2.858186E-05	
574	1.651234E-05	-2.928823E-05	
575	1.789341E-05	-3.049029E-05	
576	1.936619E-05	-3.234625E-05	
577	0.000000E+00	-3.129284E-05	
578	6.956805E-07	-3.128360E-05	
579	1.390297E-06	-3.125602E-05	
580	2.082803E-06	-3.121049E-05	
581	2.772181E-06	-3.114765E-05	
582	3.457463E-06	-3.106843E-05	
583	4.137743E-06	-3.097399E-05	
584	4.812193E-06	-3.086576E-05	
585	5.480079E-06	-3.074544E-05	
586	6.140771E-06	-3.061500E-05	
587	6.793760E-06	-3.047666E-05	
588	7.598565E-06	-3.029636E-05	
589	8.390337E-06	-3.011314E-05	
590	9.169023E-06	-2.993314E-05	
591	9.934955E-06	-2.976321E-05	
592	1.078227E-05	-2.959337E-05	
593	1.161589E-05	-2.945769E-05	
594	1.251944E-05	-2.936317E-05	
595	1.350060E-05	-2.934704E-05	
596	1.456819E-05	-2.946612E-05	
597	1.573510E-05	-2.980484E-05	
598	1.700669E-05	-3.047983E-05	
599	1.838097E-05	-3.163815E-05	
600	1.984023E-05	-3.343248E-05	
601	0.000000E+00	-3.275754E-05	
602	7.217123E-07	-3.274767E-05	
603	1.442302E-06	-3.271819E-05	
604	2.160663E-06	-3.266951E-05	
605	2.875719E-06	-3.260232E-05	
606	3.586444E-06	-3.251756E-05	
607	4.291872E-06	-3.241646E-05	
608	4.991114E-06	-3.230053E-05	
609	5.683376E-06	-3.217154E-05	
610	6.367967E-06	-3.203153E-05	
611	7.044313E-06	-3.188283E-05	
612	7.877448E-06	-3.168862E-05	
613	8.696463E-06	-3.149060E-05	
614	9.501158E-06	-3.129516E-05	
615	1.029170E-05	-3.110934E-05	
616	1.116480E-05	-3.092135E-05	
617	1.202190E-05	-3.076743E-05	
618	1.294823E-05	-3.065293E-05	
619	1.395021E-05	-3.061499E-05	
620	1.503480E-05	-3.070991E-05	
621	1.621258E-05	-3.102074E-05	
622	1.748644E-05	-3.166128E-05	
623	1.885350E-05	-3.277404E-05	
624	2.029935E-05	-3.450793E-05	
625	0.000000E+00	-3.423548E-05	
626	7.474902E-07	-3.422495E-05	
627	1.493796E-06	-3.419347E-05	
628	2.237748E-06	-3.414149E-05	
629	2.978210E-06	-3.406972E-05	
630	3.714091E-06	-3.397915E-05	
631	4.444364E-06	-3.387106E-05	
632	5.168076E-06	-3.374702E-05	
633	5.884368E-06	-3.360889E-05	
634	6.592484E-06	-3.345878E-05	
635	7.291783E-06	-3.329913E-05	
636	8.152693E-06	-3.309016E-05	
637	8.998337E-06	-3.287641E-05	
638	9.828358E-06	-3.266447E-05	
639	1.064276E-05	-3.246159E-05	
640	1.154071E-05	-3.225397E-05	
641	1.242029E-05	-3.208019E-05	
642	1.336822E-05	-3.194375E-05	
643	1.438967E-05	-3.188159E-05	
644	1.548984E-05	-3.194956E-05	
645	1.667714E-05	-3.222942E-05	
646	1.795229E-05	-3.283263E-05	
647	1.931174E-05	-3.389817E-05	
648	2.074420E-05	-3.557271E-05	
649	0.000000E+00	-3.572674E-05	
650	7.730102E-07	-3.571550E-05	
651	1.544771E-06	-3.568194E-05	
652	2.314047E-06	-3.562650E-05	
653	3.079637E-06	-3.554992E-05	
654	3.840385E-06	-3.545324E-05	
655	4.595196E-06	-3.533780E-05	
656	5.343052E-06	-3.520524E-05	
657	6.083026E-06	-3.505747E-05	
658	6.814292E-06	-3.489671E-05	
659	7.536139E-06	-3.472548E-05	
660	8.424274E-06	-3.450088E-05	
661	9.295938E-06	-3.427042E-05	
662	1.015062E-05	-3.404088E-05	
663	1.098815E-05	-3.381974E-05	
664	1.191006E-05	-3.359098E-05	
665	1.281115E-05	-3.339568E-05	
666	1.377957E-05	-3.323530E-05	
667	1.481924E-05	-3.314656E-05	
668	1.593368E-05	-3.318485E-05	
669	1.712930E-05	-3.343078E-05	
670	1.840488E-05	-3.399392E-05	
671	1.975635E-05	-3.501068E-05	
672	2.117539E-05	-3.662683E-05	
673	0.000000E+00	-3.723139E-05	
674	7.982679E-07	-3.721942E-05	
675	1.595218E-06	-3.718367E-05	
676	2.389547E-06	-3.712459E-05	
677	3.179984E-06	-3.704297E-05	
678	3.965305E-06	-3.693989E-05	
679	4.744345E-06	-3.681673E-05	
680	5.516017E-06	-3.667519E-05	
681	6.279322E-06	-3.651728E-05	
682	7.033364E-06	-3.634529E-05	
683	7.777358E-06	-3.616184E-05	
684	8.692169E-06	-3.592070E-05	
685	9.589256E-06	-3.567250E-05	
686	1.046794E-05	-3.542424E-05	
687	1.132789E-05	-3.518358E-05	
688	1.227291E-05	-3.493215E-05	
689	1.319460E-05	-3.471364E-05	
690	1.418245E-05	-3.452731E-05	
691	1.523919E-05	-3.440963E-05	
692	1.636672E-05	-3.441554E-05	
693	1.756958E-05	-3.462468E-05	
694	1.884479E-05	-3.514516E-05	
695	2.018795E-05	-3.611168E-05	
696	2.159345E-05	-3.767025E-05	
697	0.000000E+00	-3.874954E-05	
698	8.232593E-07	-3.873680E-05	
699	1.645129E-06	-3.869875E-05	
700	2.464235E-06	-3.863587E-05	
701	3.279235E-06	-3.854895E-05	
702	4.088832E-06	-3.843914E-05	
703	4.891790E-06	-3.830787E-05	
704	5.686948E-06	-3.815690E-05	
705	6.473235E-06	-3.798832E-05	
706	7.249677E-06	-3.780450E-05	
707	8.015416E-06	-3.760815E-05	
708	8.956364E-06	-3.734954E-05	
709	9.878284E-06	-3.708255E-05	
710	1.078034E-05	-3.681438E-05	
711	1.166203E-05	-3.655293E-05	
712	1.262932E-05	-3.627725E-05	
713	1.357074E-05	-3.603383E-05	
714	1.457704E-05	-3.581953E-05	
715	1.564977E-05	-3.567056E-05	
716	1.678931E-05	-3.564145E-05	
717	1.799842E-05	-3.581102E-05	
718	1.927257E-05	-3.628636E-05	
719	2.060706E-05	-3.720119E-05	
720	2.199886E-05	-3.870288E-05	
721	0.000000E+00	-4.028129E-05	
722	8.479801E-07	-4.026774E-05	
723	1.694496E-06	-4.022728E-05	
724	2.538101E-06	-4.016040E-05	
725	3.377375E-06	-4.006794E-05	
726	4.210949E-06	-3.995107E-05	
727	5.037510E-06	-3.981128E-05	
728	5.855823E-06	-3.965041E-05	
729	6.664739E-06	-3.947060E-05	
730	7.463210E-06	-3.927433E-05	
731	8.250296E-06	-3.906437E-05	
732	9.216845E-06	-3.878731E-05	
733	1.016302E-05	-3.850045E-05	
734	1.108783E-05	-3.821119E-05	
735	1.199058E-05	-3.792762E-05	
736	1.297936E-05	-3.762610E-05	
737	1.393969E-05	-3.735603E-05	
738	1.496352E-05	-3.711173E-05	
739	1.605125E-05	-3.692913E-05	
740	1.720178E-05	-3.686240E-05	
741	1.841625E-05	-3.698969E-05	
742	1.968868E-05	-3.741747E-05	
743	2.101416E-05	-3.827921E-05	
744	2.239203E-05	-3.972454E-05	
745	0.000000E+00	-4.182673E-05	
746	8.724260E-07	-4.181235E-05	
747	1.743311E-06	-4.176936E-05	
748	2.611130E-06	-4.169830E-05	
749	3.474388E-06	-4.160002E-05	
750	4.331635E-06	-4.147575E-05	
751	5.181484E-06	-4.132702E-05	
752	6.022619E-06	-4.115575E-05	
753	6.853814E-06	-4.096414E-05	
754	7.673940E-06	-4.075477E-05	
755	8.481978E-06	-4.053050E-05	
756	9.473602E-06	-4.023398E-05	
757	1.044347E-05	-3.992612E-05	
758	1.139041E-05	-3.961454E-05	
759	1.231360E-05	-3.930752E-05	
760	1.332311E-05	-3.897852E-05	
761	1.430155E-05	-3.868005E-05	
762	1.534203E-05	-3.840371E-05	
763	1.644383E-05	-3.818514E-05	
764	1.760444E-05	-3.807822E-05	
765	1.882345E-05	-3.816059E-05	
766	2.009355E-05	-3.853845E-05	
767	2.140967E-05	-3.934567E-05	
768	2.277334E-05	-4.073502E-05	
769	0.000000E+00	-4.338600E-05	
770	8.965926E-07	-4.337074E-05	
771	1.791565E-06	-4.332511E-05	
772	2.683311E-06	-4.324966E-05	
773	3.570256E-06	-4.314529E-05	
774	4.450872E-06	-4.301326E-05	
775	5.323689E-06	-4.285516E-05	
776	6.187313E-06	-4.267297E-05	
777	7.040435E-06	-4.246898E-05	
778	7.881846E-06	-4.224584E-05	
779	8.710445E-06	-4.200651E-05	
780	9.726623E-06	-4.168950E-05	
781	1.071962E-05	-4.135950E-05	
782	1.168812E-05	-4.102433E-05	
783	1.263111E-05	-4.069249E-05	
784	1.366061E-05	-4.033435E-05	
785	1.465643E-05	-4.000572E-05	
786	1.571275E-05	-3.969529E-05	
787	1.682775E-05	-3.943843E-05	
788	1.799757E-05	-3.928876E-05	
789	1.922035E-05	-3.932359E-05	
790	2.048756E-05	-3.964922E-05	
791	2.179395E-05	-4.040047E-05	
792	2.314309E-05	-4.173405E-05	
793	0.000000E+00	-4.495923E-05	
794	9.204750E-07	-4.494303E-05	
795	1.839247E-06	-4.489464E-05	
796	2.754629E-06	-4.481460E-05	
797	3.664963E-06	-4.470385E-05	
798	4.568638E-06	-4.456369E-05	
799	5.464103E-06	-4.439578E-05	
800	6.349880E-06	-4.420214E-05	
801	7.224578E-06	-4.398516E-05	
802	8.086904E-06	-4.374756E-05	
803	8.935676E-06	-4.349240E-05	
804	9.975893E-06	-4.315384E-05	
805	1.099148E-05	-4.280051E-05	
806	1.198095E-05	-4.244047E-05	
807	1.294315E-05	-4.208242E-05	
808	1.399195E-05	-4.169345E-05	
809	1.500442E-05	-4.133287E-05	
810	1.607579E-05	-4.098629E-05	
811	1.720317E-05	-4.068881E-05	
812	1.838141E-05	-4.049387E-05	
813	1.960725E-05	-4.047858E-05	
814	2.087102E-05	-4.074966E-05	
815	2.216731E-05	-4.144346E-05	
816	2.350153E-05	-4.272132E-05	
817	0.000000E+00	-4.654654E-05	
818	9.440681E-07	-4.652938E-05	
819	1.886349E-06	-4.647809E-05	
820	2.825070E-06	-4.639325E-05	
821	3.758489E-06	-4.627583E-05	
822	4.684912E-06	-4.612716E-05	
823	5.602701E-06	-4.594896E-05	
824	6.510293E-06	-4.574333E-05	
825	7.406215E-06	-4.551273E-05	
826	8.289088E-06	-4.525996E-05	
827	9.157646E-06	-4.498820E-05	
828	1.022139E-05	-4.462699E-05	
829	1.125903E-05	-4.424913E-05	
830	1.226891E-05	-4.386288E-05	
831	1.324973E-05	-4.347720E-05	
832	1.431715E-05	-4.305571E-05	
833	1.534559E-05	-4.266136E-05	
834	1.643127E-05	-4.227656E-05	
835	1.757027E-05	-4.193614E-05	
836	1.875617E-05	-4.169340E-05	
837	1.998440E-05	-4.162543E-05	
838	2.124420E-05	-4.183967E-05	
839	2.253000E-05	-4.247447E-05	
840	2.384887E-05	-4.369646E-05	
841	0.000000E+00	-4.814808E-05	
842	9.673662E-07	-4.812991E-05	
843	1.932858E-06	-4.807560E-05	
844	2.894617E-06	-4.798574E-05	
845	3.850814E-06	-4.786133E-05	
846	4.799667E-06	-4.770377E-05	
847	5.739452E-06	-4.751481E-05	
848	6.668522E-06	-4.729663E-05	
849	7.585314E-06	-4.705175E-05	
850	8.488366E-06	-4.678309E-05	
851	9.376326E-06	-4.649391E-05	
852	1.046310E-05	-4.610894E-05	
853	1.152226E-05	-4.570531E-05	
854	1.255201E-05	-4.529152E-05	
855	1.355087E-05	-4.487676E-05	
856	1.463625E-05	-4.442100E-05	
857	1.568001E-05	-4.399106E-05	
858	1.677929E-05	-4.356596E-05	
859	1.792916E-05	-4.318026E-05	
860	1.912201E-05	-4.288722E-05	
861	2.035199E-05	-4.276400E-05	
862	2.160731E-05	-4.291908E-05	
863	2.288220E-05	-4.349326E-05	
864	2.418526E-05	-4.465909E-05	
865	0.000000E+00	-4.976401E-05	
866	9.903629E-07	-4.974479E-05	
867	1.978763E-06	-4.968731E-05	
868	2.963252E-06	-4.959221E-05	
869	3.941913E-06	-4.946051E-05	
870	4.912875E-06	-4.929364E-05	
871	5.874327E-06	-4.909343E-05	
872	6.824531E-06	-4.886212E-05	
873	7.761839E-06	-4.860231E-05	
874	8.684702E-06	-4.831701E-05	
875	9.591681E-06	-4.800958E-05	
876	1.070099E-05	-4.759969E-05	
877	1.178115E-05	-4.716903E-05	
878	1.283021E-05	-4.672634E-05	
879	1.384657E-05	-4.628102E-05	
880	1.494927E-05	-4.578924E-05	
881	1.600770E-05	-4.532187E-05	
882	1.711990E-05	-4.485436E-05	
883	1.827995E-05	-4.442105E-05	
884	1.947907E-05	-4.407518E-05	
885	2.071019E-05	-4.389415E-05	
886	2.196050E-05	-4.398772E-05	
887	2.322406E-05	-4.449959E-05	
888	2.451079E-05	-4.560876E-05	
889	0.000000E+00	-5.139450E-05	
890	1.013051E-06	-5.137417E-05	
891	2.024049E-06	-5.131340E-05	
892	3.030954E-06	-5.121282E-05	
893	4.031760E-06	-5.107350E-05	
894	5.024505E-06	-5.089691E-05	
895	6.007288E-06	-5.068495E-05	
896	6.978281E-06	-5.043991E-05	
897	7.935748E-06	-5.016449E-05	
898	8.878052E-06	-4.986178E-05	
899	9.803668E-06	-4.953525E-05	
900	1.093500E-05	-4.909928E-05	
901	1.203565E-05	-4.864030E-05	
902	1.310350E-05	-4.816729E-05	
903	1.413680E-05	-4.768993E-05	
904	1.525621E-05	-4.716034E-05	
905	1.632870E-05	-4.665366E-05	
906	1.745315E-05	-4.614163E-05	
907	1.862270E-05	-4.565835E-05	
908	1.982742E-05	-4.525713E-05	
909	2.105908E-05	-4.501572E-05	
910	2.230390E-05	-4.504541E-05	
911	2.355567E-05	-4.549317E-05	
912	2.482551E-05	-4.654500E-05	
913	0.000000E+00	-5.303971E-05	
914	1.035423E-06	-5.301824E-05	
915	2.068700E-06	-5.295403E-05	
916	3.097700E-06	-5.284774E-05	
917	4.120325E-06	-5.270046E-05	
918	5.134520E-06	-5.251373E-05	
919	6.138292E-06	-5.228949E-05	
920	7.129725E-06	-5.203011E-05	
921	8.106991E-06	-5.173838E-05	
922	9.068364E-06	-5.141749E-05	
923	1.001223E-05	-5.107098E-05	
924	1.116510E-05	-5.060773E-05	
925	1.228572E-05	-5.011911E-05	
926	1.337183E-05	-4.961436E-05	
927	1.442154E-05	-4.910343E-05	
928	1.555704E-05	-4.853422E-05	
929	1.664298E-05	-4.798635E-05	
930	1.777905E-05	-4.742766E-05	
931	1.895744E-05	-4.689205E-05	
932	2.016712E-05	-4.643293E-05	
933	2.139873E-05	-4.612854E-05	
934	2.263753E-05	-4.609193E-05	
935	2.387704E-05	-4.647369E-05	
936	2.512940E-05	-4.746729E-05	
937	0.000000E+00	-5.469984E-05	
938	1.057469E-06	-5.467717E-05	
939	2.112698E-06	-5.460937E-05	
940	3.163464E-06	-5.449712E-05	
941	4.207572E-06	-5.434156E-05	
942	5.242877E-06	-5.414424E-05	
943	6.267293E-06	-5.390720E-05	
944	7.278810E-06	-5.363286E-05	
945	8.275509E-06	-5.332410E-05	
946	9.255576E-06	-5.298421E-05	
947	1.021731E-05	-5.261685E-05	
948	1.139122E-05	-5.212508E-05	
949	1.253130E-05	-5.160548E-05	
950	1.363514E-05	-5.106754E-05	
951	1.470072E-05	-5.052149E-05	
952	1.585171E-05	-4.991083E-05	
953	1.695050E-05	-4.931985E-05	
954	1.809756E-05	-4.871234E-05	
955	1.928414E-05	-4.812201E-05	
956	2.049815E-05	-4.760243E-05	
957	2.172913E-05	-4.723244E-05	
958	2.296141E-05	-4.712704E-05	
959	2.418817E-05	-4.744079E-05	
960	2.542240E-05	-4.837509E-05	
961	0.000000E+00	-5.637508E-05	
962	1.079179E-06	-5.635116E-05	
963	2.156023E-06	-5.627962E-05	
964	3.228214E-06	-5.616116E-05	
965	4.293463E-06	-5.599696E-05	
966	5.349529E-06	-5.578862E-05	
967	6.394233E-06	-5.553822E-05	
968	7.425472E-06	-5.524828E-05	
969	8.441235E-06	-5.492177E-05	
970	9.439617E-06	-5.456205E-05	
971	1.041883E-05	-5.417292E-05	
972	1.161328E-05	-5.365139E-05	
973	1.277230E-05	-5.309943E-05	
974	1.389335E-05	-5.252682E-05	
975	1.497427E-05	-5.194407E-05	
976	1.614015E-05	-5.129009E-05	
977	1.725121E-05	-5.065407E-05	
978	1.840863E-05	-4.999556E-05	
979	1.960275E-05	-4.934809E-05	
980	2.082047E-05	-4.876548E-05	
981	2.205024E-05	-4.832721E-05	
982	2.327547E-05	-4.815050E-05	
983	2.448895E-05	-4.839412E-05	
984	2.570439E-05	-4.926783E-05	
985	0.000000E+00	-5.806563E-05	
986	1.100541E-06	-5.804040E-05	
987	2.198652E-06	-5.796497E-05	
988	3.291917E-06	-5.784006E-05	
989	4.377953E-06	-5.766685E-05	
990	5.454422E-06	-5.744702E-05	
991	6.519051E-06	-5.718272E-05	
992	7.569641E-06	-5.687653E-05	
993	8.604090E-06	-5.653150E-05	
994	9.620402E-06	-5.615112E-05	
995	1.061670E-05	-5.573930E-05	
996	1.183119E-05	-5.518672E-05	
997	1.300864E-05	-5.460100E-05	
998	1.414636E-05	-5.399220E-05	
999	1.524210E-05	-5.337116E-05	
1000	1.642227E-05	-5.267197E-05	
1001	1.754500E-05	-5.198893E-05	
1002	1.871215E-05	-5.127721E-05	
1003	1.991319E-05	-5.057017E-05	
1004	2.113398E-05	-4.992190E-05	
1005	2.236195E-05	-4.941267E-05	
1006	2.357959E-05	-4.916202E-05	
1007	2.477925E-05	-4.933326E-05	
1008	2.597519E-05	-5.014490E-05	
1009	0.000000E+00	-5.977170E-05	
1010	1.121543E-06	-5.974512E-05	
1011	2.240558E-06	-5.966564E-05	
1012	3.354534E-06	-5.953400E-05	
1013	4.460990E-06	-5.935143E-05	
1014	5.557493E-06	-5.911965E-05	
1015	6.641672E-06	-5.884086E-05	
1016	7.711235E-06	-5.851775E-05	
1017	8.763984E-06	-5.815345E-05	
1018	9.797832E-06	-5.775154E-05	
1019	1.081082E-05	-5.731607E-05	
1020	1.204483E-05	-5.673114E-05	
1021	1.324018E-05	-5.611022E-05	
1022	1.439406E-05	-5.546371E-05	
1023	1.550407E-05	-5.480273E-05	
1024	1.669792E-05	-5.405640E-05	
1025	1.783174E-05	-5.332436E-05	
1026	1.900799E-05	-5.255718E-05	
1027	2.021529E-05	-5.178810E-05	
1028	2.143853E-05	-5.107153E-05	
1029	2.266410E-05	-5.048859E-05	
1030	2.387359E-05	-5.016133E-05	
1031	2.505887E-05	-5.025782E-05	
1032	2.623457E-05	-5.100566E-05	
1033	0.000000E+00	-6.149351E-05	
1034	1.142168E-06	-6.146553E-05	
1035	2.281712E-06	-6.138184E-05	
1036	3.416021E-06	-6.124320E-05	
1037	4.542518E-06	-6.105089E-05	
1038	5.658672E-06	-6.080668E-05	
1039	6.762015E-06	-6.051283E-05	
1040	7.850159E-06	-6.017211E-05	
1041	8.920813E-06	-5.978775E-05	
1042	9.971796E-06	-5.936344E-05	
1043	1.100106E-05	-5.890334E-05	
1044	1.225407E-05	-5.828472E-05	
1045	1.346680E-05	-5.762716E-05	
1046	1.463629E-05	-5.694135E-05	
1047	1.576002E-05	-5.623878E-05	
1048	1.696696E-05	-5.544335E-05	
1049	1.811125E-05	-5.466027E-05	
1050	1.929598E-05	-5.383538E-05	
1051	2.050889E-05	-5.300176E-05	
1052	2.173392E-05	-5.221419E-05	
1053	2.295648E-05	-5.155475E-05	
1054	2.415725E-05	-5.114812E-05	
1055	2.532756E-05	-5.116734E-05	
1056	2.648224E-05	-5.184946E-05	
1057	0.000000E+00	-6.323129E-05	
1058	1.162401E-06	-6.320185E-05	
1059	2.322079E-06	-6.311378E-05	
1060	3.476328E-06	-6.296788E-05	
1061	4.622470E-06	-6.276546E-05	
1062	5.757878E-06	-6.250832E-05	
1063	6.879986E-06	-6.219882E-05	
1064	7.986308E-06	-6.183979E-05	
1065	9.074459E-06	-6.143456E-05	
1066	1.014216E-05	-6.098695E-05	
1067	1.118728E-05	-6.050124E-05	
1068	1.245876E-05	-5.984756E-05	
1069	1.368833E-05	-5.915186E-05	
1070	1.487288E-05	-5.842515E-05	
1071	1.600979E-05	-5.767930E-05	
1072	1.722918E-05	-5.683277E-05	
1073	1.838334E-05	-5.599659E-05	
1074	1.957588E-05	-5.511167E-05	
1075	2.079373E-05	-5.421098E-05	
1076	2.201990E-05	-5.334970E-05	
1077	2.323880E-05	-5.261090E-05	
1078	2.443025E-05	-5.212206E-05	
1079	2.558498E-05	-5.206137E-05	
1080	2.671784E-05	-5.267561E-05	
1081	0.000000E+00	-6.498528E-05	
1082	1.182222E-06	-6.495432E-05	
1083	2.361623E-06	-6.486172E-05	
1084	3.535399E-06	-6.470827E-05	
1085	4.700774E-06	-6.449534E-05	
1086	5.855022E-06	-6.422478E-05	
1087	6.995479E-06	-6.389902E-05	
1088	8.119562E-06	-6.352096E-05	
1089	9.224788E-06	-6.309406E-05	
1090	1.030879E-05	-6.262222E-05	
1091	1.136933E-05	-6.210988E-05	
1092	1.265874E-05	-6.141975E-05	
1093	1.390458E-05	-6.068438E-05	
1094	1.510363E-05	-5.991515E-05	
1095	1.625315E-05	-5.912427E-05	
1096	1.748435E-05	-5.822461E-05	
1097	1.864775E-05	-5.733325E-05	
1098	1.984744E-05	-5.638596E-05	
1099	2.106953E-05	-5.541562E-05	
1100	2.229615E-05	-5.447785E-05	
1101	2.351074E-05	-5.365680E-05	
1102	2.469225E-05	-5.308282E-05	
1103	2.583075E-05	-5.293943E-05	
1104	2.694097E-05	-5.348339E-05	
1105	0.000000E+00	-6.675572E-05	
1106	1.201610E-06	-6.672319E-05	
1107	2.400301E-06	-6.662587E-05	
1108	3.593171E-06	-6.646460E-05	
1109	4.777347E-06	-6.624076E-05	
1110	5.950003E-06	-6.595628E-05	
1111	7.108377E-06	-6.561363E-05	
1112	8.249787E-06	-6.521582E-05	
1113	9.371652E-06	-6.476640E-05	
1114	1.047151E-05	-6.426941E-05	
1115	1.154704E-05	-6.372939E-05	
1116	1.285381E-05	-6.300138E-05	
1117	1.411535E-05	-6.222479E-05	
1118	1.532832E-05	-6.141136E-05	
1119	1.648986E-05	-6.057370E-05	
1120	1.773222E-05	-5.961884E-05	
1121	1.890421E-05	-5.867015E-05	
1122	2.011034E-05	-5.765811E-05	
1123	2.133596E-05	-5.661551E-05	
1124	2.256230E-05	-5.559845E-05	
1125	2.377190E-05	-5.469219E-05	
1126	2.494282E-05	-5.403006E-05	
1127	2.606442E-05	-5.380102E-05	
1128	2.715114E-05	-5.427208E-05	
1129	0.000000E+00	-6.854286E-05	
1130	1.220540E-06	-6.850870E-05	
1131	2.438065E-06	-6.840650E-05	
1132	3.649574E-06	-6.823712E-05	
1133	4.852097E-06	-6.800197E-05	
1134	6.042708E-06	-6.770304E-05	
1135	7.218546E-06	-6.734287E-05	
1136	8.376830E-06	-6.692457E-05	
1137	9.514881E-06	-6.645178E-05	
1138	1.063014E-05	-6.592866E-05	
1139	1.172019E-05	-6.535991E-05	
1140	1.304374E-05	-6.459257E-05	
1141	1.432040E-05	-6.377317E-05	
1142	1.554669E-05	-6.291383E-05	
1143	1.671965E-05	-6.202758E-05	
1144	1.797248E-05	-6.101541E-05	
1145	1.915237E-05	-6.000722E-05	
1146	2.036424E-05	-5.892801E-05	
1147	2.159263E-05	-5.781049E-05	
1148	2.281794E-05	-5.671128E-05	
1149	2.402181E-05	-5.571678E-05	
1150	2.518146E-05	-5.496339E-05	
1151	2.628547E-05	-5.464563E-05	
1152	2.734782E-05	-5.504092E-05	
1153	0.000000E+00	-7.034696E-05	
1154	1.238987E-06	-7.031111E-05	
1155	2.474863E-06	-7.020385E-05	
1156	3.704530E-06	-7.002606E-05	
1157	4.924921E-06	-6.977919E-05	
1158	6.133011E-06	-6.946529E-05	
1159	7.325840E-06	-6.908696E-05	
1160	8.500526E-06	-6.864741E-05	
1161	9.654290E-06	-6.815037E-05	
1162	1.078447E-05	-6.760016E-05	
1163	1.188857E-05	-6.700160E-05	
1164	1.322830E-05	-6.619343E-05	
1165	1.451947E-05	-6.532958E-05	
1166	1.575845E-05	-6.442259E-05	
1167	1.694220E-05	-6.348591E-05	
1168	1.820479E-05	-6.241427E-05	
1169	1.939188E-05	-6.134436E-05	
1170	2.060871E-05	-6.019551E-05	
1171	2.183908E-05	-5.900036E-05	
1172	2.306257E-05	-5.781609E-05	
1173	2.425996E-05	-5.673029E-05	
1174	2.540761E-05	-5.588246E-05	
1175	2.649333E-05	-5.547275E-05	
1176	2.753039E-05	-5.578914E-05	
1177	0.000000E+00	-7.216827E-05	
1178	1.256921E-06	-7.213067E-05	
1179	2.510636E-06	-7.201818E-05	
1180	3.757952E-06	-7.183168E-05	
1181	4.995705E-06	-7.157268E-05	
1182	6.220773E-06	-7.124327E-05	
1183	7.430093E-06	-7.084613E-05	
1184	8.620686E-06	-7.038455E-05	
1185	9.789669E-06	-6.986238E-05	
1186	1.093429E-05	-6.928407E-05	
1187	1.205193E-05	-6.865458E-05	
1188	1.340721E-05	-6.780406E-05	
1189	1.471225E-05	-6.689410E-05	
1190	1.596328E-05	-6.593767E-05	
1191	1.715716E-05	-6.494868E-05	
1192	1.842877E-05	-6.381536E-05	
1193	1.962232E-05	-6.268147E-05	
1194	2.084331E-05	-6.146046E-05	
1195	2.207483E-05	-6.018495E-05	
1196	2.329565E-05	-5.891266E-05	
1197	2.448574E-05	-5.773241E-05	
1198	2.562065E-05	-5.678687E-05	
1199	2.668732E-05	-5.628183E-05	
1200	2.769818E-05	-5.651596E-05	
1201	0.000000E+00	-7.400706E-05	
1202	1.274308E-06	-7.396765E-05	
1203	2.545318E-06	-7.384974E-05	
1204	3.809743E-06	-7.365424E-05	
1205	5.064323E-06	-7.338268E-05	
1206	6.305837E-06	-7.303722E-05	
1207	7.531126E-06	-7.262060E-05	
1208	8.737104E-06	-7.213621E-05	
1209	9.920789E-06	-7.158801E-05	
1210	1.107932E-05	-7.098057E-05	
1211	1.221000E-05	-7.031904E-05	
1212	1.358017E-05	-6.942460E-05	
1213	1.489842E-05	-6.846682E-05	
1214	1.616083E-05	-6.745912E-05	
1215	1.736415E-05	-6.641588E-05	
1216	1.864400E-05	-6.521862E-05	
1217	1.984322E-05	-6.401843E-05	
1218	2.106754E-05	-6.272271E-05	
1219	2.229931E-05	-6.136402E-05	
1220	2.351657E-05	-6.000072E-05	
1221	2.469850E-05	-5.872284E-05	
1222	2.581987E-05	-5.767623E-05	
1223	2.686673E-05	-5.707235E-05	
1224	2.785045E-05	-5.722058E-05	
1225	0.000000E+00	-7.586359E-05	
1226	1.291113E-06	-7.582232E-05	
1227	2.578838E-06	-7.569881E-05	
1228	3.859796E-06	-7.549400E-05	
1229	5.130633E-06	-7.520946E-05	
1230	6.388034E-06	-7.484739E-05	
1231	7.628736E-06	-7.441063E-05	
1232	8.849553E-06	-7.390262E-05	
1233	1.004740E-05	-7.332746E-05	
1234	1.121931E-05	-7.268986E-05	
1235	1.236247E-05	-7.199511E-05	
1236	1.374686E-05	-7.105515E-05	
1237	1.507762E-05	-7.004781E-05	
1238	1.635071E-05	-6.898696E-05	
1239	1.756276E-05	-6.788750E-05	
1240	1.885001E-05	-6.662397E-05	
1241	2.005408E-05	-6.535513E-05	
1242	2.128082E-05	-6.398207E-05	
1243	2.251190E-05	-6.253737E-05	
1244	2.372464E-05	-6.107999E-05	
1245	2.489750E-05	-5.970123E-05	
1246	2.600450E-05	-5.855012E-05	
1247	2.703074E-05	-5.784374E-05	
1248	2.798637E-05	-5.790220E-05	
1249	0.000000E+00	-7.773814E-05	
1250	1.307295E-06	-7.769493E-05	
1251	2.611114E-06	-7.756564E-05	
1252	3.907992E-06	-7.735122E-05	
1253	5.194482E-06	-7.705327E-05	
1254	6.467173E-06	-7.667404E-05	
1255	7.722703E-06	-7.621644E-05	
1256	8.957783E-06	-7.568401E-05	
1257	1.016922E-05	-7.508096E-05	
1258	1.135394E-05	-7.441212E-05	
1259	1.250903E-05	-7.368297E-05	
1260	1.390692E-05	-7.269586E-05	
1261	1.524947E-05	-7.163716E-05	
1262	1.653249E-05	-7.052122E-05	
1263	1.775251E-05	-6.936351E-05	
1264	1.904630E-05	-6.803135E-05	
1265	2.025434E-05	-6.669143E-05	
1266	2.148255E-05	-6.523836E-05	
1267	2.271192E-05	-6.370474E-05	
1268	2.391913E-05	-6.215019E-05	
1269	2.508194E-05	-6.066726E-05	
1270	2.617367E-05	-5.940812E-05	
1271	2.717847E-05	-5.859545E-05	
1272	2.810504E-05	-5.855998E-05	
1273	0.000000E+00	-7.963095E-05	
1274	1.322808E-06	-7.958576E-05	
1275	2.642059E-06	-7.945050E-05	
1276	3.954200E-06	-7.922616E-05	
1277	5.255698E-06	-7.891437E-05	
1278	6.543046E-06	-7.851742E-05	
1279	7.812784E-06	-7.803829E-05	
1280	9.061518E-06	-7.748062E-05	
1281	1.028594E-05	-7.684871E-05	
1282	1.148288E-05	-7.614756E-05	
1283	1.264930E-05	-7.538280E-05	
1284	1.405995E-05	-7.434686E-05	
1285	1.541354E-05	-7.323495E-05	
1286	1.670571E-05	-7.206195E-05	
1287	1.793290E-05	-7.084388E-05	
1288	1.923232E-05	-6.944067E-05	
1289	2.044340E-05	-6.802718E-05	
1290	2.167206E-05	-6.649137E-05	
1291	2.289864E-05	-6.486588E-05	
1292	2.409921E-05	-6.321100E-05	
1293	2.525092E-05	-6.162055E-05	
1294	2.632645E-05	-6.024983E-05	
1295	2.730897E-05	-5.932692E-05	
1296	2.820551E-05	-5.919313E-05	
1297	0.000000E+00	-8.154231E-05	
1298	1.337605E-06	-8.149506E-05	
1299	2.671574E-06	-8.135366E-05	
1300	3.998276E-06	-8.111909E-05	
1301	5.314092E-06	-8.079302E-05	
1302	6.615424E-06	-8.037779E-05	
1303	7.898713E-06	-7.987644E-05	
1304	9.160456E-06	-7.929268E-05	
1305	1.039724E-05	-7.863095E-05	
1306	1.160577E-05	-7.789637E-05	
1307	1.278291E-05	-7.709477E-05	
1308	1.420554E-05	-7.600827E-05	
1309	1.556936E-05	-7.484125E-05	
1310	1.686988E-05	-7.360915E-05	
1311	1.810340E-05	-7.232859E-05	
1312	1.940747E-05	-7.085180E-05	
1313	2.062060E-05	-6.936221E-05	
1314	2.184861E-05	-6.774087E-05	
1315	2.307125E-05	-6.602049E-05	
1316	2.426401E-05	-6.426210E-05	
1317	2.540350E-05	-6.256075E-05	
1318	2.646182E-05	-6.107479E-05	
1319	2.742118E-05	-6.003761E-05	
1320	2.828671E-05	-5.980081E-05	
1321	0.000000E+00	-8.347246E-05	
1322	1.351629E-06	-8.342310E-05	
1323	2.699552E-06	-8.327537E-05	
1324	4.040061E-06	-8.303027E-05	
1325	5.369458E-06	-8.268949E-05	
1326	6.684055E-06	-8.225541E-05	
1327	7.980195E-06	-8.173113E-05	
1328	9.254269E-06	-8.112045E-05	
1329	1.050275E-05	-8.042790E-05	
1330	1.172222E-05	-7.965878E-05	
1331	1.290942E-05	-7.881905E-05	
1332	1.434321E-05	-7.768023E-05	
1333	1.571644E-05	-7.645617E-05	
1334	1.702445E-05	-7.516286E-05	
1335	1.826342E-05	-7.381758E-05	
1336	1.957112E-05	-7.226465E-05	
1337	2.078524E-05	-7.069633E-05	
1338	2.201144E-05	-6.898660E-05	
1339	2.322888E-05	-6.716827E-05	
1340	2.441256E-05	-6.530313E-05	
1341	2.553862E-05	-6.348745E-05	
1342	2.657869E-05	-6.188257E-05	
1343	2.751398E-05	-6.072696E-05	
1344	2.834752E-05	-6.038220E-05	
1345	0.000000E+00	-8.542166E-05	
1346	1.364822E-06	-8.537013E-05	
1347	2.725873E-06	-8.521589E-05	
1348	4.079380E-06	-8.495996E-05	
1349	5.421567E-06	-8.460404E-05	
1350	6.748663E-06	-8.415055E-05	
1351	8.056912E-06	-8.360263E-05	
1352	9.342597E-06	-8.296417E-05	
1353	1.060207E-05	-8.223982E-05	
1354	1.183179E-05	-8.143499E-05	
1355	1.302838E-05	-8.055585E-05	
1356	1.447248E-05	-7.936289E-05	
1357	1.585425E-05	-7.807977E-05	
1358	1.716885E-05	-7.672309E-05	
1359	1.841233E-05	-7.531082E-05	
1360	1.972256E-05	-7.367907E-05	
1361	2.093655E-05	-7.202934E-05	
1362	2.215969E-05	-7.022829E-05	
1363	2.337060E-05	-6.830889E-05	
1364	2.454383E-05	-6.633372E-05	
1365	2.565518E-05	-6.440026E-05	
1366	2.667586E-05	-6.267274E-05	
1367	2.758615E-05	-6.139441E-05	
1368	2.838673E-05	-6.093651E-05	
1369	0.000000E+00	-8.739014E-05	
1370	1.377117E-06	-8.733639E-05	
1371	2.750408E-06	-8.717547E-05	
1372	4.116040E-06	-8.690840E-05	
1373	5.470170E-06	-8.653692E-05	
1374	6.808944E-06	-8.606345E-05	
1375	8.128512E-06	-8.549119E-05	
1376	9.425047E-06	-8.482410E-05	
1377	1.069478E-05	-8.406693E-05	
1378	1.193403E-05	-8.322523E-05	
1379	1.313929E-05	-8.230536E-05	
1380	1.459282E-05	-8.105640E-05	
1381	1.598222E-05	-7.971215E-05	
1382	1.730245E-05	-7.828986E-05	
1383	1.854947E-05	-7.680822E-05	
1384	1.986107E-05	-7.509492E-05	
1385	2.107372E-05	-7.336100E-05	
1386	2.229246E-05	-7.146562E-05	
1387	2.349539E-05	-6.944197E-05	
1388	2.465671E-05	-6.735345E-05	
1389	2.575195E-05	-6.529875E-05	
1390	2.675206E-05	-6.344483E-05	
1391	2.763638E-05	-6.203943E-05	
1392	2.840304E-05	-6.146293E-05	
1393	0.000000E+00	-8.937814E-05	
1394	1.388440E-06	-8.932211E-05	
1395	2.773011E-06	-8.915433E-05	
1396	4.149829E-06	-8.887585E-05	
1397	5.514991E-06	-8.848838E-05	
1398	6.864567E-06	-8.799439E-05	
1399	8.194613E-06	-8.739709E-05	
1400	9.501191E-06	-8.670051E-05	
1401	1.078040E-05	-8.590949E-05	
1402	1.202844E-05	-8.502973E-05	
1403	1.324162E-05	-8.406777E-05	
1404	1.470363E-05	-8.276090E-05	
1405	1.609971E-05	-8.135338E-05	
1406	1.742461E-05	-7.986317E-05	
1407	1.867411E-05	-7.830972E-05	
1408	1.998585E-05	-7.651202E-05	
1409	2.119589E-05	-7.469105E-05	
1410	2.240880E-05	-7.269827E-05	
1411	2.360220E-05	-7.056712E-05	
1412	2.475001E-05	-6.836191E-05	
1413	2.582765E-05	-6.618249E-05	
1414	2.680593E-05	-6.419841E-05	
1415	2.766328E-05	-6.266150E-05	
1416	2.839507E-05	-6.196068E-05	
1417	0.000000E+00	-9.138588E-05	
1418	1.398712E-06	-9.132750E-05	
1419	2.793524E-06	-9.115271E-05	
1420	4.180516E-06	-9.086253E-05	
1421	5.555730E-06	-9.045867E-05	
1422	6.915169E-06	-8.994361E-05	
1423	8.254797E-06	-8.932058E-05	
1424	9.570564E-06	-8.859366E-05	
1425	1.085844E-05	-8.776777E-05	
1426	1.211446E-05	-8.684874E-05	
1427	1.333480E-05	-8.584331E-05	
1428	1.480433E-05	-8.447655E-05	
1429	1.620609E-05	-8.300357E-05	
1430	1.753460E-05	-8.144303E-05	
1431	1.878550E-05	-7.981522E-05	
1432	2.009608E-05	-7.793018E-05	
1433	2.130213E-05	-7.601921E-05	
1434	2.250767E-05	-7.392585E-05	
1435	2.368986E-05	-7.168390E-05	
1436	2.482247E-05	-6.935862E-05	
1437	2.588090E-05	-6.705100E-05	
1438	2.683599E-05	-6.493301E-05	
1439	2.766537E-05	-6.326011E-05	
1440	2.836134E-05	-6.242902E-05	
1441	0.000000E+00	-9.341353E-05	
1442	1.407845E-06	-9.335277E-05	
1443	2.811774E-06	-9.317081E-05	
1444	4.207843E-06	-9.286866E-05	
1445	5.592055E-06	-9.244803E-05	
1446	6.960351E-06	-9.191138E-05	
1447	8.308607E-06	-9.126194E-05	
1448	9.632658E-06	-9.050382E-05	
1449	1.092833E-05	-8.964203E-05	
1450	1.219151E-05	-8.868251E-05	
1451	1.341819E-05	-8.763219E-05	
1452	1.489423E-05	-8.620353E-05	
1453	1.630064E-05	-8.466279E-05	
1454	1.763169E-05	-8.302943E-05	
1455	1.888283E-05	-8.132463E-05	
1456	2.019086E-05	-7.934918E-05	
1457	2.139147E-05	-7.734515E-05	
1458	2.258798E-05	-7.514796E-05	
1459	2.375718E-05	-7.279184E-05	
1460	2.487274E-05	-7.034308E-05	
1461	2.591022E-05	-6.790381E-05	
1462	2.684071E-05	-6.564817E-05	
1463	2.764106E-05	-6.383477E-05	
1464	2.830032E-05	-6.286723E-05	
1465	0.000000E+00	-9.546128E-05	
1466	1.415740E-06	-9.539808E-05	
1467	2.827567E-06	-9.520881E-05	
1468	4.231529E-06	-9.489445E-05	
1469	5.623604E-06	-9.445669E-05	
1470	6.999678E-06	-9.389793E-05	
1471	8.355545E-06	-9.322142E-05	
1472	9.686922E-06	-9.243127E-05	
1473	1.098949E-05	-9.153254E-05	
1474	1.225896E-05	-9.053130E-05	
1475	1.349114E-05	-8.943466E-05	
1476	1.497264E-05	-8.794200E-05	
1477	1.638263E-05	-8.633115E-05	
1478	1.771507E-05	-8.462238E-05	
1479	1.896524E-05	-8.283783E-05	
1480	2.026927E-05	-8.076879E-05	
1481	2.146288E-05	-7.866853E-05	
1482	2.264859E-05	-7.636414E-05	
1483	2.380285E-05	-7.389042E-05	
1484	2.489937E-05	-7.131476E-05	
1485	2.591407E-05	-6.874040E-05	
1486	2.681843E-05	-6.634345E-05	
1487	2.758867E-05	-6.438501E-05	
1488	2.821036E-05	-6.327463E-05	
1489	0.000000E+00	-9.752925E-05	
1490	1.422292E-06	-9.746358E-05	
1491	2.840694E-06	-9.726688E-05	
1492	4.251267E-06	-9.694009E-05	
1493	5.649979E-06	-9.648484E-05	
1494	7.032673E-06	-9.590351E-05	
1495	8.395065E-06	-9.519929E-05	
1496	9.732754E-06	-9.437629E-05	
1497	1.104127E-05	-9.343960E-05	
1498	1.231612E-05	-9.239540E-05	
1499	1.355294E-05	-9.125095E-05	
1500	1.503881E-05	-8.969217E-05	
1501	1.645126E-05	-8.800874E-05	
1502	1.778392E-05	-8.622185E-05	
1503	1.903185E-05	-8.435469E-05	
1504	2.033032E-05	-8.218872E-05	
1505	2.151527E-05	-7.998893E-05	
1506	2.268827E-05	-7.757389E-05	
1507	2.382551E-05	-7.497906E-05	
1508	2.490087E-05	-7.227308E-05	
1509	2.589079E-05	-6.956025E-05	
1510	2.676741E-05	-6.701838E-05	
1511	2.750645E-05	-6.491041E-05	
1512	2.808972E-05	-6.365058E-05	
1513	0.000000E+00	-9.961757E-05	
1514	1.427381E-06	-9.954938E-05	
1515	2.850922E-06	-9.934513E-05	
1516	4.266717E-06	-9.900572E-05	
1517	5.670743E-06	-9.853269E-05	
1518	7.058815E-06	-9.792835E-05	
1519	8.426575E-06	-9.719582E-05	
1520	9.769503E-06	-9.633917E-05	
1521	1.108296E-05	-9.536351E-05	
1522	1.236227E-05	-9.427509E-05	
1523	1.360280E-05	-9.308135E-05	
1524	1.509193E-05	-9.145422E-05	
1525	1.650569E-05	-8.969568E-05	
1526	1.783734E-05	-8.782784E-05	
1527	1.908169E-05	-8.587505E-05	
1528	2.037296E-05	-8.360869E-05	
1529	2.154748E-05	-8.130593E-05	
1530	2.270575E-05	-7.877665E-05	
1531	2.382372E-05	-7.605715E-05	
1532	2.487562E-05	-7.321741E-05	
1533	2.583863E-05	-7.036279E-05	
1534	2.668580E-05	-6.767252E-05	
1535	2.739252E-05	-6.541055E-05	
1536	2.793661E-05	-6.399451E-05	
1537	0.000000E+00	-1.017263E-04	
1538	1.430879E-06	-1.016556E-04	
1539	2.857996E-06	-1.014437E-04	
1540	4.277507E-06	-1.010915E-04	
1541	5.685418E-06	-1.006004E-04	
1542	7.077533E-06	-9.997267E-05	
1543	8.449426E-06	-9.921127E-05	
1544	9.796457E-06	-9.832022E-05	
1545	1.111381E-05	-9.730459E-05	
1546	1.239659E-05	-9.617070E-05	
1547	1.363992E-05	-9.492615E-05	
1548	1.513115E-05	-9.322840E-05	
1549	1.654503E-05	-9.139208E-05	
1550	1.787439E-05	-8.944035E-05	
1551	1.911377E-05	-8.739877E-05	
1552	2.039611E-05	-8.502835E-05	
1553	2.155832E-05	-8.261904E-05	
1554	2.269966E-05	-7.997181E-05	
1555	2.379597E-05	-7.712400E-05	
1556	2.482195E-05	-7.414708E-05	
1557	2.575577E-05	-7.114744E-05	
1558	2.657168E-05	-6.830539E-05	
1559	2.724492E-05	-6.588508E-05	
1560	2.774912E-05	-6.430592E-05	
1561	0.000000E+00	-1.038554E-04	
1562	1.432643E-06	-1.037821E-04	
1563	2.861636E-06	-1.035626E-04	
1564	4.283228E-06	-1.031975E-04	
1565	5.693480E-06	-1.026881E-04	
1566	7.088201E-06	-1.020367E-04	
1567	8.462911E-06	-1.012459E-04	
1568	9.812844E-06	-1.003197E-04	
1569	1.113300E-05	-9.926317E-05	
1570	1.241824E-05	-9.808257E-05	
1571	1.366339E-05	-9.678565E-05	
1572	1.515555E-05	-9.501494E-05	
1573	1.656833E-05	-9.309808E-05	
1574	1.789410E-05	-9.105935E-05	
1575	1.912704E-05	-8.892565E-05	
1576	2.039861E-05	-8.644734E-05	
1577	2.154650E-05	-8.392772E-05	
1578	2.266859E-05	-8.115871E-05	
1579	2.374066E-05	-7.817886E-05	
1580	2.473806E-05	-7.506135E-05	
1581	2.564025E-05	-7.191357E-05	
1582	2.642302E-05	-6.891656E-05	
1583	2.706162E-05	-6.633369E-05	
1584	2.752529E-05	-6.458437E-05	
1585	0.000000E+00	-1.060049E-04	
1586	1.432518E-06	-1.059291E-04	
1587	2.861536E-06	-1.057018E-04	
1588	4.283432E-06	-1.053237E-04	
1589	5.694355E-06	-1.047960E-04	
1590	7.090138E-06	-1.041206E-04	
1591	8.466257E-06	-1.033000E-04	
1592	9.817823E-06	-1.023380E-04	
1593	1.113964E-05	-1.012396E-04	
1594	1.242628E-05	-1.000111E-04	
1595	1.367229E-05	-9.866023E-05	
1596	1.516417E-05	-9.681414E-05	
1597	1.657461E-05	-9.481384E-05	
1598	1.789541E-05	-9.268483E-05	
1599	1.912040E-05	-9.045551E-05	
1600	2.037927E-05	-8.786525E-05	
1601	2.151071E-05	-8.523137E-05	
1602	2.261105E-05	-8.233659E-05	
1603	2.365610E-05	-7.922093E-05	
1604	2.462211E-05	-7.595943E-05	
1605	2.549008E-05	-7.266053E-05	
1606	2.623768E-05	-6.950558E-05	
1607	2.684048E-05	-6.675610E-05	
1608	2.726306E-05	-6.482953E-05	
1609	0.000000E+00	-1.081746E-04	
1610	1.430332E-06	-1.080963E-04	
1611	2.857359E-06	-1.078613E-04	
1612	4.277630E-06	-1.074703E-04	
1613	5.687413E-06	-1.069241E-04	
1614	7.082597E-06	-1.062245E-04	
1615	8.458622E-06	-1.053738E-04	
1616	9.810478E-06	-1.043755E-04	
1617	1.113275E-05	-1.032343E-04	
1618	1.241972E-05	-1.019566E-04	
1619	1.366557E-05	-1.005503E-04	
1620	1.515596E-05	-9.862629E-05	
1621	1.656279E-05	-9.653954E-05	
1622	1.787723E-05	-9.431681E-05	
1623	1.909268E-05	-9.198813E-05	
1624	2.033683E-05	-8.928163E-05	
1625	2.144953E-05	-8.652935E-05	
1626	2.252546E-05	-8.350463E-05	
1627	2.354054E-05	-8.024929E-05	
1628	2.447213E-05	-7.684047E-05	
1629	2.530312E-05	-7.338763E-05	
1630	2.601347E-05	-7.007201E-05	
1631	2.657928E-05	-6.715212E-05	
1632	2.696032E-05	-6.504116E-05	
1633	0.000000E+00	-1.103645E-04	
1634	1.425897E-06	-1.102836E-04	
1635	2.848736E-06	-1.100410E-04	
1636	4.265283E-06	-1.096370E-04	
1637	5.671968E-06	-1.090725E-04	
1638	7.064761E-06	-1.083486E-04	
1639	8.439088E-06	-1.074675E-04	
1640	9.789814E-06	-1.064324E-04	
1641	1.111129E-05	-1.052477E-04	
1642	1.239749E-05	-1.039196E-04	
1643	1.364216E-05	-1.024562E-04	
1644	1.512983E-05	-1.004518E-04	
1645	1.653177E-05	-9.827539E-05	
1646	1.783842E-05	-9.595527E-05	
1647	1.904267E-05	-9.352328E-05	
1648	2.026995E-05	-9.069598E-05	
1649	2.136152E-05	-8.782091E-05	
1650	2.241017E-05	-8.466194E-05	
1651	2.339212E-05	-8.126298E-05	
1652	2.428607E-05	-7.770355E-05	
1653	2.507718E-05	-7.409415E-05	
1654	2.574808E-05	-7.061543E-05	
1655	2.627574E-05	-6.752159E-05	
1656	2.661489E-05	-6.521915E-05	
1657	0.000000E+00	-1.125741E-04	
1658	1.419009E-06	-1.124907E-04	
1659	2.835265E-06	-1.122406E-04	
1660	4.245805E-06	-1.118239E-04	
1661	5.647269E-06	-1.112411E-04	
1662	7.035741E-06	-1.104931E-04	
1663	8.406653E-06	-1.095815E-04	
1664	9.754749E-06	-1.085091E-04	
1665	1.107413E-05	-1.072801E-04	
1666	1.235841E-05	-1.059006E-04	
1667	1.360088E-05	-1.043785E-04	
1668	1.508460E-05	-1.022910E-04	
1669	1.648036E-05	-1.000216E-04	
1670	1.777776E-05	-9.760024E-05	
1671	1.896911E-05	-9.506071E-05	
1672	2.017726E-05	-9.210776E-05	
1673	2.124512E-05	-8.910526E-05	
1674	2.226346E-05	-8.580751E-05	
1675	2.320890E-05	-8.226092E-05	
1676	2.406180E-05	-7.854768E-05	
1677	2.480997E-05	-7.477932E-05	
1678	2.543915E-05	-7.113541E-05	
1679	2.592749E-05	-6.786444E-05	
1680	2.622454E-05	-6.536350E-05	
1681	0.000000E+00	-1.148032E-04	
1682	1.409446E-06	-1.147174E-04	
1683	2.816508E-06	-1.144599E-04	
1684	4.218558E-06	-1.140308E-04	
1685	5.612496E-06	-1.134300E-04	
1686	6.994565E-06	-1.126580E-04	
1687	8.360225E-06	-1.117159E-04	
1688	9.704104E-06	-1.106060E-04	
1689	1.102004E-05	-1.093322E-04	
1690	1.230123E-05	-1.079001E-04	
1691	1.354047E-05	-1.063177E-04	
1692	1.501900E-05	-1.041444E-04	
1693	1.640730E-05	-1.017785E-04	
1694	1.769397E-05	-9.925176E-05	
1695	1.887065E-05	-9.660017E-05	
1696	2.005730E-05	-9.351636E-05	
1697	2.109873E-05	-9.038150E-05	
1698	2.208351E-05	-8.694025E-05	
1699	2.298885E-05	-8.324194E-05	
1700	2.379708E-05	-7.937177E-05	
1701	2.449909E-05	-7.544234E-05	
1702	2.508422E-05	-7.163154E-05	
1703	2.553213E-05	-6.818067E-05	
1704	2.578702E-05	-6.547439E-05	
1705	0.000000E+00	-1.170512E-04	
1706	1.396965E-06	-1.169631E-04	
1707	2.791990E-06	-1.166986E-04	
1708	4.182848E-06	-1.162573E-04	
1709	5.566761E-06	-1.156390E-04	
1710	6.940179E-06	-1.148433E-04	
1711	8.298619E-06	-1.138710E-04	
1712	9.636599E-06	-1.127236E-04	
1713	1.094767E-05	-1.114044E-04	
1714	1.222459E-05	-1.099188E-04	
1715	1.345956E-05	-1.082745E-04	
1716	1.493171E-05	-1.060125E-04	
1717	1.631128E-05	-1.035465E-04	
1718	1.758572E-05	-1.009099E-04	
1719	1.874590E-05	-9.814136E-05	
1720	1.990855E-05	-9.492111E-05	
1721	2.092065E-05	-9.164865E-05	
1722	2.186840E-05	-8.805894E-05	
1723	2.272983E-05	-8.420475E-05	
1724	2.348958E-05	-8.017468E-05	
1725	2.414210E-05	-7.608236E-05	
1726	2.468080E-05	-7.210344E-05	
1727	2.508719E-05	-6.847037E-05	
1728	2.530004E-05	-6.555214E-05	
1729	0.000000E+00	-1.193175E-04	
1730	1.381305E-06	-1.192272E-04	
1731	2.761195E-06	-1.189560E-04	
1732	4.137922E-06	-1.185032E-04	
1733	5.509099E-06	-1.178678E-04	
1734	6.871436E-06	-1.170492E-04	
1735	8.220545E-06	-1.160471E-04	
1736	9.550845E-06	-1.148623E-04	
1737	1.085559E-05	-1.134974E-04	
1738	1.212702E-05	-1.119573E-04	
1739	1.335670E-05	-1.102497E-04	
1740	1.482129E-05	-1.078961E-04	
1741	1.619088E-05	-1.053259E-04	
1742	1.745159E-05	-1.025747E-04	
1743	1.859337E-05	-9.968398E-05	
1744	1.972939E-05	-9.632129E-05	
1745	2.070907E-05	-9.290562E-05	
1746	2.161612E-05	-8.916225E-05	
1747	2.242959E-05	-8.514796E-05	
1748	2.313688E-05	-8.095515E-05	
1749	2.373646E-05	-7.669852E-05	
1750	2.422634E-05	-7.255074E-05	
1751	2.459021E-05	-6.873372E-05	
1752	2.476130E-05	-6.559725E-05	
1753	0.000000E+00	-1.216015E-04	
1754	1.362187E-06	-1.215091E-04	
1755	2.723572E-06	-1.212316E-04	
1756	4.082972E-06	-1.207679E-04	
1757	5.438469E-06	-1.201164E-04	
1758	6.787097E-06	-1.192756E-04	
1759	8.124606E-06	-1.182443E-04	
1760	9.445334E-06	-1.170224E-04	
1761	1.074221E-05	-1.156117E-04	
1762	1.200694E-05	-1.140165E-04	
1763	1.323032E-05	-1.122439E-04	
1764	1.468622E-05	-1.097957E-04	
1765	1.604462E-05	-1.071172E-04	
1766	1.729008E-05	-1.042463E-04	
1767	1.841152E-05	-1.012277E-04	
1768	1.951814E-05	-9.771607E-05	
1769	2.046212E-05	-9.415120E-05	
1770	2.132453E-05	-9.024870E-05	
1771	2.208576E-05	-8.607006E-05	
1772	2.273643E-05	-8.171188E-05	
1773	2.327957E-05	-7.728989E-05	
1774	2.371826E-05	-7.297309E-05	
1775	2.403870E-05	-6.897100E-05	
1776	2.416854E-05	-6.561044E-05	
1777	0.000000E+00	-1.239020E-04	
1778	1.339311E-06	-1.238078E-04	
1779	2.678530E-06	-1.235246E-04	
1780	4.017132E-06	-1.230508E-04	
1781	5.353754E-06	-1.223842E-04	
1782	6.685826E-06	-1.215223E-04	
1783	8.009292E-06	-1.204628E-04	
1784	9.318431E-06	-1.192046E-04	
1785	1.060584E-05	-1.177482E-04	
1786	1.186262E-05	-1.160971E-04	
1787	1.307871E-05	-1.142582E-04	
1788	1.452485E-05	-1.117124E-04	
1789	1.587090E-05	-1.089211E-04	
1790	1.709962E-05	-1.059248E-04	
1791	1.819870E-05	-1.027722E-04	
1792	1.927298E-05	-9.910455E-05	
1793	2.017776E-05	-9.538403E-05	
1794	2.099137E-05	-9.131668E-05	
1795	2.169587E-05	-8.696937E-05	
1796	2.228562E-05	-8.244343E-05	
1797	2.276877E-05	-7.785554E-05	
1798	2.315395E-05	-7.337019E-05	
1799	2.343021E-05	-6.918258E-05	
1800	2.351953E-05	-6.559263E-05	
1801	0.000000E+00	-1.262182E-04	
1802	1.312364E-06	-1.261223E-04	
1803	2.625447E-06	-1.258340E-04	
1804	3.939484E-06	-1.253513E-04	
1805	5.253760E-06	-1.246709E-04	
1806	6.566192E-06	-1.237893E-04	
1807	7.872977E-06	-1.227029E-04	
1808	9.168373E-06	-1.214092E-04	
1809	1.044464E-05	-1.199076E-04	
1810	1.169220E-05	-1.182004E-04	
1811	1.290006E-05	-1.162938E-04	
1812	1.433543E-05	-1.136471E-04	
1813	1.566804E-05	-1.107382E-04	
1814	1.687853E-05	-1.076106E-04	
1815	1.795316E-05	-1.043171E-04	
1816	1.899201E-05	-1.004857E-04	
1817	1.985386E-05	-9.660263E-05	
1818	2.061423E-05	-9.236439E-05	
1819	2.125727E-05	-8.784412E-05	
1820	2.178169E-05	-8.314831E-05	
1821	2.220134E-05	-7.839450E-05	
1822	2.253085E-05	-7.374178E-05	
1823	2.276232E-05	-6.936898E-05	
1824	2.281213E-05	-6.554497E-05	
1825	0.000000E+00	-1.285486E-04	
1826	1.281017E-06	-1.284514E-04	
1827	2.563671E-06	-1.281589E-04	
1828	3.849061E-06	-1.276683E-04	
1829	5.137229E-06	-1.269758E-04	
1830	6.426669E-06	-1.260763E-04	
1831	7.713918E-06	-1.249647E-04	
1832	8.993257E-06	-1.236370E-04	
1833	1.025660E-05	-1.220908E-04	
1834	1.149367E-05	-1.203273E-04	
1835	1.269237E-05	-1.183518E-04	
1836	1.411607E-05	-1.156009E-04	
1837	1.543424E-05	-1.125693E-04	
1838	1.662503E-05	-1.093037E-04	
1839	1.767306E-05	-1.058620E-04	
1840	1.867317E-05	-1.018585E-04	
1841	1.948810E-05	-9.780530E-05	
1842	2.019050E-05	-9.338987E-05	
1843	2.076718E-05	-8.869236E-05	
1844	2.122182E-05	-8.382494E-05	
1845	2.157455E-05	-7.890579E-05	
1846	2.184639E-05	-7.408762E-05	
1847	2.203271E-05	-6.953081E-05	
1848	2.204428E-05	-6.546886E-05	
1849	0.000000E+00	-1.308918E-04	
1850	1.244936E-06	-1.307935E-04	
1851	2.492533E-06	-1.304977E-04	
1852	3.744865E-06	-1.300010E-04	
1853	5.002842E-06	-1.292982E-04	
1854	6.265651E-06	-1.283829E-04	
1855	7.530260E-06	-1.272484E-04	
1856	8.791041E-06	-1.258884E-04	
1857	1.003959E-05	-1.242989E-04	
1858	1.126484E-05	-1.224793E-04	
1859	1.245352E-05	-1.204337E-04	
1860	1.386474E-05	-1.175754E-04	
1861	1.516756E-05	-1.144155E-04	
1862	1.633721E-05	-1.110047E-04	
1863	1.735639E-05	-1.074064E-04	
1864	1.831426E-05	-1.032215E-04	
1865	1.907797E-05	-9.899018E-05	
1866	1.971741E-05	-9.439092E-05	
1867	2.022262E-05	-8.951200E-05	
1868	2.060302E-05	-8.447166E-05	
1869	2.088562E-05	-7.938846E-05	
1870	2.109810E-05	-7.440757E-05	
1871	2.123918E-05	-6.966882E-05	
1872	2.121411E-05	-6.536598E-05	
1873	0.000000E+00	-1.332459E-04	
1874	1.203784E-06	-1.331471E-04	
1875	2.411357E-06	-1.328491E-04	
1876	3.625879E-06	-1.323479E-04	
1877	4.849245E-06	-1.316372E-04	
1878	6.081458E-06	-1.307088E-04	
1879	7.320040E-06	-1.295539E-04	
1880	8.559545E-06	-1.281641E-04	
1881	9.791285E-06	-1.265329E-04	
1882	1.100337E-05	-1.246577E-04	
1883	1.218118E-05	-1.225412E-04	
1884	1.357924E-05	-1.195721E-04	
1885	1.486592E-05	-1.162779E-04	
1886	1.601304E-05	-1.127138E-04	
1887	1.700103E-05	-1.089498E-04	
1888	1.791287E-05	-1.045733E-04	
1889	1.862074E-05	-1.001552E-04	
1890	1.919192E-05	-9.536517E-05	
1891	1.962042E-05	-9.030079E-05	
1892	1.992224E-05	-8.508676E-05	
1893	2.013179E-05	-7.984153E-05	
1894	2.028361E-05	-7.470155E-05	
1895	2.037971E-05	-6.978389E-05	
1896	2.031992E-05	-6.523825E-05	
1897	0.000000E+00	-1.356092E-04	
1898	1.157235E-06	-1.355101E-04	
1899	2.319483E-06	-1.352112E-04	
1900	3.491091E-06	-1.347077E-04	
1901	4.675066E-06	-1.339917E-04	
1902	5.872367E-06	-1.330533E-04	
1903	7.081210E-06	-1.318813E-04	
1904	8.296454E-06	-1.304646E-04	
1905	9.509190E-06	-1.287940E-04	
1906	1.070668E-05	-1.268643E-04	
1907	1.187282E-05	-1.246764E-04	
1908	1.325717E-05	-1.215929E-04	
1909	1.452709E-05	-1.181579E-04	
1910	1.565030E-05	-1.144316E-04	
1911	1.660462E-05	-1.104917E-04	
1912	1.746635E-05	-1.059124E-04	
1913	1.811341E-05	-1.012979E-04	
1914	1.861071E-05	-9.630996E-05	
1915	1.895719E-05	-9.105634E-05	
1916	1.917629E-05	-8.566848E-05	
1917	1.931032E-05	-8.026411E-05	
1918	1.940070E-05	-7.496956E-05	
1919	1.945249E-05	-6.987704E-05	
1920	1.936026E-05	-6.508790E-05	
1921	0.000000E+00	-1.379793E-04	
1922	1.104989E-06	-1.378805E-04	
1923	2.216290E-06	-1.375822E-04	
1924	3.339535E-06	-1.370785E-04	
1925	4.478963E-06	-1.363604E-04	
1926	5.636641E-06	-1.354156E-04	
1927	6.811655E-06	-1.342304E-04	
1928	7.999332E-06	-1.327906E-04	
1929	9.190647E-06	-1.310836E-04	
1930	1.037202E-05	-1.291011E-04	
1931	1.152572E-05	-1.268414E-04	
1932	1.289596E-05	-1.236401E-04	
1933	1.414863E-05	-1.200572E-04	
1934	1.524661E-05	-1.161586E-04	
1935	1.616463E-05	-1.120315E-04	
1936	1.697178E-05	-1.072367E-04	
1937	1.755263E-05	-1.024156E-04	
1938	1.797013E-05	-9.722242E-05	
1939	1.822925E-05	-9.177612E-05	
1940	1.836185E-05	-8.621506E-05	
1941	1.841853E-05	-8.065537E-05	
1942	1.844734E-05	-7.521174E-05	
1943	1.845599E-05	-6.994943E-05	
1944	1.833399E-05	-6.491743E-05	
1945	0.000000E+00	-1.403537E-04	
1946	1.046786E-06	-1.402558E-04	
1947	2.101233E-06	-1.399596E-04	
1948	3.170333E-06	-1.394585E-04	
1949	4.259669E-06	-1.387417E-04	
1950	5.372586E-06	-1.377949E-04	
1951	6.509241E-06	-1.366011E-04	
1952	7.665644E-06	-1.351427E-04	
1953	8.832822E-06	-1.334031E-04	
1954	9.996397E-06	-1.313701E-04	
1955	1.113687E-05	-1.290389E-04	
1956	1.249277E-05	-1.257163E-04	
1957	1.372789E-05	-1.219778E-04	
1958	1.479933E-05	-1.178956E-04	
1959	1.567822E-05	-1.135682E-04	
1960	1.642587E-05	-1.085441E-04	
1961	1.693462E-05	-1.035054E-04	
1962	1.726612E-05	-9.809935E-05	
1963	1.743267E-05	-9.245748E-05	
1964	1.747552E-05	-8.672477E-05	
1965	1.745384E-05	-8.101458E-05	
1966	1.742176E-05	-7.542834E-05	
1967	1.738902E-05	-7.000238E-05	
1968	1.724030E-05	-6.472962E-05	
1969	0.000000E+00	-1.427299E-04	
1970	9.824331E-07	-1.426333E-04	
1971	1.973889E-06	-1.423410E-04	
1972	2.982756E-06	-1.418454E-04	
1973	4.016068E-06	-1.411339E-04	
1974	5.078613E-06	-1.401898E-04	
1975	6.171868E-06	-1.389929E-04	
1976	7.292798E-06	-1.375213E-04	
1977	8.432724E-06	-1.357539E-04	
1978	9.576586E-06	-1.336737E-04	
1979	1.070302E-05	-1.312719E-04	
1980	1.204448E-05	-1.278246E-04	
1981	1.326195E-05	-1.239218E-04	
1982	1.430558E-05	-1.196434E-04	
1983	1.514220E-05	-1.151011E-04	
1984	1.582489E-05	-1.098321E-04	
1985	1.625511E-05	-1.045637E-04	
1986	1.649414E-05	-9.893729E-05	
1987	1.656314E-05	-9.309764E-05	
1988	1.651379E-05	-8.719593E-05	
1989	1.641379E-05	-8.134119E-05	
1990	1.632253E-05	-7.561977E-05	
1991	1.625082E-05	-7.003733E-05	
1992	1.607885E-05	-6.452754E-05	
1993	0.000000E+00	-1.451047E-04	
1994	9.118333E-07	-1.450102E-04	
1995	1.834008E-06	-1.447237E-04	
1996	2.776309E-06	-1.442367E-04	
1997	3.747284E-06	-1.435349E-04	
1998	4.753345E-06	-1.425989E-04	
1999	5.797558E-06	-1.414051E-04	
2000	6.878199E-06	-1.399269E-04	
2001	7.987228E-06	-1.381376E-04	
2002	9.109117E-06	-1.360147E-04	
2003	1.022059E-05	-1.335439E-04	
2004	1.154765E-05	-1.299688E-04	
2005	1.274759E-05	-1.258922E-04	
2006	1.376213E-05	-1.214029E-04	
2007	1.455299E-05	-1.166289E-04	
2008	1.516453E-05	-1.110974E-04	
2009	1.550917E-05	-1.055867E-04	
2010	1.564906E-05	-9.973246E-05	
2011	1.561601E-05	-9.369382E-05	
2012	1.547309E-05	-8.762701E-05	
2013	1.529615E-05	-8.163484E-05	
2014	1.514861E-05	-7.578663E-05	
2015	1.504111E-05	-7.005587E-05	
2016	1.484975E-05	-6.431450E-05	
2017	0.000000E+00	-1.474753E-04	
2018	8.350197E-07	-1.473834E-04	
2019	1.681589E-06	-1.471047E-04	
2020	2.550821E-06	-1.466295E-04	
2021	3.452808E-06	-1.459421E-04	
2022	4.395734E-06	-1.450203E-04	
2023	5.384572E-06	-1.438367E-04	
2024	6.419342E-06	-1.423595E-04	
2025	7.493122E-06	-1.405559E-04	
2026	8.590270E-06	-1.383958E-04	
2027	9.685631E-06	-1.358587E-04	
2028	1.099844E-05	-1.321531E-04	
2029	1.218121E-05	-1.278922E-04	
2030	1.316532E-05	-1.231752E-04	
2031	1.390642E-05	-1.181501E-04	
2032	1.443976E-05	-1.123365E-04	
2033	1.469108E-05	-1.065698E-04	
2034	1.472506E-05	-1.004808E-04	
2035	1.458623E-05	-9.424320E-05	
2036	1.434979E-05	-8.801669E-05	
2037	1.409897E-05	-8.189544E-05	
2038	1.389942E-05	-7.592973E-05	
2039	1.376016E-05	-7.005971E-05	
2040	1.355368E-05	-6.409402E-05	
2041	0.000000E+00	-1.498383E-04	
2042	7.521978E-07	-1.497497E-04	
2043	1.516958E-06	-1.494807E-04	
2044	2.306577E-06	-1.490209E-04	
2045	3.132645E-06	-1.483528E-04	
2046	4.005244E-06	-1.474518E-04	
2047	4.931577E-06	-1.462863E-04	
2048	5.913943E-06	-1.448192E-04	
2049	6.947176E-06	-1.430100E-04	
2050	8.016082E-06	-1.408204E-04	
2051	9.093824E-06	-1.382211E-04	
2052	1.039257E-05	-1.343827E-04	
2053	1.155874E-05	-1.299257E-04	
2054	1.251099E-05	-1.249615E-04	
2055	1.319766E-05	-1.196628E-04	
2056	1.364463E-05	-1.135451E-04	
2057	1.379410E-05	-1.075079E-04	
2058	1.371551E-05	-1.011780E-04	
2059	1.346833E-05	-9.474311E-05	
2060	1.314030E-05	-8.836398E-05	
2061	1.282064E-05	-8.212322E-05	
2062	1.257497E-05	-7.605009E-05	
2063	1.240889E-05	-7.005071E-05	
2064	1.219196E-05	-6.386984E-05	
2065	0.000000E+00	-1.521904E-04	
2066	6.637910E-07	-1.521059E-04	
2067	1.340864E-06	-1.518486E-04	
2068	2.044452E-06	-1.514074E-04	
2069	2.787507E-06	-1.507637E-04	
2070	3.582060E-06	-1.498904E-04	
2071	4.437868E-06	-1.487520E-04	
2072	5.360126E-06	-1.473052E-04	
2073	6.346270E-06	-1.455013E-04	
2074	7.382379E-06	-1.432917E-04	
2075	8.440379E-06	-1.406360E-04	
2076	9.725159E-06	-1.366637E-04	
2077	1.087554E-05	-1.319973E-04	
2078	1.179431E-05	-1.267630E-04	
2079	1.242093E-05	-1.211646E-04	
2080	1.277198E-05	-1.147177E-04	
2081	1.281028E-05	-1.083952E-04	
2082	1.261284E-05	-1.018194E-04	
2083	1.225643E-05	-9.519108E-05	
2084	1.184117E-05	-8.866828E-05	
2085	1.146007E-05	-8.231882E-05	
2086	1.117594E-05	-7.614902E-05	
2087	1.098897E-05	-7.003082E-05	
2088	1.076656E-05	-6.364580E-05	
2089	0.000000E+00	-1.545286E-04	
2090	5.704896E-07	-1.544486E-04	
2091	1.154582E-06	-1.542048E-04	
2092	1.766080E-06	-1.537857E-04	
2093	2.419035E-06	-1.531714E-04	
2094	3.127372E-06	-1.523329E-04	
2095	3.903670E-06	-1.512310E-04	
2096	4.756705E-06	-1.498162E-04	
2097	5.687579E-06	-1.480306E-04	
2098	6.684844E-06	-1.458130E-04	
2099	7.720007E-06	-1.431094E-04	
2100	8.990629E-06	-1.390033E-04	
2101	1.012626E-05	-1.341129E-04	
2102	1.100961E-05	-1.285811E-04	
2103	1.156926E-05	-1.226520E-04	
2104	1.181307E-05	-1.158480E-04	
2105	1.173006E-05	-1.092251E-04	
2106	1.140838E-05	-1.024005E-04	
2107	1.094428E-05	-9.558504E-05	
2108	1.044916E-05	-8.892957E-05	
2109	1.001676E-05	-8.248333E-05	
2110	9.703757E-06	-7.622808E-05	
2111	9.502837E-06	-7.000206E-05	
2112	9.280243E-06	-6.342582E-05	
2113	0.000000E+00	-1.568497E-04	
2114	4.732992E-07	-1.567748E-04	
2115	9.600172E-07	-1.565462E-04	
2116	1.474030E-06	-1.561520E-04	
2117	2.030064E-06	-1.555719E-04	
2118	2.643714E-06	-1.547753E-04	
2119	3.330535E-06	-1.537199E-04	
2120	4.103569E-06	-1.523501E-04	
2121	4.968874E-06	-1.505979E-04	
2122	5.919146E-06	-1.483877E-04	
2123	6.926866E-06	-1.456478E-04	
2124	8.182521E-06	-1.414104E-04	
2125	9.304596E-06	-1.362792E-04	
2126	1.015007E-05	-1.304172E-04	
2127	1.063405E-05	-1.241204E-04	
2128	1.075707E-05	-1.169280E-04	
2129	1.054200E-05	-1.099903E-04	
2130	1.009230E-05	-1.029167E-04	
2131	9.525359E-06	-9.592357E-05	
2132	8.961500E-06	-8.914851E-05	
2133	8.491012E-06	-8.261839E-05	
2134	8.160746E-06	-7.628913E-05	
2135	7.953809E-06	-6.996654E-05	
2136	7.736518E-06	-6.321380E-05	
2137	0.000000E+00	-1.591512E-04	
2138	3.735812E-07	-1.590818E-04	
2139	7.598047E-07	-1.588696E-04	
2140	1.171988E-06	-1.585029E-04	
2141	1.624908E-06	-1.579611E-04	
2142	2.135376E-06	-1.572131E-04	
2143	2.721856E-06	-1.562142E-04	
2144	3.402242E-06	-1.549034E-04	
2145	4.188995E-06	-1.532022E-04	
2146	5.081193E-06	-1.510185E-04	
2147	6.054542E-06	-1.482581E-04	
2148	7.293252E-06	-1.438955E-04	
2149	8.403035E-06	-1.385049E-04	
2150	9.207367E-06	-1.322725E-04	
2151	9.604448E-06	-1.255637E-04	
2152	9.590418E-06	-1.179479E-04	
2153	9.232244E-06	-1.106825E-04	
2154	8.653465E-06	-1.033639E-04	
2155	7.993096E-06	-9.620611E-05	
2156	7.376087E-06	-8.932664E-05	
2157	6.884062E-06	-8.272618E-05	
2158	6.550187E-06	-7.633433E-05	
2159	6.346126E-06	-6.992637E-05	
2160	6.139744E-06	-6.301350E-05	
2161	0.000000E+00	-1.614309E-04	
2162	2.730799E-07	-1.613673E-04	
2163	5.573861E-07	-1.611725E-04	
2164	8.649169E-07	-1.608350E-04	
2165	1.209654E-06	-1.603348E-04	
2166	1.608866E-06	-1.596412E-04	
2167	2.083516E-06	-1.587084E-04	
2168	2.656647E-06	-1.574711E-04	
2169	3.348573E-06	-1.558409E-04	
2170	4.167586E-06	-1.537071E-04	
2171	5.096095E-06	-1.509479E-04	
2172	6.313796E-06	-1.464714E-04	
2173	7.412435E-06	-1.408005E-04	
2174	8.171104E-06	-1.341478E-04	
2175	8.466511E-06	-1.269730E-04	
2176	8.295842E-06	-1.188960E-04	
2177	7.784067E-06	-1.112931E-04	
2178	7.079576E-06	-1.037386E-04	
2179	6.341185E-06	-9.643336E-05	
2180	5.691832E-06	-8.946645E-05	
2181	5.198311E-06	-8.280951E-05	
2182	4.876432E-06	-7.636609E-05	
2183	4.684992E-06	-6.988368E-05	
2184	4.495113E-06	-6.282848E-05	
2185	0.000000E+00	-1.636874E-04	
2186	1.739236E-07	-1.636297E-04	
2187	3.570454E-07	-1.634528E-04	
2188	5.591830E-07	-1.631455E-04	
2189	7.924268E-07	-1.626889E-04	
2190	1.073391E-06	-1.620540E-04	
2191	1.424663E-06	-1.611958E-04	
2192	1.874163E-06	-1.600465E-04	
2193	2.451149E-06	-1.585090E-04	
2194	3.176426E-06	-1.564534E-04	
2195	4.044257E-06	-1.537244E-04	
2196	5.233242E-06	-1.491537E-04	
2197	6.321417E-06	-1.431797E-04	
2198	7.027951E-06	-1.360432E-04	
2199	7.201833E-06	-1.283362E-04	
2200	6.851125E-06	-1.197577E-04	
2201	6.177380E-06	-1.118134E-04	
2202	5.357382E-06	-1.040390E-04	
2203	4.564114E-06	-9.660761E-05	
2204	3.909049E-06	-8.957158E-05	
2205	3.437523E-06	-8.287176E-05	
2206	3.144979E-06	-7.638708E-05	
2207	2.976587E-06	-6.984052E-05	
2208	2.808645E-06	-6.266190E-05	
2209	0.000000E+00	-1.659201E-04	
2210	7.858879E-08	-1.658685E-04	
2211	1.638824E-07	-1.657096E-04	
2212	2.625941E-07	-1.654324E-04	
2213	3.835739E-07	-1.650198E-04	
2214	5.413029E-07	-1.644459E-04	
2215	7.585644E-07	-1.636686E-04	
2216	1.066993E-06	-1.626204E-04	
2217	1.504873E-06	-1.611982E-04	
2218	2.108758E-06	-1.592541E-04	
2219	2.891976E-06	-1.565943E-04	
2220	4.038219E-06	-1.519614E-04	
2221	5.115457E-06	-1.456603E-04	
2222	5.760307E-06	-1.379572E-04	
2223	5.785482E-06	-1.296359E-04	
2224	5.227407E-06	-1.205159E-04	
2225	4.388376E-06	-1.122354E-04	
2226	3.473343E-06	-1.042656E-04	
2227	2.657911E-06	-9.673312E-05	
2228	2.029913E-06	-8.964679E-05	
2229	1.607027E-06	-8.291687E-05	
2230	1.362532E-06	-7.640018E-05	
2231	1.228058E-06	-6.979887E-05	
2232	1.087141E-06	-6.251641E-05	
2233	0.000000E+00	-1.681294E-04	
2234	-1.018685E-08	-1.680840E-04	
2235	-1.629664E-08	-1.679431E-04	
2236	-1.566839E-08	-1.676949E-04	
2237	-4.302771E-09	-1.673247E-04	
2238	2.837126E-08	-1.668116E-04	
2239	1.034310E-07	-1.661188E-04	
2240	2.538636E-07	-1.651819E-04	
2241	5.250272E-07	-1.638964E-04	
2242	9.710932E-07	-1.621009E-04	
2243	1.633685E-06	-1.595609E-04	
2244	2.712142E-06	-1.549176E-04	
2245	3.775463E-06	-1.482664E-04	
2246	4.344093E-06	-1.398852E-04	
2247	4.182697E-06	-1.308475E-04	
2248	3.387022E-06	-1.211509E-04	
2249	2.389638E-06	-1.125533E-04	
2250	1.414851E-06	-1.044219E-04	
2251	6.211266E-07	-9.681639E-05	
2252	5.892869E-08	-8.969797E-05	
2253	-2.860825E-07	-8.294924E-05	
2254	-4.629572E-07	-7.640839E-05	
2255	-5.525359E-07	-6.976056E-05	
2256	-6.619018E-07	-6.239400E-05	
2257	0.000000E+00	-1.703168E-04	
2258	-8.955118E-08	-1.702781E-04	
2259	-1.771863E-07	-1.701550E-04	
2260	-2.652676E-07	-1.699338E-04	
2261	-3.565401E-07	-1.696024E-04	
2262	-4.462547E-07	-1.691469E-04	
2263	-5.170585E-07	-1.685385E-04	
2264	-5.381646E-07	-1.677186E-04	
2265	-4.624140E-07	-1.665868E-04	
2266	-2.201821E-07	-1.649778E-04	
2267	2.681689E-07	-1.626217E-04	
2268	1.234366E-06	-1.580498E-04	
2269	2.275442E-06	-1.510322E-04	
2270	2.744912E-06	-1.418161E-04	
2271	2.343461E-06	-1.319357E-04	
2272	1.280989E-06	-1.216419E-04	
2273	1.513452E-07	-1.127660E-04	
2274	-8.276900E-07	-1.045161E-04	
2275	-1.544010E-06	-9.686630E-05	
2276	-1.996616E-06	-8.973202E-05	
2277	-2.232788E-06	-8.297359E-05	
2278	-2.322270E-06	-7.641475E-05	
2279	-2.356311E-06	-6.972727E-05	
2280	-2.430435E-06	-6.229577E-05	
2281	0.000000E+00	-1.724846E-04	
2282	-1.567406E-07	-1.724538E-04	
2283	-3.122744E-07	-1.723493E-04	
2284	-4.751063E-07	-1.721523E-04	
2285	-6.569175E-07	-1.718535E-04	
2286	-8.605928E-07	-1.714492E-04	
2287	-1.073915E-06	-1.709218E-04	
2288	-1.272295E-06	-1.702189E-04	
2289	-1.416252E-06	-1.692489E-04	
2290	-1.431331E-06	-1.678586E-04	
2291	-1.195101E-06	-1.657619E-04	
2292	-4.203352E-07	-1.613882E-04	
2293	5.784788E-07	-1.540085E-04	
2294	9.108875E-07	-1.437265E-04	
2295	1.933769E-07	-1.328513E-04	
2296	-1.153048E-06	-1.219708E-04	
2297	-2.355217E-06	-1.128809E-04	
2298	-3.257809E-06	-1.045616E-04	
2299	-3.830482E-06	-9.689381E-05	
2300	-4.126299E-06	-8.975655E-05	
2301	-4.222006E-06	-8.299478E-05	
2302	-4.204922E-06	-7.642221E-05	
2303	-4.173703E-06	-6.970041E-05	
2304	-4.210087E-06	-6.222182E-05	
2305	0.000000E+00	-1.746352E-04	
2306	-2.092786E-07	-1.746156E-04	
2307	-4.151410E-07	-1.745321E-04	
2308	-6.339390E-07	-1.743557E-04	
2309	-8.885847E-07	-1.740809E-04	
2310	-1.190979E-06	-1.737184E-04	
2311	-1.534071E-06	-1.732662E-04	
2312	-1.902174E-06	-1.726746E-04	
2313	-2.275766E-06	-1.718618E-04	
2314	-2.599309E-06	-1.707045E-04	
2315	-2.722003E-06	-1.689444E-04	
2316	-2.280220E-06	-1.649606E-04	
2317	-1.370737E-06	-1.572767E-04	
2318	-1.241923E-06	-1.455659E-04	
2319	-2.381812E-06	-1.335276E-04	
2320	-3.989672E-06	-1.221305E-04	
2321	-5.149868E-06	-1.129176E-04	
2322	-5.869393E-06	-1.045768E-04	
2323	-6.225738E-06	-9.691142E-05	
2324	-6.316287E-06	-8.977958E-05	
2325	-6.240504E-06	-8.301762E-05	
2326	-6.099162E-06	-7.643349E-05	
2327	-5.994668E-06	-6.968112E-05	
2328	-5.992487E-06	-6.217101E-05	
2329	0.000000E+00	-1.767703E-04	
2330	-2.449223E-07	-1.767696E-04	
2331	-4.794793E-07	-1.767122E-04	
2332	-7.313913E-07	-1.765525E-04	
2333	-1.035609E-06	-1.762905E-04	
2334	-1.413973E-06	-1.759569E-04	
2335	-1.862379E-06	-1.755745E-04	
2336	-2.375132E-06	-1.750855E-04	
2337	-2.960866E-06	-1.744120E-04	
2338	-3.615941E-06	-1.734694E-04	
2339	-4.222971E-06	-1.720946E-04	
2340	-4.366028E-06	-1.687733E-04	
2341	-3.661387E-06	-1.609750E-04	
2342	-3.862683E-06	-1.472252E-04	
2343	-5.561462E-06	-1.338859E-04	
2344	-7.302842E-06	-1.221423E-04	
2345	-8.229619E-06	-1.129108E-04	
2346	-8.644625E-06	-1.045829E-04	
2347	-8.711292E-06	-9.693236E-05	
2348	-8.549189E-06	-8.980918E-05	
2349	-8.272904E-06	-8.304660E-05	
2350	-7.991913E-06	-7.645090E-05	
2351	-7.808937E-06	-6.967019E-05	
2352	-7.769769E-06	-6.214083E-05	
2353	0.000000E+00	-1.788881E-04	
2354	-2.603775E-07	-1.789252E-04	
2355	-4.981161E-07	-1.789009E-04	
2356	-7.600140E-07	-1.787532E-04	
2357	-1.085956E-06	-1.784914E-04	
2358	-1.508588E-06	-1.781686E-04	
2359	-2.024424E-06	-1.778573E-04	
2360	-2.635250E-06	-1.774608E-04	
2361	-3.387652E-06	-1.769043E-04	
2362	-4.320425E-06	-1.761243E-04	
2363	-5.488615E-06	-1.750886E-04	
2364	-6.641852E-06	-1.727572E-04	
2365	-6.454307E-06	-1.653499E-04	
2366	-7.252602E-06	-1.484672E-04	
2367	-9.622081E-06	-1.338707E-04	
2368	-1.111712E-05	-1.220815E-04	
2369	-1.155452E-05	-1.129037E-04	
2370	-1.155650E-05	-1.046012E-04	
2371	-1.126137E-05	-9.697013E-05	
2372	-1.080464E-05	-8.985275E-05	
2373	-1.030160E-05	-8.308583E-05	
2374	-9.868643E-06	-7.647609E-05	
2375	-9.606311E-06	-6.966791E-05	
2376	-9.535316E-06	-6.212728E-05	
2377	0.000000E+00	-1.809764E-04	
2378	-2.465382E-07	-1.811014E-04	
2379	-4.567733E-07	-1.811080E-04	
2380	-7.235758E-07	-1.809670E-04	
2381	-1.036066E-06	-1.807007E-04	
2382	-1.458792E-06	-1.803558E-04	
2383	-1.987357E-06	-1.801367E-04	
2384	-2.628107E-06	-1.798216E-04	
2385	-3.477085E-06	-1.793531E-04	
2386	-4.584868E-06	-1.787140E-04	
2387	-6.081845E-06	-1.778044E-04	
2388	-8.787987E-06	-1.766189E-04	
2389	-1.009692E-05	-1.708314E-04	
2390	-1.214019E-05	-1.487852E-04	
2391	-1.490708E-05	-1.335903E-04	
2392	-1.526740E-05	-1.220863E-04	
2393	-1.508572E-05	-1.129210E-04	
2394	-1.455791E-05	-1.046568E-04	
2395	-1.384640E-05	-9.703520E-05	
2396	-1.305898E-05	-8.991723E-05	
2397	-1.230710E-05	-8.313875E-05	
2398	-1.171288E-05	-7.650984E-05	
2399	-1.137700E-05	-6.967380E-05	
2400	-1.128493E-05	-6.212487E-05	
2401	0.000000E+00	-1.830136E-04	
2402	-1.363208E-07	-1.833377E-04	
2403	-3.639619E-07	-1.833264E-04	
2404	-6.208333E-07	-1.831981E-04	
2405	-9.233584E-07	-1.829475E-04	
2406	-1.255202E-06	-1.825208E-04	
2407	-1.693148E-06	-1.824513E-04	
2408	-2.325171E-06	-1.821891E-04	
2409	-3.166472E-06	-1.817966E-04	
2410	-4.311865E-06	-1.812761E-04	
2411	-5.879108E-06	-1.804833E-04	
2412	-8.911777E-06	-1.796210E-04	
2413	-1.534019E-05	-1.777868E-04	
2414	-2.129894E-05	-1.473487E-04	
2415	-2.055142E-05	-1.337835E-04	
2416	-1.971713E-05	-1.221075E-04	
2417	-1.871677E-05	-1.130243E-04	
2418	-1.759994E-05	-1.047595E-04	
2419	-1.643064E-05	-9.713815E-05	
2420	-1.528658E-05	-9.000767E-05	
2421	-1.426852E-05	-8.320854E-05	
2422	-1.350514E-05	-7.655177E-05	
2423	-1.311193E-05	-6.968602E-05	
2424	-1.301865E-05	-6.212680E-05	
2425	0.000000E+00	-1.844108E-04	
2426	-1.964810E-08	-1.846333E-04	
2427	2.179028E-08	-1.845545E-04	
2428	3.806880E-08	-1.843370E-04	
2429	-8.761150E-08	-1.837789E-04	
2430	-2.224406E-07	-1.837926E-04	
2431	-3.650352E-07	-1.834436E-04	
2432	-6.391299E-07	-1.829812E-04	
2433	-1.159978E-06	-1.822616E-04	
2434	-1.992476E-06	-1.820164E-04	
2435	-3.744611E-06	-1.815004E-04	
2436	-3.793661E-06	-1.880892E-04	
2437	-2.668324E-06	-1.909332E-04	
2438	0.000000E+00	-1.852498E-04	
2439	3.311032E-08	-1.853465E-04	
2440	2.482397E-08	-1.852947E-04	
2441	-1.182171E-08	-1.850541E-04	
2442	-4.041746E-08	-1.846635E-04	
2443	-1.114189E-07	-1.845371E-04	
2444	-2.820960E-07	-1.842479E-04	
2445	-5.379740E-07	-1.838030E-04	
2446	-8.864363E-07	-1.833056E-04	
2447	-1.463555E-06	-1.829937E-04	
2448	-1.195116E-06	-1.843963E-04	
2449	-1.045689E-06	-1.880786E-04	
2450	-2.314311E-06	-1.916205E-04	
2451	-1.319866E-06	-1.930984E-04	
2452	0.000000E+00	-1.860603E-04	
2453	4.715897E-08	-1.860930E-04	
2454	4.793447E-08	-1.860298E-04	
2455	3.263988E-08	-1.858149E-04	
2456	3.809508E-08	-1.855165E-04	
2457	1.146724E-08	-1.853286E-04	
2458	-9.708317E-08	-1.850605E-04	
2459	-2.438195E-07	-1.846956E-04	
2460	-3.991836E-07	-1.843386E-04	
2461	-3.121995E-07	-1.844255E-04	
2462	3.709795E-07	-1.863810E-04	
2463	6.834473E-07	-1.887279E-04	
2464	6.620989E-07	-1.911742E-04	
2465	-3.596231E-07	-1.941150E-04	
2466	4.718319E-07	-1.947582E-04	
2467	0.000000E+00	-1.868579E-04	
2468	6.124034E-08	-1.868588E-04	
2469	9.163760E-08	-1.867856E-04	
2470	1.142487E-07	-1.866007E-04	
2471	1.540911E-07	-1.863582E-04	
2472	1.789389E-07	-1.861549E-04	
2473	1.656849E-07	-1.859147E-04	
2474	1.605567E-07	-1.856374E-04	
2475	2.727380E-07	-1.854724E-04	
2476	7.218131E-07	-1.859059E-04	
2477	1.512418E-06	-1.878855E-04	
2478	1.854173E-06	-1.896326E-04	
2479	2.000142E-06	-1.915128E-04	
2480	2.011536E-06	-1.932538E-04	
2481	1.619001E-06	-1.954223E-04	
2482	1.906872E-06	-1.955256E-04	
2483	0.000000E+00	-1.876551E-04	
2484	8.378922E-08	-1.876415E-04	
2485	1.513380E-07	-1.875651E-04	
2486	2.182093E-07	-1.874069E-04	
2487	3.014921E-07	-1.872044E-04	
2488	3.890690E-07	-1.870125E-04	
2489	4.803034E-07	-1.868124E-04	
2490	6.323850E-07	-1.866358E-04	
2491	9.611131E-07	-1.866601E-04	
2492	1.589317E-06	-1.873106E-04	
2493	2.402775E-06	-1.891571E-04	
2494	2.751526E-06	-1.905456E-04	
2495	2.969830E-06	-1.920561E-04	
2496	3.074885E-06	-1.935019E-04	
2497	3.115768E-06	-1.947878E-04	
2498	3.076743E-06	-1.958291E-04	
2499	0.000000E+00	-1.884601E-04	
2500	1.141976E-07	-1.884408E-04	
2501	2.232699E-07	-1.883674E-04	
2502	3.382273E-07	-1.882326E-04	
2503	4.723094E-07	-1.880640E-04	
2504	6.286425E-07	-1.878992E-04	
2505	8.243843E-07	-1.877512E-04	
2506	1.118957E-06	-1.876777E-04	
2507	1.601578E-06	-1.878569E-04	
2508	2.313753E-06	-1.886214E-04	
2509	3.112453E-06	-1.902945E-04	
2510	3.457561E-06	-1.914391E-04	
2511	3.713349E-06	-1.926736E-04	
2512	3.880031E-06	-1.938801E-04	
2513	3.977041E-06	-1.949702E-04	
2514	4.024907E-06	-1.958547E-04	
2515	0.000000E+00	-1.905344E-04	
2516	2.142374E-07	-1.905166E-04	
2517	4.356997E-07	-1.904638E-04	
2518	6.762831E-07	-1.903826E-04	
2519	9.509670E-07	-1.902917E-04	
2520	1.277129E-06	-1.902207E-04	
2521	1.680896E-06	-1.902133E-04	
2522	2.198500E-06	-1.903466E-04	
2523	2.854862E-06	-1.907463E-04	
2524	3.619761E-06	-1.915542E-04	
2525	4.378964E-06	-1.928157E-04	
2526	4.712880E-06	-1.935676E-04	
2527	4.991551E-06	-1.943489E-04	
2528	5.208868E-06	-1.951058E-04	
2529	5.366603E-06	-1.957759E-04	
2530	5.474262E-06	-1.962978E-04	
2531	0.000000E+00	-1.927092E-04	
2532	3.224367E-07	-1.926997E-04	
2533	6.567737E-07	-1.926740E-04	
2534	1.016210E-06	-1.926421E-04	
2535	1.415720E-06	-1.926221E-04	
2536	1.872025E-06	-1.926431E-04	
2537	2.402233E-06	-1.927481E-04	
2538	3.017553E-06	-1.929958E-04	
2539	3.709626E-06	-1.934524E-04	
2540	4.435995E-06	-1.941610E-04	
2541	5.122719E-06	-1.950938E-04	
2542	5.428095E-06	-1.956051E-04	
2543	5.696431E-06	-1.961146E-04	
2544	5.924412E-06	-1.965901E-04	
2545	6.114165E-06	-1.969967E-04	
2546	6.273975E-06	-1.972982E-04	
2547	0.000000E+00	-1.949786E-04	
2548	4.212922E-07	-1.949772E-04	
2549	8.545891E-07	-1.949763E-04	
2550	1.312035E-06	-1.949853E-04	
2551	1.805639E-06	-1.950209E-04	
2552	2.346082E-06	-1.951074E-04	
2553	2.939874E-06	-1.952764E-04	
2554	3.584335E-06	-1.955625E-04	
2555	4.261716E-06	-1.959935E-04	
2556	4.936993E-06	-1.965718E-04	
2557	5.564553E-06	-1.972555E-04	
2558	5.847948E-06	-1.976075E-04	
2559	6.105702E-06	-1.979459E-04	
2560	6.337360E-06	-1.982519E-04	
2561	6.545477E-06	-1.985061E-04	
2562	6.736041E-06	-1.986898E-04	
2563	0.000000E+00	-1.973233E-04	
2564	5.019301E-07	-1.973282E-04	
2565	1.013632E-06	-1.973455E-04	
2566	1.544335E-06	-1.973830E-04	
2567	2.101865E-06	-1.974537E-04	
2568	2.691172E-06	-1.975749E-04	
2569	3.312119E-06	-1.977661E-04	
2570	3.956907E-06	-1.980443E-04	
2571	4.608480E-06	-1.984168E-04	
2572	5.241869E-06	-1.988714E-04	
2573	5.830029E-06	-1.993697E-04	
2574	6.100710E-06	-1.996143E-04	
2575	6.353818E-06	-1.998430E-04	
2576	6.589949E-06	-2.000450E-04	
2577	6.811479E-06	-2.002093E-04	
2578	7.022557E-06	-2.003263E-04	
2579	0.000000E+00	-1.997213E-04	
2580	5.622154E-07	-1.997299E-04	
2581	1.131105E-06	-1.997578E-04	
2582	1.712516E-06	-1.998105E-04	
2583	2.310495E-06	-1.998968E-04	
2584	2.926094E-06	-2.000275E-04	
2585	3.556087E-06	-2.002128E-04	
2586	4.192034E-06	-2.004590E-04	
2587	4.820440E-06	-2.007639E-04	
2588	5.424794E-06	-2.011122E-04	
2589	5.989799E-06	-2.014731E-04	
2590	6.254488E-06	-2.016439E-04	
2591	6.506894E-06	-2.018004E-04	
2592	6.747924E-06	-2.019358E-04	
2593	6.979448E-06	-2.020440E-04	
2594	7.204241E-06	-2.021193E-04	
2595	0.000000E+00	-2.021524E-04	
2596	6.039160E-07	-2.021625E-04	
2597	1.211528E-06	-2.021941E-04	
2598	1.825721E-06	-2.022506E-04	
2599	2.447736E-06	-2.023374E-04	
2600	3.076382E-06	-2.024601E-04	
2601	3.707425E-06	-2.026229E-04	
2602	4.333478E-06	-2.028265E-04	
2603	4.944722E-06	-2.030652E-04	
2604	5.530727E-06	-2.033249E-04	
2605	6.083265E-06	-2.035828E-04	
2606	6.345724E-06	-2.037014E-04	
2607	6.599248E-06	-2.038081E-04	
2608	6.844740E-06	-2.038987E-04	
2609	7.083664E-06	-2.039695E-04	
2610	7.318001E-06	-2.040172E-04	
2611	0.000000E+00	-2.046012E-04	
2612	6.304465E-07	-2.046109E-04	
2613	1.262219E-06	-2.046409E-04	
2614	1.895986E-06	-2.046930E-04	
2615	2.531149E-06	-2.047698E-04	
2616	3.165376E-06	-2.048736E-04	
2617	3.794389E-06	-2.050054E-04	
2618	4.412193E-06	-2.051632E-04	
2619	5.011870E-06	-2.053407E-04	
2620	5.586970E-06	-2.055267E-04	
2621	6.133340E-06	-2.057051E-04	
2622	6.395419E-06	-2.057850E-04	
2623	6.650640E-06	-2.058557E-04	
2624	6.899840E-06	-2.059144E-04	
2625	7.144203E-06	-2.059590E-04	
2626	7.385234E-06	-2.059873E-04	
2627	0.000000E+00	-2.070567E-04	
2628	6.453843E-07	-2.070649E-04	
2629	1.290465E-06	-2.070897E-04	
2630	1.934454E-06	-2.071320E-04	
2631	2.575675E-06	-2.071926E-04	
2632	3.211301E-06	-2.072718E-04	
2633	3.837351E-06	-2.073688E-04	
2634	4.449013E-06	-2.074810E-04	
2635	5.041349E-06	-2.076028E-04	
2636	5.610321E-06	-2.077263E-04	
2637	6.153998E-06	-2.078407E-04	
2638	6.416478E-06	-2.078906E-04	
2639	6.673363E-06	-2.079336E-04	
2640	6.925416E-06	-2.079683E-04	
2641	7.173645E-06	-2.079933E-04	
2642	7.419283E-06	-2.080073E-04	
2643	0.000000E+00	-2.095123E-04	
2644	6.516976E-07	-2.095182E-04	
2645	1.302150E-06	-2.095359E-04	
2646	1.949768E-06	-2.095654E-04	
2647	2.592347E-06	-2.096066E-04	
2648	3.226930E-06	-2.096586E-04	
2649	3.849882E-06	-2.097200E-04	
2650	4.457209E-06	-2.097881E-04	
2651	5.045150E-06	-2.098590E-04	
2652	5.610957E-06	-2.099277E-04	
2653	6.153767E-06	-2.099879E-04	
2654	6.416865E-06	-2.100127E-04	
2655	6.675082E-06	-2.100331E-04	
2656	6.929123E-06	-2.100483E-04	
2657	7.179887E-06	-2.100575E-04	
2658	7.428456E-06	-2.100604E-04	
2659	0.000000E+00	-2.119640E-04	
2660	6.514611E-07	-2.119673E-04	
2661	1.301311E-06	-2.119771E-04	
2662	1.947682E-06	-2.119928E-04	
2663	2.588248E-06	-2.120135E-04	
2664	3.220135E-06	-2.120380E-04	
2665	3.840003E-06	-2.120643E-04	
2666	4.444324E-06	-2.120904E-04	
2667	5.029870E-06	-2.121139E-04	
2668	5.594373E-06	-2.121324E-04	
2669	6.137249E-06	-2.121438E-04	
2670	6.400910E-06	-2.121462E-04	
2671	6.660002E-06	-2.121464E-04	
2672	6.915182E-06	-2.121441E-04	
2673	7.167287E-06	-2.121395E-04	
2674	7.417328E-06	-2.121325E-04	
2675	0.000000E+00	-2.144098E-04	
2676	6.458525E-07	-2.144105E-04	
2677	1.290184E-06	-2.144124E-04	
2678	1.931258E-06	-2.144146E-04	
2679	2.566944E-06	-2.144156E-04	
2680	3.194615E-06	-2.144135E-04	
2681	3.811184E-06	-2.144064E-04	
2682	4.413304E-06	-2.143924E-04	
2683	4.997791E-06	-2.143706E-04	
2684	5.562223E-06	-2.143410E-04	
2685	6.105673E-06	-2.143051E-04	
2686	6.369735E-06	-2.142857E-04	
2687	6.629211E-06	-2.142660E-04	
2688	6.884706E-06	-2.142466E-04	
2689	7.137024E-06	-2.142281E-04	
2690	7.387164E-06	-2.142111E-04	
2691	0.000000E+00	-2.168480E-04	
2692	6.353075E-07	-2.168464E-04	
2693	1.269515E-06	-2.168414E-04	
2694	1.901331E-06	-2.168314E-04	
2695	2.529092E-06	-2.168145E-04	
2696	3.150601E-06	-2.167882E-04	
2697	3.763056E-06	-2.167498E-04	
2698	4.363130E-06	-2.166977E-04	
2699	4.947305E-06	-2.166317E-04	
2700	5.512483E-06	-2.165538E-04	
2701	6.056821E-06	-2.164690E-04	
2702	6.321105E-06	-2.164264E-04	
2703	6.580487E-06	-2.163853E-04	
2704	6.835500E-06	-2.163468E-04	
2705	7.086919E-06	-2.163125E-04	
2706	7.335767E-06	-2.162838E-04	
2707	0.000000E+00	-2.192771E-04	
2708	6.197958E-07	-2.192737E-04	
2709	1.239085E-06	-2.192630E-04	
2710	1.857218E-06	-2.192432E-04	
2711	2.473223E-06	-2.192114E-04	
2712	3.085587E-06	-2.191643E-04	
2713	3.691987E-06	-2.190980E-04	
2714	4.289136E-06	-2.190101E-04	
2715	4.872933E-06	-2.189002E-04	
2716	5.439119E-06	-2.187719E-04	
2717	5.984386E-06	-2.186333E-04	
2718	6.248672E-06	-2.185642E-04	
2719	6.507486E-06	-2.184977E-04	
2720	6.761230E-06	-2.184361E-04	
2721	7.010599E-06	-2.183818E-04	
2722	7.256665E-06	-2.183375E-04	
2723	0.000000E+00	-2.216949E-04	
2724	5.992386E-07	-2.216902E-04	
2725	1.198507E-06	-2.216756E-04	
2726	1.797790E-06	-2.216487E-04	
2727	2.396925E-06	-2.216061E-04	
2728	2.995377E-06	-2.215428E-04	
2729	3.591787E-06	-2.214534E-04	
2730	4.183286E-06	-2.213329E-04	
2731	4.765153E-06	-2.211795E-04	
2732	5.331446E-06	-2.209970E-04	
2733	5.876650E-06	-2.207967E-04	
2734	6.140358E-06	-2.206956E-04	
2735	6.397902E-06	-2.205975E-04	
2736	6.649453E-06	-2.205058E-04	
2737	6.895594E-06	-2.204244E-04	
2738	7.137232E-06	-2.203574E-04	
2739	0.000000E+00	-2.240989E-04	
2740	5.740867E-07	-2.240936E-04	
2741	1.148374E-06	-2.240766E-04	
2742	1.723157E-06	-2.240456E-04	
2743	2.298884E-06	-2.239963E-04	
2744	2.876093E-06	-2.239227E-04	
2745	3.455042E-06	-2.238169E-04	
2746	4.034676E-06	-2.236697E-04	
2747	4.610327E-06	-2.234743E-04	
2748	5.173407E-06	-2.232322E-04	
2749	5.715013E-06	-2.229581E-04	
2750	5.975858E-06	-2.228173E-04	
2751	6.229898E-06	-2.226793E-04	
2752	6.477609E-06	-2.225483E-04	
2753	6.718943E-06	-2.224287E-04	
2754	6.954373E-06	-2.223268E-04	
2755	0.000000E+00	-2.264870E-04	
2756	5.460005E-07	-2.264813E-04	
2757	1.091701E-06	-2.264632E-04	
2758	1.637005E-06	-2.264302E-04	
2759	2.182231E-06	-2.263778E-04	
2760	2.728347E-06	-2.262993E-04	
2761	3.277112E-06	-2.261849E-04	
2762	3.830746E-06	-2.260215E-04	
2763	4.389829E-06	-2.257910E-04	
2764	4.943597E-06	-2.254823E-04	
2765	5.472382E-06	-2.251144E-04	
2766	5.725151E-06	-2.249234E-04	
2767	5.970015E-06	-2.247350E-04	
2768	6.207034E-06	-2.245539E-04	
2769	6.439400E-06	-2.243861E-04	
2770	6.667368E-06	-2.242339E-04	
2771	0.000000E+00	-2.288588E-04	
2772	5.184181E-07	-2.288528E-04	
2773	1.035244E-06	-2.288338E-04	
2774	1.549062E-06	-2.287994E-04	
2775	2.058847E-06	-2.287452E-04	
2776	2.564289E-06	-2.286645E-04	
2777	3.066338E-06	-2.285471E-04	
2778	3.568216E-06	-2.283779E-04	
2779	4.076930E-06	-2.281329E-04	
2780	4.603425E-06	-2.277651E-04	
2781	5.117357E-06	-2.272594E-04	
2782	5.348608E-06	-2.269930E-04	
2783	5.565317E-06	-2.267356E-04	
2784	5.783836E-06	-2.265087E-04	
2785	6.006672E-06	-2.263015E-04	
2786	6.231278E-06	-2.261002E-04	
2787	0.000000E+00	-2.312172E-04	
2788	4.966717E-07	-2.312107E-04	
2789	9.898783E-07	-2.311903E-04	
2790	1.476181E-06	-2.311535E-04	
2791	1.952184E-06	-2.310962E-04	
2792	2.414523E-06	-2.310116E-04	
2793	2.859834E-06	-2.308899E-04	
2794	3.284839E-06	-2.307161E-04	
2795	3.687012E-06	-2.304640E-04	
2796	4.072136E-06	-2.300902E-04	
2797	4.483357E-06	-2.294026E-04	
2798	4.715152E-06	-2.289727E-04	
2799	4.961663E-06	-2.286753E-04	
2800	5.208391E-06	-2.284292E-04	
2801	5.447647E-06	-2.282055E-04	
2802	5.678174E-06	-2.279824E-04	
