1.0E-4 -0.12436506943155784
0.0040999999999999995 -0.12423526911731254
0.0081 -0.12402741360998008
0.0121 -0.12373284717813018
0.016100000000000003 -0.12334722569406616
0.020100000000000003 -0.12286391551905354
0.024100000000000003 -0.1222726623449684
0.028100000000000003 -0.12155831405258632
0.032100000000000004 -0.12068034243158565
0.0361 -0.11954725121466
0.040100000000000004 -0.11732251112262213
0.0441 -0.09001796349851206
0.048100000000000004 -0.079164962494432
0.0521 -0.07126875091474856
0.056100000000000004 -0.06541456317392644
0.0601 -0.060750717704928896
0.06409999999999999 -0.05693812415870763
0.0681 -0.05374091116198066
0.0721 -0.05100491891476261
0.0761 -0.04861643592591174
0.08009999999999999 -0.046487528312863804
0.0841 -0.04454569882433181
0.0881 -0.04272804879454605
0.0921 -0.040978346086120644
0.09609999999999999 -0.03924868132654211
0.1001 -0.037515206272812025