nodal
2
2802
2401	6.941097E-05	1.000000E+00	
2402	6.941097E-05	1.000000E+00	
2403	-2.116592E-05	1.000000E+00	
2404	-4.806397E-05	1.000000E+00	
2405	-1.413533E-04	1.000000E+00	
2406	9.446118E-06	1.000000E+00	
2407	9.446118E-06	1.000000E+00	
2408	-7.607483E-05	1.000000E+00	
2409	-8.809815E-05	1.000000E+00	
2410	-1.425895E-04	1.000000E+00	
2411	1.890926E-05	1.000000E+00	
2412	1.890926E-05	1.000000E+00	
2413	6.426052E-05	1.000000E+00	
2414	6.941097E-05	1.000000E+00	
2415	6.941097E-05	1.000000E+00	
2416	6.941097E-05	1.000000E+00	
2417	6.941097E-05	1.000000E+00	
2418	6.941097E-05	1.000000E+00	
2419	6.941097E-05	1.000000E+00	
2420	6.941097E-05	1.000000E+00	
2421	6.941097E-05	1.000000E+00	
2422	6.941097E-05	1.000000E+00	
2423	6.941097E-05	1.000000E+00	
2424	6.941097E-05	1.000000E+00	
