0.0 0.0
0.0032 9.35174626475078E-5
0.0064 1.4626737804865466E-4
0.0096 2.0219894991083847E-4
0.0128 2.3937562820932728E-4
0.016 2.5956857621361524E-4
0.0192 2.4829575848623925E-4
0.0224 1.755390125952348E-4
0.0256 2.244427146981662E-5
0.028800000000000003 -2.6895304481989064E-4
0.032 -7.728117429617495E-4
0.036000000000000004 -0.0020385604103650913
0.04 -0.005243313761712253
0.044 -0.010031633331648332
0.048 -0.009427684221474207
0.0525 -0.008481253481637148
0.057 -0.007519598483767061
0.061950000000000005 -0.00653224530096466
0.067395 -0.005577684545562553
0.07338 -0.004701093852092805
0.0799725 -0.003953437525071566
0.0872175 -0.003393711282564416
0.0951825 -0.0030697306848760037
0.1039575 -0.0029372084384693036