nodal
2
1600
1	0.000000E+00	-1.254089E-04	
2	5.181762E-08	-1.253499E-04	
3	9.281001E-08	-1.252165E-04	
4	1.241947E-07	-1.249967E-04	
5	1.395906E-07	-1.246866E-04	
6	1.301105E-07	-1.242814E-04	
7	8.388430E-08	-1.237738E-04	
8	-2.404552E-08	-1.231574E-04	
9	-2.150206E-07	-1.224064E-04	
10	-6.526811E-07	-1.215748E-04	
11	-1.615953E-06	-1.200726E-04	
12	-1.895365E-06	-1.258373E-04	
13	-1.301338E-06	-1.279222E-04	
14	0.000000E+00	-1.259861E-04	
15	9.876794E-09	-1.259293E-04	
16	1.354832E-08	-1.257983E-04	
17	6.209620E-09	-1.255846E-04	
18	-1.759403E-08	-1.252843E-04	
19	-6.584732E-08	-1.248936E-04	
20	-1.499938E-07	-1.244095E-04	
21	-2.854006E-07	-1.238246E-04	
22	-4.928423E-07	-1.231659E-04	
23	-8.792710E-07	-1.223023E-04	
24	-3.359470E-07	-1.226322E-04	
25	-1.519912E-07	-1.257753E-04	
26	-1.027751E-06	-1.284418E-04	
27	-6.057682E-07	-1.293023E-04	
28	0.000000E+00	-1.265498E-04	
29	-2.196763E-08	-1.264951E-04	
30	-4.818567E-08	-1.263677E-04	
31	-8.355984E-08	-1.261607E-04	
32	-1.326002E-07	-1.258713E-04	
33	-2.002515E-07	-1.254978E-04	
34	-2.917946E-07	-1.250396E-04	
35	-4.056974E-07	-1.245079E-04	
36	-5.463876E-07	-1.239093E-04	
37	-4.354135E-07	-1.234457E-04	
38	2.831603E-07	-1.244653E-04	
39	5.471401E-07	-1.263080E-04	
40	4.287668E-07	-1.281419E-04	
41	-1.622176E-07	-1.299321E-04	
42	4.461608E-08	-1.300677E-04	
43	0.000000E+00	-1.271060E-04	
44	-4.526163E-08	-1.270534E-04	
45	-9.270280E-08	-1.269306E-04	
46	-1.461873E-07	-1.267319E-04	
47	-2.078019E-07	-1.264562E-04	
48	-2.780617E-07	-1.261043E-04	
49	-3.522315E-07	-1.256832E-04	
50	-4.171371E-07	-1.252112E-04	
51	-3.931874E-07	-1.247591E-04	
52	-6.049454E-08	-1.246629E-04	
53	5.631125E-07	-1.258199E-04	
54	7.730717E-07	-1.270875E-04	
55	7.300121E-07	-1.284012E-04	
56	5.244775E-07	-1.294570E-04	
57	0.000000E+00	-1.303989E-04	
58	0.000000E+00	-1.303953E-04	
59	0.000000E+00	-1.276597E-04	
60	-6.079714E-08	-1.276094E-04	
61	-1.214486E-07	-1.274924E-04	
62	-1.841675E-07	-1.273043E-04	
63	-2.480307E-07	-1.270459E-04	
64	-3.080526E-07	-1.267222E-04	
65	-3.515993E-07	-1.263468E-04	
66	-3.445504E-07	-1.259569E-04	
67	-2.002578E-07	-1.256713E-04	
68	1.860734E-07	-1.258143E-04	
69	6.720612E-07	-1.269139E-04	
70	8.074549E-07	-1.278434E-04	
71	7.675300E-07	-1.288152E-04	
72	5.744837E-07	-1.296217E-04	
73	3.120451E-07	-1.301735E-04	
74	0.000000E+00	-1.304808E-04	
75	0.000000E+00	-1.282154E-04	
76	-6.950094E-08	-1.281678E-04	
77	-1.364247E-07	-1.280581E-04	
78	-2.011299E-07	-1.278829E-04	
79	-2.595683E-07	-1.276457E-04	
80	-3.023163E-07	-1.273559E-04	
81	-3.088670E-07	-1.270356E-04	
82	-2.375504E-07	-1.267385E-04	
83	-2.752014E-08	-1.265965E-04	
84	3.358329E-07	-1.268706E-04	
85	6.814010E-07	-1.278454E-04	
86	7.532203E-07	-1.285518E-04	
87	7.027408E-07	-1.292770E-04	
88	5.400929E-07	-1.298979E-04	
89	2.953498E-07	-1.303339E-04	
90	0.000000E+00	-1.305226E-04	
91	0.000000E+00	-1.296395E-04	
92	-6.749581E-08	-1.296010E-04	
93	-1.274147E-07	-1.295144E-04	
94	-1.759479E-07	-1.293797E-04	
95	-2.043895E-07	-1.292065E-04	
96	-1.994880E-07	-1.290132E-04	
97	-1.424378E-07	-1.288347E-04	
98	-1.277684E-08	-1.287336E-04	
99	1.939931E-07	-1.288064E-04	
100	4.315039E-07	-1.291581E-04	
101	5.802483E-07	-1.298057E-04	
102	5.815360E-07	-1.301809E-04	
103	5.158788E-07	-1.305442E-04	
104	3.859900E-07	-1.308502E-04	
105	2.060046E-07	-1.310537E-04	
106	0.000000E+00	-1.311196E-04	
107	0.000000E+00	-1.311313E-04	
108	-4.774799E-08	-1.311039E-04	
109	-8.595374E-08	-1.310436E-04	
110	-1.091213E-07	-1.309537E-04	
111	-1.086675E-07	-1.308464E-04	
112	-7.498240E-08	-1.307427E-04	
113	2.046972E-10	-1.306750E-04	
114	1.175282E-07	-1.306870E-04	
115	2.592796E-07	-1.308257E-04	
116	3.805841E-07	-1.311145E-04	
117	4.187613E-07	-1.315166E-04	
118	3.918806E-07	-1.317218E-04	
119	3.305323E-07	-1.319084E-04	
120	2.380948E-07	-1.320572E-04	
121	1.233285E-07	-1.321519E-04	
122	0.000000E+00	-1.321843E-04	
123	0.000000E+00	-1.326967E-04	
124	-2.421595E-08	-1.326797E-04	
125	-3.983157E-08	-1.326436E-04	
126	-4.181699E-08	-1.325927E-04	
127	-2.424923E-08	-1.325388E-04	
128	1.727813E-08	-1.324991E-04	
129	8.312124E-08	-1.324960E-04	
130	1.658227E-07	-1.325533E-04	
131	2.468146E-07	-1.326872E-04	
132	2.977259E-07	-1.328938E-04	
133	2.899069E-07	-1.331384E-04	
134	2.592308E-07	-1.332531E-04	
135	2.109631E-07	-1.333530E-04	
136	1.482080E-07	-1.334300E-04	
137	7.594133E-08	-1.334784E-04	
138	0.000000E+00	-1.334946E-04	
139	0.000000E+00	-1.343233E-04	
140	-4.504066E-09	-1.343144E-04	
141	-2.888813E-09	-1.342965E-04	
142	8.448323E-09	-1.342736E-04	
143	3.257959E-08	-1.342547E-04	
144	7.032469E-08	-1.342516E-04	
145	1.187366E-07	-1.342771E-04	
146	1.697704E-07	-1.343417E-04	
147	2.103235E-07	-1.344486E-04	
148	2.249869E-07	-1.345883E-04	
149	2.017929E-07	-1.347370E-04	
150	1.749672E-07	-1.348030E-04	
151	1.390996E-07	-1.348589E-04	
152	9.613614E-08	-1.349013E-04	
153	4.871021E-08	-1.349274E-04	
154	0.000000E+00	-1.349361E-04	
155	0.000000E+00	-1.359922E-04	
156	9.084464E-09	-1.359886E-04	
157	2.158500E-08	-1.359820E-04	
158	3.964140E-08	-1.359756E-04	
159	6.429171E-08	-1.359752E-04	
160	9.465504E-08	-1.359879E-04	
161	1.273042E-07	-1.360201E-04	
162	1.561336E-07	-1.360756E-04	
163	1.732026E-07	-1.361532E-04	
164	1.708325E-07	-1.362445E-04	
165	1.445919E-07	-1.363351E-04	
166	1.226846E-07	-1.363739E-04	
167	9.591403E-08	-1.364061E-04	
168	6.549650E-08	-1.364302E-04	
169	3.296282E-08	-1.364449E-04	
170	0.000000E+00	-1.364498E-04	
171	0.000000E+00	-1.376864E-04	
172	1.724901E-08	-1.376855E-04	
173	3.571135E-08	-1.376844E-04	
174	5.641690E-08	-1.376852E-04	
175	7.922346E-08	-1.376914E-04	
176	1.027035E-07	-1.377069E-04	
177	1.239956E-07	-1.377345E-04	
178	1.390573E-07	-1.377752E-04	
179	1.434561E-07	-1.378270E-04	
180	1.336577E-07	-1.378842E-04	
181	1.084710E-07	-1.379383E-04	
182	9.059045E-08	-1.379609E-04	
183	6.995747E-08	-1.379795E-04	
184	4.735757E-08	-1.379932E-04	
185	2.370745E-08	-1.380016E-04	
186	0.000000E+00	-1.380044E-04	
187	0.000000E+00	-1.393941E-04	
188	2.174328E-08	-1.393939E-04	
189	4.318239E-08	-1.393941E-04	
190	6.462941E-08	-1.393959E-04	
191	8.533600E-08	-1.394013E-04	
192	1.038196E-07	-1.394121E-04	
193	1.179138E-07	-1.394299E-04	
194	1.250738E-07	-1.394546E-04	
195	1.229449E-07	-1.394848E-04	
196	1.100955E-07	-1.395170E-04	
197	8.670039E-08	-1.395468E-04	
198	7.158561E-08	-1.395590E-04	
199	5.479045E-08	-1.395691E-04	
200	3.685363E-08	-1.395765E-04	
201	1.837895E-08	-1.395809E-04	
202	0.000000E+00	-1.395824E-04	
203	0.000000E+00	-1.411090E-04	
204	2.425469E-08	-1.411083E-04	
205	4.728053E-08	-1.411071E-04	
206	6.897717E-08	-1.411060E-04	
207	8.830097E-08	-1.411062E-04	
208	1.038367E-07	-1.411086E-04	
209	1.139159E-07	-1.411141E-04	
210	1.168855E-07	-1.411229E-04	
211	1.114987E-07	-1.411343E-04	
212	9.734083E-08	-1.411469E-04	
213	7.515955E-08	-1.411588E-04	
214	6.158923E-08	-1.411638E-04	
215	4.686031E-08	-1.411678E-04	
216	3.138556E-08	-1.411708E-04	
217	1.561187E-08	-1.411726E-04	
218	0.000000E+00	-1.411732E-04	
219	0.000000E+00	-1.428289E-04	
220	2.594855E-08	-1.428270E-04	
221	5.018483E-08	-1.428229E-04	
222	7.240974E-08	-1.428168E-04	
223	9.143196E-08	-1.428093E-04	
224	1.058660E-07	-1.428011E-04	
225	1.142722E-07	-1.427931E-04	
226	1.153958E-07	-1.427859E-04	
227	1.084689E-07	-1.427800E-04	
228	9.350326E-08	-1.427755E-04	
229	7.148205E-08	-1.427724E-04	
230	5.835154E-08	-1.427713E-04	
231	4.426311E-08	-1.427705E-04	
232	2.958165E-08	-1.427699E-04	
233	1.469534E-08	-1.427696E-04	
234	0.000000E+00	-1.427695E-04	
235	0.000000E+00	-1.445541E-04	
236	2.735713E-08	-1.445507E-04	
237	5.286530E-08	-1.445430E-04	
238	7.618876E-08	-1.445308E-04	
239	9.606063E-08	-1.445144E-04	
240	1.110343E-07	-1.444945E-04	
241	1.196324E-07	-1.444719E-04	
242	1.205939E-07	-1.444481E-04	
243	1.131745E-07	-1.444246E-04	
244	9.743338E-08	-1.444031E-04	
245	7.441836E-08	-1.443853E-04	
246	6.072851E-08	-1.443784E-04	
247	4.605472E-08	-1.443728E-04	
248	3.077364E-08	-1.443688E-04	
249	1.528599E-08	-1.443665E-04	
250	0.000000E+00	-1.443657E-04	
251	0.000000E+00	-1.462857E-04	
252	2.837063E-08	-1.462809E-04	
253	5.511398E-08	-1.462696E-04	
254	8.000898E-08	-1.462512E-04	
255	1.017812E-07	-1.462256E-04	
256	1.188212E-07	-1.461932E-04	
257	1.293592E-07	-1.461550E-04	
258	1.317484E-07	-1.461131E-04	
259	1.248487E-07	-1.460701E-04	
260	1.084142E-07	-1.460296E-04	
261	8.339162E-08	-1.459954E-04	
262	6.824159E-08	-1.459818E-04	
263	5.186794E-08	-1.459709E-04	
264	3.471456E-08	-1.459631E-04	
265	1.726036E-08	-1.459583E-04	
266	0.000000E+00	-1.459568E-04	
267	0.000000E+00	-1.480242E-04	
268	2.821833E-08	-1.480183E-04	
269	5.551169E-08	-1.480042E-04	
270	8.198046E-08	-1.479807E-04	
271	1.064109E-07	-1.479466E-04	
272	1.269673E-07	-1.479018E-04	
273	1.413303E-07	-1.478471E-04	
274	1.470911E-07	-1.477848E-04	
275	1.422287E-07	-1.477191E-04	
276	1.257238E-07	-1.476556E-04	
277	9.811486E-08	-1.476006E-04	
278	8.075171E-08	-1.475785E-04	
279	6.165754E-08	-1.475607E-04	
280	4.140299E-08	-1.475478E-04	
281	2.062863E-08	-1.475400E-04	
282	0.000000E+00	-1.475374E-04	
283	0.000000E+00	-1.497670E-04	
284	2.537371E-08	-1.497612E-04	
285	5.136717E-08	-1.497466E-04	
286	7.849841E-08	-1.497206E-04	
287	1.058094E-07	-1.496806E-04	
288	1.310581E-07	-1.496248E-04	
289	1.512699E-07	-1.495533E-04	
290	1.629409E-07	-1.494684E-04	
291	1.626479E-07	-1.493752E-04	
292	1.478543E-07	-1.492821E-04	
293	1.180511E-07	-1.491992E-04	
294	9.804647E-08	-1.491653E-04	
295	7.540630E-08	-1.491378E-04	
296	5.090712E-08	-1.491176E-04	
297	2.543950E-08	-1.491054E-04	
298	0.000000E+00	-1.491013E-04	
299	0.000000E+00	-1.515068E-04	
300	1.756063E-08	-1.515032E-04	
301	3.853114E-08	-1.514929E-04	
302	6.454790E-08	-1.514701E-04	
303	9.393764E-08	-1.514291E-04	
304	1.242147E-07	-1.513658E-04	
305	1.516584E-07	-1.512789E-04	
306	1.720366E-07	-1.511699E-04	
307	1.801631E-07	-1.510442E-04	
308	1.709035E-07	-1.509124E-04	
309	1.412243E-07	-1.507903E-04	
310	1.189348E-07	-1.507391E-04	
311	9.249732E-08	-1.506970E-04	
312	6.292420E-08	-1.506658E-04	
313	3.161751E-08	-1.506468E-04	
314	0.000000E+00	-1.506405E-04	
315	0.000000E+00	-1.532244E-04	
316	3.878112E-10	-1.532305E-04	
317	1.253339E-08	-1.532349E-04	
318	3.446354E-08	-1.532260E-04	
319	6.496145E-08	-1.531916E-04	
320	9.774601E-08	-1.531257E-04	
321	1.305722E-07	-1.530276E-04	
322	1.606813E-07	-1.528966E-04	
323	1.819747E-07	-1.527349E-04	
324	1.848856E-07	-1.525534E-04	
325	1.613950E-07	-1.523754E-04	
326	1.386874E-07	-1.522979E-04	
327	1.095446E-07	-1.522334E-04	
328	7.558320E-08	-1.521849E-04	
329	3.825015E-08	-1.521547E-04	
330	0.000000E+00	-1.521446E-04	
331	0.000000E+00	-1.548863E-04	
332	-2.956024E-08	-1.549121E-04	
333	-3.546735E-08	-1.549629E-04	
334	-8.694620E-09	-1.549882E-04	
335	1.778581E-08	-1.549632E-04	
336	4.405005E-08	-1.548987E-04	
337	7.262002E-08	-1.547960E-04	
338	1.053736E-07	-1.546520E-04	
339	1.409324E-07	-1.544596E-04	
340	1.665288E-07	-1.542185E-04	
341	1.598076E-07	-1.539592E-04	
342	1.419417E-07	-1.538424E-04	
343	1.147753E-07	-1.537427E-04	
344	7.910775E-08	-1.536663E-04	
345	3.990190E-08	-1.536196E-04	
346	0.000000E+00	-1.536042E-04	
347	0.000000E+00	-1.562661E-04	
348	-1.331375E-07	-1.565005E-04	
349	-6.536962E-08	-1.567110E-04	
350	-4.478046E-08	-1.567513E-04	
351	-3.964677E-08	-1.567320E-04	
352	-3.797420E-08	-1.566695E-04	
353	-3.348128E-08	-1.565681E-04	
354	-2.086188E-08	-1.564229E-04	
355	6.232367E-09	-1.562218E-04	
356	5.405131E-08	-1.559348E-04	
357	9.141616E-08	-1.555542E-04	
358	8.396268E-08	-1.553699E-04	
359	5.958616E-08	-1.552123E-04	
360	3.582179E-08	-1.551076E-04	
361	1.596857E-08	-1.550495E-04	
362	0.000000E+00	-1.550301E-04	
363	0.000000E+00	-1.563466E-04	
364	4.571803E-08	-1.582870E-04	
365	5.009271E-09	-1.584522E-04	
366	-4.904348E-08	-1.585000E-04	
367	-9.519221E-08	-1.584796E-04	
368	-1.377373E-07	-1.584177E-04	
369	-1.782468E-07	-1.583177E-04	
370	-2.172909E-07	-1.581753E-04	
371	-2.537295E-07	-1.579764E-04	
372	-2.777714E-07	-1.576954E-04	
373	-2.597259E-07	-1.571915E-04	
374	-2.261078E-07	-1.568502E-04	
375	-1.769652E-07	-1.566664E-04	
376	-1.190625E-07	-1.565552E-04	
377	-5.909777E-08	-1.564967E-04	
378	0.000000E+00	-1.564868E-04	
379	0.000000E+00	-1.254071E-04	
380	-8.052383E-07	-1.253398E-04	
381	-1.600677E-06	-1.251963E-04	
382	-2.424707E-06	-1.249660E-04	
383	-3.295929E-06	-1.246448E-04	
384	-4.239516E-06	-1.242272E-04	
385	-5.289847E-06	-1.237052E-04	
386	-6.513481E-06	-1.230706E-04	
387	-7.979777E-06	-1.222944E-04	
388	-1.016971E-05	-1.214077E-04	
389	-1.416457E-05	-1.197762E-04	
390	-5.818657E-06	-4.828000E-05	
391	-5.453082E-06	-4.633081E-05	
392	-5.191563E-06	-4.450717E-05	
393	-5.021382E-06	-4.275254E-05	
394	-4.920644E-06	-4.101859E-05	
395	-4.855463E-06	-3.928103E-05	
396	-4.780984E-06	-4.825636E-05	
397	-4.493105E-06	-4.632132E-05	
398	-4.281113E-06	-4.451162E-05	
399	-4.136622E-06	-4.276928E-05	
400	-4.045790E-06	-4.104394E-05	
401	-3.987794E-06	-3.930693E-05	
402	-3.711625E-06	-4.824046E-05	
403	-3.500072E-06	-4.631514E-05	
404	-3.339539E-06	-4.451583E-05	
405	-3.227275E-06	-4.278368E-05	
406	-3.156967E-06	-4.106716E-05	
407	-3.114400E-06	-3.932935E-05	
408	-2.625037E-06	-4.823045E-05	
409	-2.486987E-06	-4.631153E-05	
410	-2.378236E-06	-4.452045E-05	
411	-2.301524E-06	-4.279792E-05	
412	-2.256152E-06	-4.109085E-05	
413	-2.232989E-06	-3.935296E-05	
414	-1.534518E-06	-4.822410E-05	
415	-1.465591E-06	-4.630936E-05	
416	-1.407160E-06	-4.452539E-05	
417	-1.366527E-06	-4.281270E-05	
418	-1.347514E-06	-4.111620E-05	
419	-1.345984E-06	-3.938169E-05	
420	-4.520477E-07	-4.821878E-05	
421	-4.464165E-07	-4.630711E-05	
422	-4.352625E-07	-4.452996E-05	
423	-4.293726E-07	-4.282777E-05	
424	-4.362021E-07	-4.114387E-05	
425	-4.585446E-07	-3.941841E-05	
426	2.153729E-06	-4.818732E-05	
427	2.032831E-06	-4.628625E-05	
428	1.945129E-06	-4.453042E-05	
429	1.874873E-06	-4.286162E-05	
430	1.808096E-06	-4.122249E-05	
431	1.732461E-06	-3.954814E-05	
432	4.524364E-06	-4.809678E-05	
433	4.327044E-06	-4.621951E-05	
434	4.174817E-06	-4.449763E-05	
435	4.051097E-06	-4.287771E-05	
436	3.938312E-06	-4.130690E-05	
437	3.815541E-06	-3.972850E-05	
438	6.589717E-06	-4.790665E-05	
439	6.361568E-06	-4.607537E-05	
440	6.177987E-06	-4.440696E-05	
441	6.023982E-06	-4.285634E-05	
442	5.880959E-06	-4.138021E-05	
443	5.724815E-06	-3.993555E-05	
444	8.322024E-06	-4.758977E-05	
445	8.097975E-06	-4.583008E-05	
446	7.910069E-06	-4.423758E-05	
447	7.746107E-06	-4.277780E-05	
448	7.588864E-06	-4.141925E-05	
449	7.414812E-06	-4.013408E-05	
450	9.723562E-06	-4.713362E-05	
451	9.526791E-06	-4.546971E-05	
452	9.354098E-06	-4.397434E-05	
453	9.196449E-06	-4.262423E-05	
454	9.039419E-06	-4.139986E-05	
455	8.862631E-06	-4.028731E-05	
456	1.081549E-05	-4.653767E-05	
457	1.065920E-05	-4.498905E-05	
458	1.051441E-05	-4.360791E-05	
459	1.037511E-05	-4.238131E-05	
460	1.023033E-05	-4.130034E-05	
461	1.006413E-05	-4.036251E-05	
462	1.162930E-05	-4.580934E-05	
463	1.151944E-05	-4.438943E-05	
464	1.140985E-05	-4.313400E-05	
465	1.129719E-05	-4.203879E-05	
466	1.117402E-05	-4.110344E-05	
467	1.102915E-05	-4.033391E-05	
468	1.220096E-05	-4.496030E-05	
469	1.213879E-05	-4.367630E-05	
470	1.206788E-05	-4.255226E-05	
471	1.198712E-05	-4.159056E-05	
472	1.189234E-05	-4.079716E-05	
473	1.177681E-05	-4.018363E-05	
474	1.256717E-05	-4.400375E-05	
475	1.255123E-05	-4.285739E-05	
476	1.251995E-05	-4.186517E-05	
477	1.247405E-05	-4.103420E-05	
478	1.241215E-05	-4.037462E-05	
479	1.233140E-05	-3.990125E-05	
480	1.276310E-05	-4.295279E-05	
481	1.279055E-05	-4.194133E-05	
482	1.279829E-05	-4.107715E-05	
483	1.278851E-05	-4.037034E-05	
484	1.276211E-05	-3.983347E-05	
485	1.271932E-05	-3.948277E-05	
486	1.282113E-05	-4.181954E-05	
487	1.288854E-05	-4.093693E-05	
488	1.293381E-05	-4.019383E-05	
489	1.296019E-05	-3.960200E-05	
490	1.297037E-05	-3.917505E-05	
491	1.296694E-05	-3.892928E-05	
492	1.277018E-05	-4.061479E-05	
493	1.287405E-05	-3.985266E-05	
494	1.295482E-05	-3.922161E-05	
495	1.301656E-05	-3.873401E-05	
496	1.306324E-05	-3.840352E-05	
497	1.309913E-05	-3.824562E-05	
498	1.263552E-05	-3.934793E-05	
499	1.277245E-05	-3.869649E-05	
500	1.288645E-05	-3.816724E-05	
501	1.298215E-05	-3.777240E-05	
502	1.306438E-05	-3.752501E-05	
503	1.313855E-05	-3.743923E-05	
504	1.243877E-05	-3.802708E-05	
505	1.260560E-05	-3.747583E-05	
506	1.275047E-05	-3.703759E-05	
507	1.287833E-05	-3.672397E-05	
508	1.299454E-05	-3.654697E-05	
509	1.310518E-05	-3.651915E-05	
510	1.219813E-05	-3.665923E-05	
511	1.239194E-05	-3.619747E-05	
512	1.256529E-05	-3.583949E-05	
513	1.272326E-05	-3.559594E-05	
514	1.287148E-05	-3.547758E-05	
515	1.301630E-05	-3.549527E-05	
516	1.192863E-05	-3.525041E-05	
517	1.214677E-05	-3.486767E-05	
518	1.234625E-05	-3.457955E-05	
519	1.253215E-05	-3.439562E-05	
520	1.271012E-05	-3.432531E-05	
521	1.288659E-05	-3.437780E-05	
522	1.164253E-05	-3.380584E-05	
523	1.188257E-05	-3.349212E-05	
524	1.210589E-05	-3.326410E-05	
525	1.231746E-05	-3.313023E-05	
526	1.252282E-05	-3.309857E-05	
527	1.272823E-05	-3.317677E-05	
528	1.134959E-05	-3.233005E-05	
529	1.160931E-05	-3.207602E-05	
530	1.185429E-05	-3.189914E-05	
531	1.208929E-05	-3.180671E-05	
532	1.231963E-05	-3.180554E-05	
533	1.255127E-05	-3.190186E-05	
534	-1.561263E-05	-9.205759E-05	
535	-1.367924E-05	-8.113134E-05	
536	-1.204684E-05	-7.318406E-05	
537	-1.068244E-05	-6.729852E-05	
538	-9.498273E-06	-6.261061E-05	
539	-8.484396E-06	-5.877903E-05	
540	-7.620663E-06	-5.556620E-05	
541	-6.894842E-06	-5.281722E-05	
542	-6.296814E-06	-5.041789E-05	
543	-7.863761E-06	-1.138138E-04	
544	-7.842962E-06	-9.329962E-05	
545	-9.161854E-06	-8.096662E-05	
546	-8.706920E-06	-7.316587E-05	
547	-8.073310E-06	-6.722536E-05	
548	-7.384922E-06	-6.254151E-05	
549	-6.725535E-06	-5.871183E-05	
550	-6.125089E-06	-5.550687E-05	
551	-5.597514E-06	-5.276801E-05	
552	-5.148815E-06	-5.038081E-05	
553	-4.007775E-06	-1.090076E-04	
554	-3.550322E-06	-9.328904E-05	
555	-4.918967E-06	-8.127135E-05	
556	-5.555244E-06	-7.320594E-05	
557	-5.533571E-06	-6.723825E-05	
558	-5.297680E-06	-6.252251E-05	
559	-4.968837E-06	-5.868273E-05	
560	-4.617368E-06	-5.547460E-05	
561	-4.278713E-06	-5.273810E-05	
562	-3.973036E-06	-5.035670E-05	
563	-1.222472E-06	-1.051940E-04	
564	-6.383160E-07	-9.249487E-05	
565	-1.691006E-06	-8.142002E-05	
566	-2.686688E-06	-7.332709E-05	
567	-3.154411E-06	-6.728907E-05	
568	-3.287195E-06	-6.254285E-05	
569	-3.249558E-06	-5.868219E-05	
570	-3.123093E-06	-5.546391E-05	
571	-2.958389E-06	-5.272345E-05	
572	-2.786015E-06	-5.034272E-05	
573	9.249905E-07	-1.020123E-04	
574	1.525101E-06	-9.131637E-05	
575	7.794342E-07	-8.128577E-05	
576	-2.471727E-07	-7.340096E-05	
577	-9.812513E-07	-6.735158E-05	
578	-1.396678E-06	-6.257960E-05	
579	-1.597366E-06	-5.869912E-05	
580	-1.665194E-06	-5.546710E-05	
581	-1.654772E-06	-5.271900E-05	
582	-1.603033E-06	-5.033539E-05	
583	2.631241E-06	-9.924409E-05	
584	3.201322E-06	-8.995583E-05	
585	2.715905E-06	-8.089126E-05	
586	1.792420E-06	-7.335828E-05	
587	9.496611E-07	-6.738391E-05	
588	3.477813E-07	-6.261257E-05	
589	-3.619386E-08	-5.871967E-05	
590	-2.627625E-07	-5.547553E-05	
591	-3.838239E-07	-5.271884E-05	
592	-4.377480E-07	-5.033072E-05	
593	5.780413E-06	-9.337591E-05	
594	6.302875E-06	-8.631551E-05	
595	6.123076E-06	-7.916231E-05	
596	5.483391E-06	-7.267576E-05	
597	4.698401E-06	-6.714355E-05	
598	3.967935E-06	-6.253026E-05	
599	3.368937E-06	-5.868475E-05	
600	2.909104E-06	-5.544866E-05	
601	2.569657E-06	-5.268853E-05	
602	2.325760E-06	-5.029712E-05	
603	7.758517E-06	-8.835363E-05	
604	8.236258E-06	-8.264577E-05	
605	8.244362E-06	-7.683184E-05	
606	7.875206E-06	-7.133206E-05	
607	7.296257E-06	-6.639974E-05	
608	6.659044E-06	-6.211078E-05	
609	6.059352E-06	-5.842963E-05	
610	5.541685E-06	-5.527451E-05	
611	5.117871E-06	-5.255498E-05	
612	4.782903E-06	-5.018704E-05	
613	9.024791E-06	-8.382723E-05	
614	9.490764E-06	-7.906697E-05	
615	9.618303E-06	-7.422131E-05	
616	9.451572E-06	-6.954154E-05	
617	9.081062E-06	-6.520986E-05	
618	8.606213E-06	-6.131888E-05	
619	8.107574E-06	-5.788599E-05	
620	7.637437E-06	-5.488188E-05	
621	7.223110E-06	-5.225544E-05	
622	6.874297E-06	-4.994917E-05	
623	9.809571E-06	-7.963291E-05	
624	1.028643E-05	-7.559361E-05	
625	1.050604E-05	-7.148650E-05	
626	1.049282E-05	-6.747358E-05	
627	1.029970E-05	-6.368397E-05	
628	9.990989E-06	-6.019931E-05	
629	9.626716E-06	-5.705471E-05	
630	9.253475E-06	-5.424952E-05	
631	8.902111E-06	-5.176069E-05	
632	8.589552E-06	-4.955368E-05	
633	1.025586E-05	-7.568592E-05	
634	1.075599E-05	-7.222166E-05	
635	1.105241E-05	-6.870165E-05	
636	1.116038E-05	-6.523675E-05	
637	1.111302E-05	-6.192040E-05	
638	1.095298E-05	-5.881935E-05	
639	1.072358E-05	-5.597159E-05	
640	1.046230E-05	-5.339004E-05	
641	1.019755E-05	-5.106912E-05	
642	9.948000E-06	-4.899149E-05	
643	1.045939E-05	-7.193794E-05	
644	1.098753E-05	-6.894653E-05	
645	1.134920E-05	-6.590723E-05	
646	1.155477E-05	-6.289974E-05	
647	1.162622E-05	-5.999372E-05	
648	1.159268E-05	-5.724296E-05	
649	1.148537E-05	-5.468312E-05	
650	1.133330E-05	-5.233276E-05	
651	1.116038E-05	-5.019641E-05	
652	1.098413E-05	-4.826860E-05	
653	1.048721E-05	-6.836007E-05	
654	1.104299E-05	-6.576551E-05	
655	1.145934E-05	-6.312832E-05	
656	1.174373E-05	-6.050820E-05	
657	1.191137E-05	-5.795869E-05	
658	1.198274E-05	-5.552345E-05	
659	1.198055E-05	-5.323446E-05	
660	1.192689E-05	-5.111204E-05	
661	1.184110E-05	-4.916637E-05	
662	1.173841E-05	-4.739978E-05	
663	1.038766E-05	-6.493429E-05	
664	1.096756E-05	-6.267756E-05	
665	1.142844E-05	-6.038202E-05	
666	1.177583E-05	-5.809396E-05	
667	1.202058E-05	-5.585572E-05	
668	1.217742E-05	-5.370328E-05	
669	1.226302E-05	-5.166495E-05	
670	1.229422E-05	-4.976108E-05	
671	1.228633E-05	-4.800482E-05	
672	1.225210E-05	-4.640349E-05	
673	1.019634E-05	-6.164875E-05	
674	1.079516E-05	-5.968254E-05	
675	1.129090E-05	-5.768062E-05	
676	1.168766E-05	-5.567996E-05	
677	1.199334E-05	-5.371491E-05	
678	1.221869E-05	-5.181564E-05	
679	1.237613E-05	-5.000719E-05	
680	1.247846E-05	-4.830919E-05	
681	1.253780E-05	-4.673621E-05	
682	1.256461E-05	-4.529861E-05	
683	9.939868E-06	-5.849497E-05	
684	1.055180E-05	-5.678044E-05	
685	1.107345E-05	-5.503303E-05	
686	1.150784E-05	-5.328297E-05	
687	1.186076E-05	-5.155877E-05	
688	1.214017E-05	-4.988613E-05	
689	1.235538E-05	-4.828733E-05	
690	1.251624E-05	-4.678094E-05	
691	1.263230E-05	-4.538200E-05	
692	1.271219E-05	-4.410263E-05	
693	9.638493E-06	-5.546626E-05	
694	1.025777E-05	-5.397092E-05	
695	1.079733E-05	-5.244549E-05	
696	1.125933E-05	-5.091516E-05	
697	1.164801E-05	-4.940403E-05	
698	1.196933E-05	-4.793433E-05	
699	1.223035E-05	-4.652594E-05	
700	1.243869E-05	-4.519627E-05	
701	1.260198E-05	-4.396028E-05	
702	1.272736E-05	-4.283089E-05	
703	9.307776E-06	-5.255667E-05	
704	9.929136E-06	-5.125300E-05	
705	1.047966E-05	-4.992203E-05	
706	1.096085E-05	-4.858513E-05	
707	1.137582E-05	-4.726294E-05	
708	1.172901E-05	-4.597489E-05	
709	1.202586E-05	-4.473885E-05	
710	1.227235E-05	-4.357097E-05	
711	1.247464E-05	-4.248577E-05	
712	1.263872E-05	-4.149635E-05	
713	8.959808E-06	-4.976049E-05	
714	9.578695E-06	-4.862488E-05	
715	1.013439E-05	-4.746480E-05	
716	1.062785E-05	-4.629859E-05	
717	1.106136E-05	-4.514415E-05	
718	1.143827E-05	-4.401859E-05	
719	1.176280E-05	-4.293799E-05	
720	1.203971E-05	-4.191728E-05	
721	1.227407E-05	-4.097026E-05	
722	1.247100E-05	-4.010977E-05	
723	8.604049E-06	-4.707190E-05	
724	9.216730E-06	-4.608393E-05	
725	9.772879E-06	-4.507433E-05	
726	1.027306E-05	-4.405897E-05	
727	1.071892E-05	-4.305350E-05	
728	1.111302E-05	-4.207308E-05	
729	1.145866E-05	-4.113217E-05	
730	1.175971E-05	-4.024451E-05	
731	1.202043E-05	-3.942301E-05	
732	1.224526E-05	-3.867996E-05	
733	8.247923E-06	-4.448493E-05	
734	8.851487E-06	-4.362680E-05	
735	9.404408E-06	-4.274983E-05	
736	9.906957E-06	-4.186784E-05	
737	1.036031E-05	-4.099459E-05	
738	1.076643E-05	-4.014353E-05	
739	1.112797E-05	-3.932770E-05	
740	1.144813E-05	-3.855962E-05	
741	1.173054E-05	-3.785125E-05	
742	1.197914E-05	-3.721410E-05	
743	7.897237E-06	-4.199337E-05	
744	8.489548E-06	-4.124948E-05	
745	9.036471E-06	-4.048943E-05	
746	9.538068E-06	-3.972531E-05	
747	9.995173E-06	-3.896925E-05	
748	1.040933E-05	-3.823322E-05	
749	1.078269E-05	-3.752892E-05	
750	1.111796E-05	-3.686771E-05	
751	1.141829E-05	-3.626055E-05	
752	1.168722E-05	-3.571803E-05	
753	7.556496E-06	-3.959086E-05	
754	8.136106E-06	-3.894747E-05	
755	8.675056E-06	-3.829043E-05	
756	9.173264E-06	-3.763037E-05	
757	9.631327E-06	-3.697799E-05	
758	1.005047E-05	-3.634393E-05	
759	1.043249E-05	-3.573867E-05	
760	1.077971E-05	-3.517244E-05	
761	1.109492E-05	-3.465518E-05	
762	1.138132E-05	-3.419654E-05	
763	7.229138E-06	-3.727095E-05	
764	7.795189E-06	-3.671590E-05	
765	8.324854E-06	-3.614953E-05	
766	8.817965E-06	-3.558119E-05	
767	9.274952E-06	-3.502031E-05	
768	9.696811E-06	-3.447635E-05	
769	1.008508E-05	-3.395864E-05	
770	1.044178E-05	-3.347635E-05	
771	1.076940E-05	-3.303843E-05	
772	1.107089E-05	-3.265354E-05	
773	0.000000E+00	-1.240327E-04	
774	-7.438508E-07	-1.239649E-04	
775	-1.483532E-06	-1.238099E-04	
776	-2.247235E-06	-1.235598E-04	
777	-3.051313E-06	-1.232076E-04	
778	-3.915525E-06	-1.227435E-04	
779	-4.868474E-06	-1.221499E-04	
780	-5.942184E-06	-1.214026E-04	
781	-7.210665E-06	-1.204015E-04	
782	-8.758251E-06	-1.192736E-04	
783	0.000000E+00	-1.226242E-04	
784	-6.627612E-07	-1.225543E-04	
785	-1.319570E-06	-1.223870E-04	
786	-1.992671E-06	-1.221139E-04	
787	-2.690588E-06	-1.217250E-04	
788	-3.421952E-06	-1.212041E-04	
789	-4.192089E-06	-1.205233E-04	
790	-4.988572E-06	-1.196141E-04	
791	-5.769991E-06	-1.183835E-04	
792	-5.736180E-06	-1.160791E-04	
793	0.000000E+00	-1.211689E-04	
794	-5.616772E-07	-1.210944E-04	
795	-1.113409E-06	-1.209118E-04	
796	-1.669484E-06	-1.206100E-04	
797	-2.228675E-06	-1.201746E-04	
798	-2.783594E-06	-1.195812E-04	
799	-3.309871E-06	-1.187806E-04	
800	-3.748831E-06	-1.176760E-04	
801	-3.845046E-06	-1.159870E-04	
802	-2.995110E-06	-1.126636E-04	
803	0.000000E+00	-1.196547E-04	
804	-4.432455E-07	-1.195734E-04	
805	-8.716405E-07	-1.193713E-04	
806	-1.290058E-06	-1.190336E-04	
807	-1.686672E-06	-1.185401E-04	
808	-2.036623E-06	-1.178542E-04	
809	-2.289879E-06	-1.169061E-04	
810	-2.329754E-06	-1.155427E-04	
811	-1.895340E-06	-1.133589E-04	
812	-6.898930E-07	-1.093617E-04	
813	0.000000E+00	-1.180724E-04	
814	-3.112289E-07	-1.179820E-04	
815	-6.026183E-07	-1.177561E-04	
816	-8.693072E-07	-1.173753E-04	
817	-1.089391E-06	-1.168119E-04	
818	-1.223942E-06	-1.160164E-04	
819	-1.200050E-06	-1.148944E-04	
820	-8.836615E-07	-1.132472E-04	
821	-8.982138E-08	-1.106409E-04	
822	1.233925E-06	-1.062693E-04	
823	0.000000E+00	-1.137808E-04	
824	5.350746E-08	-1.136603E-04	
825	1.345475E-07	-1.133607E-04	
826	2.689822E-07	-1.128503E-04	
827	4.924530E-07	-1.120851E-04	
828	8.540481E-07	-1.109902E-04	
829	1.418529E-06	-1.094370E-04	
830	2.253923E-06	-1.072103E-04	
831	3.380202E-06	-1.039890E-04	
832	4.670095E-06	-9.941872E-05	
833	0.000000E+00	-1.090277E-04	
834	4.107838E-07	-1.088730E-04	
835	8.466241E-07	-1.084938E-04	
836	1.343915E-06	-1.078497E-04	
837	1.935779E-06	-1.068897E-04	
838	2.657346E-06	-1.055357E-04	
839	3.538099E-06	-1.036723E-04	
840	4.582577E-06	-1.011461E-04	
841	5.738007E-06	-9.779090E-05	
842	6.865508E-06	-9.350314E-05	
843	0.000000E+00	-1.039042E-04	
844	7.147223E-07	-1.037198E-04	
845	1.443172E-06	-1.032748E-04	
846	2.223299E-06	-1.025261E-04	
847	3.077091E-06	-1.014276E-04	
848	4.020240E-06	-9.991611E-05	
849	5.053877E-06	-9.791216E-05	
850	6.152273E-06	-9.533062E-05	
851	7.251130E-06	-9.210750E-05	
852	8.247827E-06	-8.824079E-05	
853	0.000000E+00	-9.855466E-05	
854	9.446791E-07	-9.835093E-05	
855	1.887910E-06	-9.786596E-05	
856	2.864471E-06	-9.705916E-05	
857	3.884367E-06	-9.589592E-05	
858	4.948641E-06	-9.433452E-05	
859	6.044037E-06	-9.233029E-05	
860	7.137791E-06	-8.984660E-05	
861	8.175990E-06	-8.687191E-05	
862	9.089627E-06	-8.343829E-05	
863	0.000000E+00	-9.313107E-05	
864	1.100144E-06	-9.292000E-05	
865	2.184394E-06	-9.242303E-05	
866	3.283098E-06	-9.160476E-05	
867	4.397078E-06	-9.044306E-05	
868	5.519050E-06	-8.891532E-05	
869	6.631035E-06	-8.700235E-05	
870	7.702993E-06	-8.469603E-05	
871	8.694312E-06	-8.200873E-05	
872	9.559242E-06	-7.898126E-05	
873	0.000000E+00	-8.776330E-05	
874	1.191830E-06	-8.755528E-05	
875	2.356545E-06	-8.706961E-05	
876	3.520541E-06	-8.627659E-05	
877	4.678777E-06	-8.516434E-05	
878	5.820175E-06	-8.372412E-05	
879	6.926691E-06	-8.195275E-05	
880	7.973486E-06	-7.985723E-05	
881	8.930882E-06	-7.745960E-05	
882	9.768273E-06	-7.480020E-05	
883	0.000000E+00	-8.254683E-05	
884	1.234223E-06	-8.234931E-05	
885	2.433929E-06	-8.189104E-05	
886	3.622540E-06	-8.114740E-05	
887	4.791772E-06	-8.011372E-05	
888	5.929339E-06	-7.879009E-05	
889	7.018840E-06	-7.718235E-05	
890	8.040390E-06	-7.530472E-05	
891	8.972272E-06	-7.318206E-05	
892	9.793556E-06	-7.085115E-05	
893	0.000000E+00	-7.754304E-05	
894	1.241170E-06	-7.736046E-05	
895	2.443760E-06	-7.693884E-05	
896	3.629126E-06	-7.625768E-05	
897	4.787511E-06	-7.531683E-05	
898	5.906719E-06	-7.412137E-05	
899	6.972375E-06	-7.268170E-05	
900	7.968582E-06	-7.101475E-05	
901	8.879162E-06	-6.914505E-05	
902	9.689349E-06	-6.710505E-05	
903	0.000000E+00	-7.278535E-05	
904	1.224029E-06	-7.261979E-05	
905	2.407916E-06	-7.223875E-05	
906	3.571619E-06	-7.162505E-05	
907	4.704997E-06	-7.078105E-05	
908	5.796552E-06	-6.971428E-05	
909	6.833811E-06	-6.843692E-05	
910	7.803906E-06	-6.696627E-05	
911	8.694448E-06	-6.532512E-05	
912	9.494625E-06	-6.354166E-05	
913	0.000000E+00	-6.828680E-05	
914	1.191354E-06	-6.813867E-05	
915	2.342689E-06	-6.779863E-05	
916	3.473000E-06	-6.725207E-05	
917	4.572399E-06	-6.650258E-05	
918	5.630320E-06	-6.555857E-05	
919	6.635945E-06	-6.443244E-05	
920	7.578662E-06	-6.314064E-05	
921	8.448684E-06	-6.170371E-05	
922	9.237759E-06	-6.014597E-05	
923	0.000000E+00	-6.404683E-05	
924	1.149254E-06	-6.391553E-05	
925	2.259656E-06	-6.361474E-05	
926	3.349491E-06	-6.313190E-05	
927	4.409465E-06	-6.247105E-05	
928	5.430009E-06	-6.164056E-05	
929	6.401699E-06	-6.065223E-05	
930	7.315618E-06	-5.952112E-05	
931	8.163792E-06	-5.826539E-05	
932	8.939656E-06	-5.690602E-05	
933	0.000000E+00	-6.005640E-05	
934	1.101948E-06	-5.994079E-05	
935	2.166797E-06	-5.967636E-05	
936	3.212259E-06	-5.925225E-05	
937	4.229791E-06	-5.867248E-05	
938	5.210799E-06	-5.794492E-05	
939	6.147030E-06	-5.708039E-05	
940	7.030865E-06	-5.609234E-05	
941	7.855626E-06	-5.499671E-05	
942	8.615891E-06	-5.381156E-05	
943	0.000000E+00	-5.630169E-05	
944	1.052286E-06	-5.620037E-05	
945	2.069510E-06	-5.596894E-05	
946	3.068875E-06	-5.559795E-05	
947	4.042634E-06	-5.509117E-05	
948	4.983109E-06	-5.445576E-05	
949	5.883040E-06	-5.370142E-05	
950	6.735824E-06	-5.284003E-05	
951	7.535745E-06	-5.188546E-05	
952	8.278184E-06	-5.085331E-05	
953	0.000000E+00	-5.276649E-05	
954	1.002164E-06	-5.267800E-05	
955	1.971398E-06	-5.247611E-05	
956	2.924414E-06	-5.215258E-05	
957	3.854255E-06	-5.171083E-05	
958	4.754077E-06	-5.115726E-05	
959	5.617470E-06	-5.050043E-05	
960	6.438653E-06	-4.975074E-05	
961	7.212648E-06	-4.892027E-05	
962	7.935428E-06	-4.802247E-05	
963	0.000000E+00	-4.943371E-05	
964	9.528302E-07	-4.935662E-05	
965	1.874840E-06	-4.918096E-05	
966	2.782257E-06	-4.889951E-05	
967	3.668869E-06	-4.851532E-05	
968	4.528585E-06	-4.803404E-05	
969	5.355729E-06	-4.746315E-05	
970	6.145202E-06	-4.681176E-05	
971	6.892615E-06	-4.609034E-05	
972	7.594406E-06	-4.531053E-05	
973	0.000000E+00	-4.628630E-05	
974	9.050956E-07	-4.621930E-05	
975	1.781395E-06	-4.606678E-05	
976	2.644640E-06	-4.582245E-05	
977	3.489302E-06	-4.548899E-05	
978	4.309966E-06	-4.507133E-05	
979	5.101597E-06	-4.457604E-05	
980	5.859675E-06	-4.401101E-05	
981	6.580302E-06	-4.338535E-05	
982	7.260292E-06	-4.270917E-05	
983	0.000000E+00	-4.330778E-05	
984	8.594794E-07	-4.324966E-05	
985	1.692068E-06	-4.311751E-05	
986	2.513020E-06	-4.290581E-05	
987	3.317427E-06	-4.261693E-05	
988	4.100480E-06	-4.225516E-05	
989	4.857704E-06	-4.182622E-05	
990	5.585083E-06	-4.133699E-05	
991	6.279138E-06	-4.079539E-05	
992	6.937008E-06	-4.021018E-05	
993	0.000000E+00	-4.048253E-05	
994	8.163049E-07	-4.043221E-05	
995	1.607491E-06	-4.031792E-05	
996	2.388326E-06	-4.013486E-05	
997	3.154463E-06	-3.988507E-05	
998	3.901629E-06	-3.957232E-05	
999	4.625851E-06	-3.920157E-05	
1000	5.323550E-06	-3.877881E-05	
1001	5.991620E-06	-3.831092E-05	
1002	6.627483E-06	-3.780554E-05	
1003	8.374502E-06	0.000000E+00	
1004	8.766955E-06	0.000000E+00	
1005	9.160089E-06	0.000000E+00	
1006	9.554623E-06	0.000000E+00	
1007	9.951268E-06	0.000000E+00	
1008	1.035069E-05	0.000000E+00	
1009	8.375503E-06	-6.644126E-07	
1010	8.767924E-06	-6.653514E-07	
1011	9.161022E-06	-6.668401E-07	
1012	9.555518E-06	-6.688839E-07	
1013	9.952125E-06	-6.714729E-07	
1014	1.035151E-05	-6.745596E-07	
1015	8.378506E-06	-1.328799E-06	
1016	8.770833E-06	-1.330668E-06	
1017	9.163826E-06	-1.333639E-06	
1018	9.558209E-06	-1.337721E-06	
1019	9.954699E-06	-1.342900E-06	
1020	1.035398E-05	-1.349084E-06	
1021	8.383517E-06	-1.993133E-06	
1022	8.775684E-06	-1.995916E-06	
1023	9.168504E-06	-2.000355E-06	
1024	9.562700E-06	-2.006465E-06	
1025	9.958994E-06	-2.014231E-06	
1026	1.035811E-05	-2.023540E-06	
1027	8.390543E-06	-2.657388E-06	
1028	8.782487E-06	-2.661060E-06	
1029	9.175063E-06	-2.666950E-06	
1030	9.569008E-06	-2.675070E-06	
1031	9.965022E-06	-2.685414E-06	
1032	1.036390E-05	-2.697900E-06	
1033	8.399595E-06	-3.321537E-06	
1034	8.791251E-06	-3.326065E-06	
1035	9.183511E-06	-3.333380E-06	
1036	9.577129E-06	-3.343502E-06	
1037	9.972841E-06	-3.356379E-06	
1038	1.037132E-05	-3.372136E-06	
1039	8.431124E-06	-4.981279E-06	
1040	8.821779E-06	-4.987737E-06	
1041	9.212942E-06	-4.998466E-06	
1042	9.605423E-06	-5.013493E-06	
1043	1.000002E-05	-5.032762E-06	
1044	1.039745E-05	-5.056026E-06	
1045	8.475712E-06	-6.639736E-06	
1046	8.864922E-06	-6.647716E-06	
1047	9.254496E-06	-6.661557E-06	
1048	9.645310E-06	-6.681313E-06	
1049	1.003823E-05	-6.706876E-06	
1050	1.043410E-05	-6.737956E-06	
1051	8.533788E-06	-8.296414E-06	
1052	8.921084E-06	-8.305346E-06	
1053	9.308547E-06	-8.321878E-06	
1054	9.697146E-06	-8.346098E-06	
1055	1.008786E-05	-8.377901E-06	
1056	1.048166E-05	-8.416980E-06	
1057	8.605895E-06	-9.950774E-06	
1058	8.990776E-06	-9.959912E-06	
1059	9.375572E-06	-9.978575E-06	
1060	9.761375E-06	-1.000691E-05	
1061	1.014930E-05	-1.004486E-05	
1062	1.054045E-05	-1.009208E-05	
1063	8.692662E-06	-1.160222E-05	
1064	9.074586E-06	-1.161062E-05	
1065	9.456114E-06	-1.163069E-05	
1066	9.838479E-06	-1.166269E-05	
1067	1.022295E-05	-1.170659E-05	
1068	1.061081E-05	-1.176209E-05	
1069	8.794786E-06	-1.325008E-05	
1070	9.173161E-06	-1.325656E-05	
1071	9.550756E-06	-1.327714E-05	
1072	9.928971E-06	-1.331219E-05	
1073	1.030926E-05	-1.336179E-05	
1074	1.069310E-05	-1.342565E-05	
1075	8.912997E-06	-1.489360E-05	
1076	9.287170E-06	-1.489672E-05	
1077	9.660098E-06	-1.491667E-05	
1078	1.003337E-05	-1.495400E-05	
1079	1.040866E-05	-1.500888E-05	
1080	1.078766E-05	-1.508114E-05	
1081	9.048021E-06	-1.653192E-05	
1082	9.417273E-06	-1.652993E-05	
1083	9.784722E-06	-1.654785E-05	
1084	1.015217E-05	-1.658645E-05	
1085	1.052153E-05	-1.664607E-05	
1086	1.089477E-05	-1.672665E-05	
1087	9.200538E-06	-1.816406E-05	
1088	9.564073E-06	-1.815486E-05	
1089	9.925142E-06	-1.816905E-05	
1090	1.028579E-05	-1.820764E-05	
1091	1.064819E-05	-1.827124E-05	
1092	1.101461E-05	-1.835994E-05	
1093	9.371125E-06	-1.978890E-05	
1094	9.728062E-06	-1.977000E-05	
1095	1.008175E-05	-1.977837E-05	
1096	1.043450E-05	-1.981539E-05	
1097	1.078878E-05	-1.988194E-05	
1098	1.114720E-05	-1.997836E-05	
1099	9.560180E-06	-2.140518E-05	
1100	9.909549E-06	-2.137361E-05	
1101	1.025476E-05	-2.137367E-05	
1102	1.059840E-05	-2.140716E-05	
1103	1.094327E-05	-2.147533E-05	
1104	1.129234E-05	-2.157884E-05	
1105	9.767848E-06	-2.301146E-05	
1106	1.010858E-05	-2.296373E-05	
1107	1.044409E-05	-2.295251E-05	
1108	1.077729E-05	-2.298008E-05	
1109	1.111132E-05	-2.304815E-05	
1110	1.144954E-05	-2.315778E-05	
1111	9.993908E-06	-2.460608E-05	
1112	1.032482E-05	-2.453815E-05	
1113	1.064931E-05	-2.451213E-05	
1114	1.097060E-05	-2.453088E-05	
1115	1.129219E-05	-2.459666E-05	
1116	1.161788E-05	-2.471105E-05	
1117	1.023766E-05	-2.618720E-05	
1118	1.055745E-05	-2.609438E-05	
1119	1.086946E-05	-2.604941E-05	
1120	1.117723E-05	-2.605584E-05	
1121	1.148465E-05	-2.611659E-05	
1122	1.179596E-05	-2.623389E-05	
1123	1.049776E-05	-2.775270E-05	
1124	1.080501E-05	-2.762960E-05	
1125	1.110296E-05	-2.756085E-05	
1126	1.139547E-05	-2.755079E-05	
1127	1.168682E-05	-2.760315E-05	
1128	1.198171E-05	-2.772088E-05	
1129	1.077208E-05	-2.930021E-05	
1130	1.106524E-05	-2.914067E-05	
1131	1.134742E-05	-2.904256E-05	
1132	1.162279E-05	-2.901110E-05	
1133	1.189603E-05	-2.905092E-05	
1134	1.217228E-05	-2.916592E-05	
1135	1.105749E-05	-3.082701E-05	
1136	1.133485E-05	-3.062410E-05	
1137	1.159941E-05	-3.049023E-05	
1138	1.185565E-05	-3.043162E-05	
1139	1.210859E-05	-3.045392E-05	
1140	1.236381E-05	-3.056212E-05	
1141	4.353095E-06	0.000000E+00	
1142	4.769736E-06	0.000000E+00	
1143	5.182469E-06	0.000000E+00	
1144	5.591394E-06	0.000000E+00	
1145	5.996704E-06	0.000000E+00	
1146	6.398686E-06	0.000000E+00	
1147	6.797715E-06	0.000000E+00	
1148	7.194248E-06	0.000000E+00	
1149	7.588817E-06	0.000000E+00	
1150	7.982019E-06	0.000000E+00	
1151	4.354006E-06	-6.776160E-07	
1152	4.770698E-06	-6.752445E-07	
1153	5.183472E-06	-6.729406E-07	
1154	5.592428E-06	-6.707697E-07	
1155	5.997760E-06	-6.687972E-07	
1156	6.399754E-06	-6.670866E-07	
1157	6.798785E-06	-6.656989E-07	
1158	7.195312E-06	-6.646906E-07	
1159	7.589866E-06	-6.641125E-07	
1160	7.983046E-06	-6.640082E-07	
1161	4.356743E-06	-1.355354E-06	
1162	4.773588E-06	-1.350595E-06	
1163	5.186485E-06	-1.345971E-06	
1164	5.595534E-06	-1.341612E-06	
1165	6.000930E-06	-1.337650E-06	
1166	6.402958E-06	-1.334213E-06	
1167	6.801996E-06	-1.331422E-06	
1168	7.198503E-06	-1.329391E-06	
1169	7.593015E-06	-1.328221E-06	
1170	7.986131E-06	-1.328000E-06	
1171	4.361310E-06	-2.033334E-06	
1172	4.778409E-06	-2.026156E-06	
1173	5.191512E-06	-2.019179E-06	
1174	5.600717E-06	-2.012600E-06	
1175	6.006219E-06	-2.006616E-06	
1176	6.408306E-06	-2.001420E-06	
1177	6.807355E-06	-1.997194E-06	
1178	7.203830E-06	-1.994110E-06	
1179	7.598269E-06	-1.992322E-06	
1180	7.991278E-06	-1.991961E-06	
1181	4.367716E-06	-2.711681E-06	
1182	4.785171E-06	-2.702036E-06	
1183	5.198562E-06	-2.692657E-06	
1184	5.607986E-06	-2.683808E-06	
1185	6.013638E-06	-2.675751E-06	
1186	6.415805E-06	-2.668747E-06	
1187	6.814870E-06	-2.663039E-06	
1188	7.211300E-06	-2.658859E-06	
1189	7.605637E-06	-2.656411E-06	
1190	7.998495E-06	-2.655873E-06	
1191	4.375971E-06	-3.390518E-06	
1192	4.793886E-06	-3.378342E-06	
1193	5.207649E-06	-3.366495E-06	
1194	5.617355E-06	-3.355308E-06	
1195	6.023199E-06	-3.345113E-06	
1196	6.425471E-06	-3.336235E-06	
1197	6.824556E-06	-3.328983E-06	
1198	7.220926E-06	-3.323646E-06	
1199	7.615132E-06	-3.320484E-06	
1200	8.007796E-06	-3.319720E-06	
1201	4.404686E-06	-5.090688E-06	
1202	4.824203E-06	-5.071789E-06	
1203	5.239261E-06	-5.053363E-06	
1204	5.649951E-06	-5.035918E-06	
1205	6.056468E-06	-5.019962E-06	
1206	6.459108E-06	-5.005993E-06	
1207	6.858268E-06	-4.994487E-06	
1208	7.254438E-06	-4.985889E-06	
1209	7.648193E-06	-4.980601E-06	
1210	8.040183E-06	-4.978970E-06	
1211	4.445346E-06	-6.796703E-06	
1212	4.867131E-06	-6.770321E-06	
1213	5.284023E-06	-6.744533E-06	
1214	5.696105E-06	-6.720034E-06	
1215	6.103573E-06	-6.697522E-06	
1216	6.506732E-06	-6.677681E-06	
1217	6.905995E-06	-6.661168E-06	
1218	7.301875E-06	-6.648596E-06	
1219	7.694981E-06	-6.640524E-06	
1220	8.086005E-06	-6.637438E-06	
1221	4.498374E-06	-8.510674E-06	
1222	4.923117E-06	-8.475777E-06	
1223	5.342400E-06	-8.441561E-06	
1224	5.756297E-06	-8.408927E-06	
1225	6.165004E-06	-8.378777E-06	
1226	6.568837E-06	-8.352000E-06	
1227	6.968227E-06	-8.329450E-06	
1228	7.363720E-06	-8.311931E-06	
1229	7.755968E-06	-8.300176E-06	
1230	8.145714E-06	-8.294825E-06	
1231	4.564300E-06	-1.023485E-05	
1232	4.992720E-06	-1.019011E-05	
1233	5.414975E-06	-1.014611E-05	
1234	5.831128E-06	-1.010395E-05	
1235	6.241373E-06	-1.006478E-05	
1236	6.646037E-06	-1.002970E-05	
1237	7.045578E-06	-9.999792E-06	
1238	7.440579E-06	-9.976071E-06	
1239	7.831743E-06	-9.959467E-06	
1240	8.219879E-06	-9.950804E-06	
1241	4.643754E-06	-1.197163E-05	
1242	5.076604E-06	-1.191544E-05	
1243	5.502439E-06	-1.185996E-05	
1244	5.921306E-06	-1.180658E-05	
1245	6.333398E-06	-1.175666E-05	
1246	6.739057E-06	-1.171159E-05	
1247	7.138769E-06	-1.167269E-05	
1248	7.533162E-06	-1.164120E-05	
1249	7.922998E-06	-1.161830E-05	
1250	8.309165E-06	-1.160501E-05	
1251	4.737447E-06	-1.372365E-05	
1252	5.175516E-06	-1.365404E-05	
1253	5.605567E-06	-1.358507E-05	
1254	6.027628E-06	-1.351839E-05	
1255	6.441890E-06	-1.345567E-05	
1256	6.848710E-06	-1.339857E-05	
1257	7.248608E-06	-1.334868E-05	
1258	7.642261E-06	-1.330754E-05	
1259	8.030502E-06	-1.327657E-05	
1260	8.414308E-06	-1.325705E-05	
1261	4.846154E-06	-1.549374E-05	
1262	5.290271E-06	-1.540840E-05	
1263	5.725203E-06	-1.532354E-05	
1264	6.150957E-06	-1.524113E-05	
1265	6.567722E-06	-1.516315E-05	
1266	6.975870E-06	-1.509158E-05	
1267	7.375958E-06	-1.502835E-05	
1268	7.768722E-06	-1.497529E-05	
1269	8.155073E-06	-1.493414E-05	
1270	8.536088E-06	-1.490645E-05	
1271	4.970697E-06	-1.728500E-05	
1272	5.421726E-06	-1.718123E-05	
1273	5.862231E-06	-1.707768E-05	
1274	6.292194E-06	-1.697668E-05	
1275	6.711800E-06	-1.688058E-05	
1276	7.121439E-06	-1.679170E-05	
1277	7.521709E-06	-1.671234E-05	
1278	7.913409E-06	-1.664470E-05	
1279	8.297539E-06	-1.659086E-05	
1280	8.675287E-06	-1.655270E-05	
1281	5.111912E-06	-1.910084E-05	
1282	5.570750E-06	-1.897550E-05	
1283	6.017542E-06	-1.885003E-05	
1284	6.452241E-06	-1.872713E-05	
1285	6.875026E-06	-1.860957E-05	
1286	7.286309E-06	-1.850007E-05	
1287	7.686731E-06	-1.840136E-05	
1288	8.077162E-06	-1.831602E-05	
1289	8.458698E-06	-1.824655E-05	
1290	8.832651E-06	-1.819521E-05	
1291	5.270625E-06	-2.094496E-05	
1292	5.738193E-06	-2.079446E-05	
1293	6.191997E-06	-2.064334E-05	
1294	6.631958E-06	-2.049474E-05	
1295	7.058252E-06	-2.035187E-05	
1296	7.471310E-06	-2.021795E-05	
1297	7.871823E-06	-2.009614E-05	
1298	8.260739E-06	-1.998951E-05	
1299	8.639258E-06	-1.990098E-05	
1300	9.008826E-06	-1.983329E-05	
1301	5.447606E-06	-2.282138E-05	
1302	5.924837E-06	-2.264162E-05	
1303	6.386378E-06	-2.246059E-05	
1304	6.832115E-06	-2.228194E-05	
1305	7.262221E-06	-2.210940E-05	
1306	7.677152E-06	-2.194668E-05	
1307	8.077653E-06	-2.179749E-05	
1308	8.464755E-06	-2.166541E-05	
1309	8.839772E-06	-2.155389E-05	
1310	9.204294E-06	-2.146616E-05	
1311	5.643534E-06	-2.473447E-05	
1312	6.131355E-06	-2.452079E-05	
1313	6.601335E-06	-2.430502E-05	
1314	7.053330E-06	-2.409138E-05	
1315	7.487508E-06	-2.388417E-05	
1316	7.904356E-06	-2.368770E-05	
1317	8.304679E-06	-2.350625E-05	
1318	8.689599E-06	-2.334398E-05	
1319	9.060554E-06	-2.320494E-05	
1320	9.419288E-06	-2.309292E-05	
1321	5.858945E-06	-2.668897E-05	
1322	6.358248E-06	-2.643607E-05	
1323	6.837324E-06	-2.618009E-05	
1324	7.295996E-06	-2.592588E-05	
1325	7.734436E-06	-2.567837E-05	
1326	8.153166E-06	-2.544252E-05	
1327	8.553060E-06	-2.522326E-05	
1328	8.935343E-06	-2.502543E-05	
1329	9.301582E-06	-2.485371E-05	
1330	9.653689E-06	-2.471253E-05	
1331	6.094175E-06	-2.868994E-05	
1332	6.605785E-06	-2.839185E-05	
1333	7.094530E-06	-2.808949E-05	
1334	7.560204E-06	-2.778840E-05	
1335	8.002988E-06	-2.749423E-05	
1336	8.423453E-06	-2.721267E-05	
1337	8.822552E-06	-2.694938E-05	
1338	9.201624E-06	-2.670991E-05	
1339	9.562381E-06	-2.649966E-05	
1340	9.906908E-06	-2.632379E-05	
1341	6.349293E-06	-3.074277E-05	
1342	6.873928E-06	-3.039277E-05	
1343	7.372787E-06	-3.003708E-05	
1344	7.845644E-06	-2.968204E-05	
1345	8.292705E-06	-2.933409E-05	
1346	8.714600E-06	-2.899972E-05	
1347	9.112382E-06	-2.868539E-05	
1348	9.487519E-06	-2.839746E-05	
1349	9.841880E-06	-2.814211E-05	
1350	1.017774E-05	-2.792531E-05	
1351	6.624034E-06	-3.285319E-05	
1352	7.162249E-06	-3.244371E-05	
1353	7.671483E-06	-3.202689E-05	
1354	8.151504E-06	-3.160996E-05	
1355	8.602561E-06	-3.120025E-05	
1356	9.025370E-06	-3.080515E-05	
1357	9.421104E-06	-3.043199E-05	
1358	9.791383E-06	-3.008799E-05	
1359	1.013826E-05	-2.978020E-05	
1360	1.046419E-05	-2.951544E-05	
1361	6.917714E-06	-3.502718E-05	
1362	7.469836E-06	-3.454970E-05	
1363	7.989450E-06	-3.406301E-05	
1364	8.476344E-06	-3.357532E-05	
1365	8.930834E-06	-3.309498E-05	
1366	9.353755E-06	-3.263032E-05	
1367	9.746437E-06	-3.218967E-05	
1368	1.011068E-05	-3.178117E-05	
1369	1.044874E-05	-3.141280E-05	
1370	1.076330E-05	-3.109227E-05	
1372	4.538204E-07	0.000000E+00	
1373	8.963214E-07	0.000000E+00	
1374	1.337509E-06	0.000000E+00	
1375	1.776944E-06	0.000000E+00	
1376	2.214144E-06	0.000000E+00	
1377	2.648664E-06	0.000000E+00	
1378	3.080110E-06	0.000000E+00	
1379	3.508153E-06	0.000000E+00	
1380	3.932539E-06	0.000000E+00	
1381	0.000000E+00	-6.928748E-07	
1382	4.539333E-07	-6.926155E-07	
1383	8.965429E-07	-6.920402E-07	
1384	1.337837E-06	-6.911226E-07	
1385	1.777374E-06	-6.898790E-07	
1386	2.214672E-06	-6.883367E-07	
1387	2.649284E-06	-6.865311E-07	
1388	3.080815E-06	-6.845047E-07	
1389	3.508936E-06	-6.823065E-07	
1390	3.933390E-06	-6.799907E-07	
1391	0.000000E+00	-1.385960E-06	
1392	4.542721E-07	-1.385440E-06	
1393	8.972080E-07	-1.384286E-06	
1394	1.338821E-06	-1.382446E-06	
1395	1.778665E-06	-1.379952E-06	
1396	2.216257E-06	-1.376859E-06	
1397	2.651145E-06	-1.373238E-06	
1398	3.082931E-06	-1.369173E-06	
1399	3.511284E-06	-1.364764E-06	
1400	3.935946E-06	-1.360118E-06	
1401	0.000000E+00	-2.079467E-06	
1402	4.548374E-07	-2.078684E-06	
1403	8.983178E-07	-2.076946E-06	
1404	1.340462E-06	-2.074173E-06	
1405	1.780820E-06	-2.070415E-06	
1406	2.218901E-06	-2.065754E-06	
1407	2.654249E-06	-2.060296E-06	
1408	3.086462E-06	-2.054170E-06	
1409	3.515203E-06	-2.047523E-06	
1410	3.940212E-06	-2.040519E-06	
1411	0.000000E+00	-2.773609E-06	
1412	4.556302E-07	-2.772558E-06	
1413	8.998744E-07	-2.770225E-06	
1414	1.342764E-06	-2.766505E-06	
1415	1.783842E-06	-2.761463E-06	
1416	2.222609E-06	-2.755207E-06	
1417	2.658603E-06	-2.747883E-06	
1418	3.091414E-06	-2.739660E-06	
1419	3.520700E-06	-2.730737E-06	
1420	3.946194E-06	-2.721332E-06	
1421	0.000000E+00	-3.468599E-06	
1422	4.566520E-07	-3.467274E-06	
1423	9.018804E-07	-3.464335E-06	
1424	1.345731E-06	-3.459647E-06	
1425	1.787737E-06	-3.453293E-06	
1426	2.227388E-06	-3.445409E-06	
1427	2.664214E-06	-3.436177E-06	
1428	3.097796E-06	-3.425810E-06	
1429	3.527783E-06	-3.414558E-06	
1430	3.953904E-06	-3.402695E-06	
1431	0.000000E+00	-5.211373E-06	
1432	4.602047E-07	-5.209333E-06	
1433	9.088558E-07	-5.204800E-06	
1434	1.356049E-06	-5.197569E-06	
1435	1.801281E-06	-5.187765E-06	
1436	2.244009E-06	-5.175598E-06	
1437	2.683728E-06	-5.161340E-06	
1438	3.119991E-06	-5.145323E-06	
1439	3.552421E-06	-5.127922E-06	
1440	3.980722E-06	-5.109559E-06	
1441	0.000000E+00	-6.964257E-06	
1442	4.652353E-07	-6.961435E-06	
1443	9.187326E-07	-6.955160E-06	
1444	1.370658E-06	-6.945148E-06	
1445	1.820458E-06	-6.931568E-06	
1446	2.267542E-06	-6.914707E-06	
1447	2.711359E-06	-6.894937E-06	
1448	3.151419E-06	-6.872708E-06	
1449	3.587307E-06	-6.848536E-06	
1450	4.018694E-06	-6.822994E-06	
1451	0.000000E+00	-8.730877E-06	
1452	4.717959E-07	-8.727186E-06	
1453	9.316134E-07	-8.718968E-06	
1454	1.389710E-06	-8.705852E-06	
1455	1.845468E-06	-8.688054E-06	
1456	2.298233E-06	-8.665943E-06	
1457	2.747394E-06	-8.639999E-06	
1458	3.192405E-06	-8.610800E-06	
1459	3.632803E-06	-8.579010E-06	
1460	4.068216E-06	-8.545368E-06	
1461	0.000000E+00	-1.051508E-05	
1462	4.799524E-07	-1.051041E-05	
1463	9.476274E-07	-1.049999E-05	
1464	1.413397E-06	-1.048336E-05	
1465	1.876562E-06	-1.046078E-05	
1466	2.336390E-06	-1.043271E-05	
1467	2.792194E-06	-1.039975E-05	
1468	3.243362E-06	-1.036261E-05	
1469	3.689367E-06	-1.032212E-05	
1470	4.129785E-06	-1.027920E-05	
1471	0.000000E+00	-1.232099E-05	
1472	4.897835E-07	-1.231520E-05	
1473	9.669290E-07	-1.230226E-05	
1474	1.441946E-06	-1.228161E-05	
1475	1.914038E-06	-1.225355E-05	
1476	2.382378E-06	-1.221865E-05	
1477	2.846190E-06	-1.217763E-05	
1478	3.304777E-06	-1.213136E-05	
1479	3.757539E-06	-1.208084E-05	
1480	4.203987E-06	-1.202720E-05	
1481	0.000000E+00	-1.415305E-05	
1482	5.013789E-07	-1.414597E-05	
1483	9.896943E-07	-1.413014E-05	
1484	1.475618E-06	-1.410485E-05	
1485	1.958239E-06	-1.407049E-05	
1486	2.436617E-06	-1.402771E-05	
1487	2.909870E-06	-1.397738E-05	
1488	3.377204E-06	-1.392054E-05	
1489	3.837933E-06	-1.385840E-05	
1490	4.291491E-06	-1.379228E-05	
1491	0.000000E+00	-1.601610E-05	
1492	5.148382E-07	-1.600754E-05	
1493	1.016119E-06	-1.598836E-05	
1494	1.514701E-06	-1.595772E-05	
1495	2.009540E-06	-1.591606E-05	
1496	2.499566E-06	-1.586416E-05	
1497	2.983773E-06	-1.580305E-05	
1498	3.461255E-06	-1.573395E-05	
1499	3.931223E-06	-1.565829E-05	
1500	4.393024E-06	-1.557764E-05	
1501	0.000000E+00	-1.791539E-05	
1502	5.302688E-07	-1.790512E-05	
1503	1.046412E-06	-1.788208E-05	
1504	1.559504E-06	-1.784524E-05	
1505	2.068347E-06	-1.779514E-05	
1506	2.571720E-06	-1.773268E-05	
1507	3.068477E-06	-1.765906E-05	
1508	3.557581E-06	-1.757572E-05	
1509	4.038127E-06	-1.748434E-05	
1510	4.509362E-06	-1.738676E-05	
1511	0.000000E+00	-1.985670E-05	
1512	5.477835E-07	-1.984444E-05	
1513	1.080795E-06	-1.981693E-05	
1514	1.610353E-06	-1.977293E-05	
1515	2.135084E-06	-1.971305E-05	
1516	2.653596E-06	-1.963835E-05	
1517	3.164581E-06	-1.955023E-05	
1518	3.666857E-06	-1.945037E-05	
1519	4.159384E-06	-1.934071E-05	
1520	4.641297E-06	-1.922342E-05	
1521	0.000000E+00	-2.184631E-05	
1522	5.674980E-07	-2.183178E-05	
1523	1.119495E-06	-2.179909E-05	
1524	1.667580E-06	-2.174681E-05	
1525	2.210182E-06	-2.167562E-05	
1526	2.745716E-06	-2.158677E-05	
1527	3.272692E-06	-2.148185E-05	
1528	3.789759E-06	-2.136284E-05	
1529	4.295733E-06	-2.123197E-05	
1530	4.789617E-06	-2.109177E-05	
1531	0.000000E+00	-2.389115E-05	
1532	5.895278E-07	-2.387398E-05	
1533	1.162735E-06	-2.383532E-05	
1534	1.731514E-06	-2.377348E-05	
1535	2.294069E-06	-2.368923E-05	
1536	2.848596E-06	-2.358402E-05	
1537	3.393401E-06	-2.345969E-05	
1538	3.926946E-06	-2.331852E-05	
1539	4.447882E-06	-2.316309E-05	
1540	4.955070E-06	-2.299633E-05	
1541	0.000000E+00	-2.599876E-05	
1542	6.139846E-07	-2.597857E-05	
1543	1.210734E-06	-2.593303E-05	
1544	1.802472E-06	-2.586015E-05	
1545	2.387152E-06	-2.576086E-05	
1546	2.962723E-06	-2.563677E-05	
1547	3.527264E-06	-2.549004E-05	
1548	4.079028E-06	-2.532328E-05	
1549	4.616480E-06	-2.513949E-05	
1550	5.138326E-06	-2.494200E-05	
1551	0.000000E+00	-2.817742E-05	
1552	6.409728E-07	-2.815375E-05	
1553	1.263694E-06	-2.810029E-05	
1554	1.880747E-06	-2.801473E-05	
1555	2.489804E-06	-2.789810E-05	
1556	3.088540E-06	-2.775228E-05	
1557	3.674777E-06	-2.757976E-05	
1558	4.246535E-06	-2.738353E-05	
1559	4.802078E-06	-2.716703E-05	
1560	5.339938E-06	-2.693411E-05	
1561	0.000000E+00	-3.043616E-05	
1562	6.705840E-07	-3.040849E-05	
1563	1.321790E-06	-3.034594E-05	
1564	1.966593E-06	-3.024580E-05	
1565	2.602345E-06	-3.010925E-05	
1566	3.226415E-06	-2.993847E-05	
1567	3.836340E-06	-2.973629E-05	
1568	4.429884E-06	-2.950617E-05	
1569	5.005084E-06	-2.925206E-05	
1570	5.560287E-06	-2.897838E-05	
1571	0.000000E+00	-3.278485E-05	
1572	7.028924E-07	-3.275260E-05	
1573	1.385163E-06	-3.267961E-05	
1574	2.060206E-06	-3.256273E-05	
1575	2.725016E-06	-3.240334E-05	
1576	3.376618E-06	-3.220390E-05	
1577	4.012231E-06	-3.196770E-05	
1578	4.629335E-06	-3.169869E-05	
1579	5.225722E-06	-3.140142E-05	
1580	5.799533E-06	-3.108094E-05	
1581	0.000000E+00	-3.523420E-05	
1582	7.379466E-07	-3.519671E-05	
1583	1.453905E-06	-3.511176E-05	
1584	2.161709E-06	-3.497571E-05	
1585	2.857955E-06	-3.479014E-05	
1586	3.539284E-06	-3.455788E-05	
1587	4.202561E-06	-3.428270E-05	
1588	4.844950E-06	-3.396913E-05	
1589	5.463971E-06	-3.362241E-05	
1590	6.057546E-06	-3.324833E-05	
1591	0.000000E+00	-3.779588E-05	
1592	7.757615E-07	-3.775241E-05	
1593	1.528037E-06	-3.765377E-05	
1594	2.271121E-06	-3.749578E-05	
1595	3.001164E-06	-3.728024E-05	
1596	3.714377E-06	-3.701042E-05	
1597	4.407227E-06	-3.669064E-05	
1598	5.076529E-06	-3.632611E-05	
1599	5.719505E-06	-3.592282E-05	
1600	6.333839E-06	-3.548744E-05	
