stress
2
1489
-1
0
0.36893026826330244
266.7300497677104
1	-3.285142E+01	-8.080583E+01	3.223158E-01	
2	-3.359114E+01	-8.138555E+01	2.227221E-01	
3	-3.457944E+01	-8.230385E+01	3.936457E-01	
4	-3.620830E+01	-8.392013E+01	6.058239E-01	
5	-3.868578E+01	-8.638091E+01	9.046499E-01	
6	-4.240386E+01	-9.016726E+01	1.333911E+00	
7	-4.806136E+01	-9.576475E+01	2.127617E+00	
8	-5.729235E+01	-1.068657E+02	3.345838E+00	
9	-7.415868E+01	-1.175694E+02	6.929700E+00	
10	-1.143994E+02	-2.386663E+02	3.310712E+01	
11	-3.463910E+01	-8.001077E+01	4.830623E-01	
12	-3.518210E+01	-8.057402E+01	7.198233E-01	
13	-3.620589E+01	-8.160550E+01	1.187697E+00	
14	-3.780220E+01	-8.330218E+01	1.818972E+00	
15	-4.017570E+01	-8.594203E+01	2.678721E+00	
16	-4.359456E+01	-8.989539E+01	3.937416E+00	
17	-4.859027E+01	-9.659684E+01	5.980498E+00	
18	-5.551319E+01	-1.060988E+02	9.183493E+00	
19	-6.688238E+01	-1.375187E+02	2.128157E+01	
20	-4.556252E+01	-1.912480E+02	7.839073E+00	
21	-3.613011E+01	-7.977854E+01	6.136904E-01	
22	-3.655955E+01	-8.034778E+01	1.156895E+00	
23	-3.748900E+01	-8.149346E+01	1.932126E+00	
24	-3.892596E+01	-8.337931E+01	2.922609E+00	
25	-4.095745E+01	-8.628491E+01	4.233316E+00	
26	-4.371704E+01	-9.085267E+01	6.087202E+00	
27	-4.711471E+01	-9.789915E+01	8.681012E+00	
28	-5.116853E+01	-1.115357E+02	1.347073E+01	
29	-4.692996E+01	-1.393654E+02	1.631583E+01	
30	-3.046995E+01	-1.614356E+02	-8.751299E+00	
31	-3.735908E+01	-8.003261E+01	7.268409E-01	
32	-3.767808E+01	-8.064006E+01	1.525740E+00	
33	-3.846201E+01	-8.192331E+01	2.557988E+00	
34	-3.963289E+01	-8.403112E+01	3.813455E+00	
35	-4.117954E+01	-8.731663E+01	5.403021E+00	
36	-4.297450E+01	-9.235059E+01	7.449260E+00	
37	-4.473059E+01	-1.004772E+02	1.017872E+01	
38	-4.426930E+01	-1.146190E+02	1.280998E+01	
39	-3.709309E+01	-1.349464E+02	8.402431E+00	
40	-2.880025E+01	-1.418849E+02	-1.560501E+01	
41	-3.834771E+01	-8.070793E+01	8.138244E-01	
42	-3.855361E+01	-8.137163E+01	1.809611E+00	
43	-3.915880E+01	-8.279391E+01	3.023265E+00	
44	-4.001247E+01	-8.513060E+01	4.428408E+00	
45	-4.099354E+01	-8.873440E+01	6.076509E+00	
46	-4.182835E+01	-9.422754E+01	8.003031E+00	
47	-4.176739E+01	-1.027318E+02	9.958177E+00	
48	-3.917610E+01	-1.152595E+02	9.966548E+00	
49	-3.352548E+01	-1.286856E+02	2.301646E+00	
50	-3.082290E+01	-1.278902E+02	-1.773254E+01	
51	-3.945911E+01	-8.285031E+01	8.851686E-01	
52	-3.949038E+01	-8.360673E+01	2.071556E+00	
53	-3.977989E+01	-8.519793E+01	3.404143E+00	
54	-4.011456E+01	-8.775295E+01	4.793195E+00	
55	-4.032505E+01	-9.154441E+01	6.153240E+00	
56	-4.009117E+01	-9.694506E+01	7.210409E+00	
57	-3.886651E+01	-1.042159E+02	7.179722E+00	
58	-3.621604E+01	-1.125579E+02	4.304035E+00	
59	-3.325542E+01	-1.180387E+02	-3.756175E+00	
60	-3.399607E+01	-1.125952E+02	-1.642475E+01	
61	-4.035375E+01	-8.640196E+01	8.249138E-01	
62	-4.020134E+01	-8.719859E+01	1.978354E+00	
63	-4.012909E+01	-8.880853E+01	3.141458E+00	
64	-3.992614E+01	-9.127720E+01	4.145002E+00	
65	-3.945952E+01	-9.466938E+01	4.776936E+00	
66	-3.857675E+01	-9.891300E+01	4.643488E+00	
67	-3.723389E+01	-1.035030E+02	3.103941E+00	
68	-3.581598E+01	-1.070288E+02	-5.551709E-01	
69	-3.548858E+01	-1.069577E+02	-6.350902E+00	
70	-3.782583E+01	-1.008415E+02	-1.231269E+01	
71	-4.060085E+01	-8.989160E+01	6.392636E-01	
72	-4.037876E+01	-9.059452E+01	1.536510E+00	
73	-4.013147E+01	-9.194710E+01	2.337008E+00	
74	-3.972502E+01	-9.390469E+01	2.852765E+00	
75	-3.912506E+01	-9.635419E+01	2.874279E+00	
76	-3.835822E+01	-9.899494E+01	2.130351E+00	
77	-3.760497E+01	-1.012081E+02	3.600054E-01	
78	-3.729188E+01	-1.020067E+02	-2.462877E+00	
79	-3.802337E+01	-1.003126E+02	-5.771518E+00	
80	-4.013255E+01	-9.568596E+01	-8.238721E+00	
81	-4.052641E+01	-9.262854E+01	4.207710E-01	
82	-4.032546E+01	-9.315041E+01	1.003984E+00	
83	-4.005982E+01	-9.410235E+01	1.448373E+00	
84	-3.968023E+01	-9.539387E+01	1.600304E+00	
85	-3.921959E+01	-9.684801E+01	1.320009E+00	
86	-3.877217E+01	-9.815865E+01	4.898779E-01	
87	-3.851965E+01	-9.888060E+01	-9.112436E-01	
88	-3.871256E+01	-9.851023E+01	-2.693978E+00	
89	-3.955205E+01	-9.670181E+01	-4.378081E+00	
90	-4.099345E+01	-9.356396E+01	-5.270980E+00	
91	-4.034064E+01	-9.443646E+01	2.360055E-01	
92	-4.020490E+01	-9.476153E+01	5.554534E-01	
93	-4.000184E+01	-9.531604E+01	7.450281E-01	
94	-3.974047E+01	-9.601115E+01	7.026524E-01	
95	-3.947348E+01	-9.668900E+01	3.567659E-01	
96	-3.928865E+01	-9.712956E+01	-3.167787E-01	
97	-3.930216E+01	-9.708043E+01	-1.254658E+00	
98	-3.962230E+01	-9.633044E+01	-2.271818E+00	
99	-4.028273E+01	-9.482047E+01	-3.069305E+00	
100	-4.117341E+01	-9.274397E+01	-3.316407E+00	
101	-4.015376E+01	-9.546456E+01	1.121327E-01	
102	-4.008908E+01	-9.562522E+01	2.580436E-01	
103	-3.996771E+01	-9.586698E+01	3.058319E-01	
104	-3.982829E+01	-9.612689E+01	1.968706E-01	
105	-3.971635E+01	-9.629554E+01	-9.787466E-02	
106	-3.969090E+01	-9.624276E+01	-5.656896E-01	
107	-3.981126E+01	-9.584713E+01	-1.137201E+00	
108	-4.011239E+01	-9.504053E+01	-1.683694E+00	
109	-4.057491E+01	-9.385574E+01	-2.039433E+00	
110	-4.110620E+01	-9.245301E+01	-2.053383E+00	
111	-4.001037E+01	-9.598202E+01	4.783125E-02	
112	-4.000312E+01	-9.602629E+01	1.061565E-01	
113	-3.995092E+01	-9.605600E+01	1.000917E-01	
114	-3.990371E+01	-9.603742E+01	-1.279237E-03	
115	-3.989242E+01	-9.590679E+01	-2.070870E-01	
116	-3.995010E+01	-9.559867E+01	-4.981539E-01	
117	-4.010160E+01	-9.506608E+01	-8.234804E-01	
118	-4.035027E+01	-9.430342E+01	-1.105615E+00	
119	-4.066656E+01	-9.336428E+01	-1.258159E+00	
120	-4.098594E+01	-9.236393E+01	-1.213416E+00	
121	-3.992128E+01	-9.624568E+01	2.896594E-02	
122	-3.995306E+01	-9.621663E+01	6.368546E-02	
123	-3.994825E+01	-9.611648E+01	6.097428E-02	
124	-3.995990E+01	-9.593412E+01	3.985617E-03	
125	-4.000636E+01	-9.563793E+01	-1.099601E-01	
126	-4.010349E+01	-9.520187E+01	-2.670157E-01	
127	-4.025816E+01	-9.461751E+01	-4.369541E-01	
128	-4.046174E+01	-9.390487E+01	-5.782320E-01	
129	-4.068667E+01	-9.311778E+01	-6.483036E-01	
130	-4.088893E+01	-9.233985E+01	-6.170425E-01	
131	-3.988522E+01	-9.644458E+01	3.920840E-02	
132	-3.993969E+01	-9.637372E+01	9.047171E-02	
133	-3.996160E+01	-9.620000E+01	1.239345E-01	
134	-4.000500E+01	-9.592597E+01	1.279291E-01	
135	-4.008049E+01	-9.553835E+01	9.967441E-02	
136	-4.019470E+01	-9.503184E+01	4.436398E-02	
137	-4.034614E+01	-9.441649E+01	-2.537344E-02	
138	-4.052213E+01	-9.372283E+01	-9.202796E-02	
139	-4.069830E+01	-9.300246E+01	-1.377057E-01	
140	-4.084193E+01	-9.232267E+01	-1.495007E-01	
141	-3.990088E+01	-9.668995E+01	6.420007E-02	
142	-3.996482E+01	-9.659943E+01	1.518632E-01	
143	-3.999585E+01	-9.638939E+01	2.372448E-01	
144	-4.004991E+01	-9.606766E+01	3.094216E-01	
145	-4.013487E+01	-9.562740E+01	3.628143E-01	
146	-4.025416E+01	-9.507091E+01	3.932899E-01	
147	-4.040355E+01	-9.441530E+01	3.983530E-01	
148	-4.056921E+01	-9.369587E+01	3.774602E-01	
149	-4.072803E+01	-9.296527E+01	3.321242E-01	
150	-4.085102E+01	-9.228777E+01	2.658505E-01	
151	-3.997262E+01	-9.702036E+01	9.134955E-02	
152	-4.003375E+01	-9.692900E+01	2.178622E-01	
153	-4.005759E+01	-9.671319E+01	3.580126E-01	
154	-4.010340E+01	-9.637758E+01	5.009650E-01	
155	-4.018123E+01	-9.591097E+01	6.376697E-01	
156	-4.029607E+01	-9.531218E+01	7.541597E-01	
157	-4.044498E+01	-9.459715E+01	8.328612E-01	
158	-4.061438E+01	-9.380309E+01	8.556957E-01	
159	-4.078027E+01	-9.298830E+01	8.085065E-01	
160	-4.091120E+01	-9.222617E+01	6.858591E-01	
161	-4.011218E+01	-9.740395E+01	1.077143E-01	
162	-4.015617E+01	-9.733482E+01	2.576395E-01	
163	-4.015453E+01	-9.715108E+01	4.429575E-01	
164	-4.017180E+01	-9.684400E+01	6.553968E-01	
165	-4.022347E+01	-9.638527E+01	8.826991E-01	
166	-4.032118E+01	-9.575877E+01	1.100171E+00	
167	-4.046634E+01	-9.497002E+01	1.272877E+00	
168	-4.064831E+01	-9.405439E+01	1.361423E+00	
169	-4.084125E+01	-9.307917E+01	1.330301E+00	
170	-4.100641E+01	-9.213911E+01	1.159052E+00	
171	-4.033757E+01	-9.772816E+01	9.578623E-02	
172	-4.034270E+01	-9.771957E+01	2.325996E-01	
173	-4.029551E+01	-9.763054E+01	4.390124E-01	
174	-4.025940E+01	-9.742119E+01	7.147120E-01	
175	-4.026377E+01	-9.703183E+01	1.043621E+00	
176	-4.032404E+01	-9.641657E+01	1.387971E+00	
177	-4.045165E+01	-9.556048E+01	1.694365E+00	
178	-4.064321E+01	-9.448716E+01	1.896468E+00	
179	-4.087636E+01	-9.327155E+01	1.925763E+00	
180	-4.110213E+01	-9.204069E+01	1.731197E+00	
181	-4.066567E+01	-9.777638E+01	3.158681E-02	
182	-4.060266E+01	-9.790059E+01	8.490315E-02	
183	-4.047503E+01	-9.801901E+01	2.759882E-01	
184	-4.037603E+01	-9.802713E+01	6.101041E-01	
185	-4.031425E+01	-9.780388E+01	1.050554E+00	
186	-4.031561E+01	-9.727733E+01	1.547334E+00	
187	-4.038942E+01	-9.639913E+01	2.034368E+00	
188	-4.055881E+01	-9.516448E+01	2.424178E+00	
189	-4.082233E+01	-9.363313E+01	2.598931E+00	
190	-4.113091E+01	-9.196850E+01	2.442524E+00	
191	-4.110229E+01	-9.711342E+01	-1.651332E-01	
192	-4.086222E+01	-9.757414E+01	-2.886121E-01	
193	-4.068352E+01	-9.815541E+01	-1.325666E-01	
194	-4.050984E+01	-9.855387E+01	2.845695E-01	
195	-4.044646E+01	-9.861960E+01	8.564079E-01	
196	-4.037728E+01	-9.827030E+01	1.483330E+00	
197	-4.032152E+01	-9.748173E+01	2.160376E+00	
198	-4.036346E+01	-9.616160E+01	2.824863E+00	
199	-4.058939E+01	-9.428126E+01	3.290540E+00	
200	-4.096373E+01	-9.200331E+01	3.306287E+00	
201	-4.153908E+01	-9.496100E+01	-5.643124E-01	
202	-4.108748E+01	-9.629069E+01	-1.186514E+00	
203	-4.056482E+01	-9.792931E+01	-9.015842E-01	
204	-4.080067E+01	-9.903665E+01	-1.294438E-01	
205	-4.085749E+01	-9.930859E+01	5.019586E-01	
206	-4.073618E+01	-9.918353E+01	1.125012E+00	
207	-4.046982E+01	-9.866073E+01	1.861577E+00	
208	-4.015240E+01	-9.751551E+01	2.796707E+00	
209	-4.006059E+01	-9.539348E+01	3.786428E+00	
210	-4.042877E+01	-9.230030E+01	4.255229E+00	
211	-4.170886E+01	-8.636987E+01	-3.463586E+00	
212	-3.823663E+01	-9.338251E+01	-3.715941E+00	
213	-4.086490E+01	-9.853925E+01	-1.195545E+00	
214	-4.167254E+01	-9.936379E+01	-3.074423E-01	
215	-4.189699E+01	-9.963999E+01	1.555099E-01	
216	-4.175500E+01	-9.965372E+01	5.414526E-01	
217	-4.132165E+01	-9.947114E+01	1.043065E+00	
218	-4.059145E+01	-9.893042E+01	1.865265E+00	
219	-3.954850E+01	-9.722126E+01	3.335232E+00	
220	-3.903534E+01	-9.314501E+01	4.999412E+00	
221	-2.570880E+01	-5.410321E+01	-2.051214E+01	
222	-4.178264E+01	-9.931412E+01	-1.780048E+00	
223	-4.346378E+01	-9.916314E+01	-3.553044E-01	
224	-4.380852E+01	-9.945926E+01	-8.263558E-02	
225	-4.379742E+01	-9.944294E+01	1.246640E-03	
226	-4.365043E+01	-9.942683E+01	5.898476E-02	
227	-4.336197E+01	-9.939934E+01	1.472974E-01	
228	-4.281847E+01	-9.928080E+01	3.527241E-01	
229	-4.174765E+01	-9.901156E+01	9.549542E-01	
230	-3.920833E+01	-9.521565E+01	3.412660E+00	
231	-3.831849E+01	-9.925112E+01	-2.404360E+01	
232	-4.329699E+01	-8.539253E+01	-2.487581E+01	
233	-4.756446E+01	-7.160380E+01	-2.147040E+01	
234	-5.027413E+01	-6.013132E+01	-1.487715E+01	
235	-5.138534E+01	-5.240911E+01	-5.863436E+00	
236	-4.120597E+01	-9.270205E+01	-1.455623E+01	
237	-4.417270E+01	-8.597275E+01	-1.413469E+01	
238	-4.686380E+01	-7.942032E+01	-1.187407E+01	
239	-4.876000E+01	-7.409523E+01	-7.882021E+00	
240	-4.948004E+01	-7.112014E+01	-2.653834E+00	
241	-4.226911E+01	-9.087989E+01	-8.572828E+00	
242	-4.380023E+01	-8.744454E+01	-7.821616E+00	
243	-4.510011E+01	-8.434227E+01	-6.251140E+00	
244	-4.592031E+01	-8.196989E+01	-3.997654E+00	
245	-4.602829E+01	-8.057455E+01	-1.364987E+00	
246	-4.221014E+01	-9.074970E+01	-5.041602E+00	
247	-4.296967E+01	-8.893666E+01	-4.405517E+00	
248	-4.354239E+01	-8.736756E+01	-3.410690E+00	
249	-4.384028E+01	-8.618152E+01	-2.146228E+00	
250	-4.383018E+01	-8.549041E+01	-7.230416E-01	
251	-4.183605E+01	-9.105724E+01	-3.000068E+00	
252	-4.220237E+01	-9.004012E+01	-2.550548E+00	
253	-4.245367E+01	-8.918037E+01	-1.936726E+00	
254	-4.255903E+01	-8.854062E+01	-1.200806E+00	
255	-4.249571E+01	-8.816222E+01	-4.015696E-01	
256	-4.146331E+01	-9.139166E+01	-1.791003E+00	
257	-4.164047E+01	-9.077985E+01	-1.494957E+00	
258	-4.174684E+01	-9.027233E+01	-1.119482E+00	
259	-4.176842E+01	-8.989645E+01	-6.882360E-01	
260	-4.169981E+01	-8.967088E+01	-2.293058E-01	
261	-4.118086E+01	-9.164699E+01	-1.034588E+00	
262	-4.126525E+01	-9.124718E+01	-8.536320E-01	
263	-4.130417E+01	-9.091954E+01	-6.338773E-01	
264	-4.129210E+01	-9.067758E+01	-3.874656E-01	
265	-4.122660E+01	-9.052993E+01	-1.286899E-01	
266	-4.099977E+01	-9.180467E+01	-5.218501E-01	
267	-4.103868E+01	-9.151329E+01	-4.287379E-01	
268	-4.104616E+01	-9.127667E+01	-3.173055E-01	
269	-4.101960E+01	-9.110204E+01	-1.935266E-01	
270	-4.095836E+01	-9.099382E+01	-6.421098E-02	
271	-4.091212E+01	-9.186728E+01	-1.331239E-01	
272	-4.092958E+01	-9.162308E+01	-1.119313E-01	
273	-4.092234E+01	-9.142596E+01	-8.416892E-02	
274	-4.088908E+01	-9.128055E+01	-5.184705E-02	
275	-4.082971E+01	-9.118951E+01	-1.727933E-02	
276	-4.090673E+01	-9.183859E+01	2.059698E-01	
277	-4.091610E+01	-9.159905E+01	1.618685E-01	
278	-4.090270E+01	-9.140622E+01	1.159428E-01	
279	-4.086555E+01	-9.126414E+01	6.921509E-02	
280	-4.080472E+01	-9.117506E+01	2.273362E-02	
281	-4.097162E+01	-9.171816E+01	5.486941E-01	
282	-4.098240E+01	-9.144615E+01	4.385262E-01	
283	-4.096854E+01	-9.122707E+01	3.181285E-01	
284	-4.092877E+01	-9.106598E+01	1.915274E-01	
285	-4.086299E+01	-9.096574E+01	6.315378E-02	
286	-4.109040E+01	-9.150084E+01	9.413833E-01	
287	-4.111252E+01	-9.115470E+01	7.583403E-01	
288	-4.110456E+01	-9.087496E+01	5.533723E-01	
289	-4.106392E+01	-9.066966E+01	3.344852E-01	
290	-4.099036E+01	-9.054372E+01	1.105550E-01	
291	-4.123271E+01	-9.117938E+01	1.432535E+00	
292	-4.128013E+01	-9.070221E+01	1.165027E+00	
293	-4.128789E+01	-9.031386E+01	8.565278E-01	
294	-4.125178E+01	-9.002928E+01	5.203145E-01	
295	-4.116817E+01	-8.985759E+01	1.722575E-01	
296	-4.133384E+01	-9.075218E+01	2.075178E+00	
297	-4.142699E+01	-9.005637E+01	1.712642E+00	
298	-4.146952E+01	-8.948325E+01	1.272367E+00	
299	-4.144490E+01	-8.906206E+01	7.778840E-01	
300	-4.135514E+01	-8.881458E+01	2.588386E-01	
301	-4.126867E+01	-9.023626E+01	2.920158E+00	
302	-4.142686E+01	-8.918072E+01	2.451396E+00	
303	-4.150728E+01	-8.829759E+01	1.849239E+00	
304	-4.152321E+01	-8.764752E+01	1.148796E+00	
305	-4.142901E+01	-8.726243E+01	3.849766E-01	
306	-4.076716E+01	-8.966154E+01	3.935735E+00	
307	-4.097730E+01	-8.803364E+01	3.384264E+00	
308	-4.115501E+01	-8.665523E+01	2.594098E+00	
309	-4.110445E+01	-8.560707E+01	1.593677E+00	
310	-4.095466E+01	-8.504041E+01	5.271442E-01	
311	-3.962058E+01	-8.903963E+01	5.061157E+00	
312	-3.995340E+01	-8.628613E+01	4.279446E+00	
313	-3.946745E+01	-8.409027E+01	2.862141E+00	
314	-3.896123E+01	-8.295927E+01	1.572785E+00	
315	-3.854827E+01	-8.242495E+01	5.089827E-01	
316	-3.592220E+01	-8.734064E+01	5.274014E+00	
317	-3.380158E+01	-8.220425E+01	2.478965E+00	
318	-3.274140E+01	-8.099215E+01	1.197603E+00	
319	-3.223568E+01	-8.061621E+01	4.958294E-01	
320	-3.213362E+01	-8.078430E+01	-1.410479E-02	
321	-9.778450E+01	-1.936654E+02	-1.128918E+02	
322	4.435755E+00	6.856341E+00	-5.123613E+00	
323	-3.999938E+01	-1.536309E+02	-7.405854E+01	
324	-5.528015E+01	-5.741588E+01	-4.958107E+01	
325	-6.061881E+00	-1.693234E+00	-6.633826E+00	
326	-3.114400E+01	-1.364688E+02	-5.259083E+01	
327	-4.287235E+01	-7.830414E+01	-5.291227E+01	
328	-4.393668E+01	-3.718416E+01	-3.302105E+01	
329	-2.631284E+01	-5.848859E+00	-1.171564E+01	
330	-3.162444E+01	-1.202802E+02	-4.146873E+01	
331	-4.129727E+01	-8.518931E+01	-4.469857E+01	
332	-4.569474E+01	-5.296595E+01	-3.583651E+01	
333	-4.989497E+01	-3.320646E+01	-2.089223E+01	
334	-4.505074E+01	-1.458344E+01	-7.850350E+00	
335	-3.502739E+01	-1.096246E+02	-3.393774E+01	
336	-4.183520E+01	-8.544563E+01	-3.666896E+01	
337	-4.749302E+01	-6.293513E+01	-3.082618E+01	
338	-4.907038E+01	-4.622309E+01	-2.097569E+01	
339	-5.053415E+01	-3.179914E+01	-1.023482E+01	
340	7.362413E+00	2.518114E+00	-3.737748E-01	
341	5.526444E+00	2.271391E+00	-3.618259E-01	
342	3.920367E+00	2.087572E+00	-3.144997E-01	
343	2.681391E+00	1.958550E+00	-2.017274E-01	
344	1.968258E+00	1.829010E+00	-3.526283E-02	
345	5.659829E+00	2.001033E+00	-8.898637E-01	
346	4.368100E+00	1.834319E+00	-8.756873E-01	
347	3.212236E+00	1.734691E+00	-7.651139E-01	
348	2.277842E+00	1.699637E+00	-5.198769E-01	
349	1.645322E+00	1.582875E+00	-1.670074E-01	
350	3.980429E+00	1.443992E+00	-1.195049E+00	
351	3.182002E+00	1.383062E+00	-1.206114E+00	
352	2.416284E+00	1.398157E+00	-1.074987E+00	
353	1.745597E+00	1.477638E+00	-7.725029E-01	
354	1.251829E+00	1.446235E+00	-2.987296E-01	
355	2.351969E+00	8.441918E-01	-1.313080E+00	
356	1.997302E+00	9.094898E-01	-1.379460E+00	
357	1.581341E+00	1.057064E+00	-1.268483E+00	
358	1.163575E+00	1.270455E+00	-9.548059E-01	
359	8.368178E-01	1.398585E+00	-4.000803E-01	
360	8.017018E-01	1.978436E-01	-1.268356E+00	
361	8.429048E-01	4.055715E-01	-1.416913E+00	
362	7.462844E-01	6.975491E-01	-1.356995E+00	
363	5.750512E-01	1.068442E+00	-1.065262E+00	
364	4.049241E-01	1.411784E+00	-4.628363E-01	
365	-1.568976E+00	-1.074825E+00	-8.591342E-01	
366	-9.839737E-01	-5.785177E-01	-1.193811E+00	
367	-6.195839E-01	-1.586948E-03	-1.267833E+00	
368	-4.127884E-01	6.882636E-01	-1.062799E+00	
369	-3.126309E-01	1.468737E+00	-4.995294E-01	
370	-4.383419E+00	-3.088454E+00	1.563076E-01	
371	-3.228052E+00	-2.149116E+00	-4.758687E-01	
372	-2.352316E+00	-1.136694E+00	-7.942616E-01	
373	-1.709218E+00	4.045716E-02	-7.915871E-01	
374	-1.267759E+00	1.493314E+00	-3.967321E-01	
375	-6.361481E+00	-5.297661E+00	1.442552E+00	
376	-4.903694E+00	-3.907816E+00	5.389291E-01	
377	-3.723713E+00	-2.457633E+00	-3.467935E-02	
378	-2.803346E+00	-8.018749E-01	-2.876733E-01	
379	-2.153098E+00	1.233827E+00	-1.968263E-01	
380	-7.596654E+00	-7.580045E+00	2.746152E+00	
381	-6.050303E+00	-5.782741E+00	1.635988E+00	
382	-4.746546E+00	-3.941395E+00	8.313711E-01	
383	-3.696316E+00	-1.888015E+00	3.051159E-01	
384	-2.929902E+00	5.718161E-01	3.869634E-02	
385	-8.254289E+00	-9.818526E+00	3.901531E+00	
386	-6.765888E+00	-7.696717E+00	2.657323E+00	
387	-5.471459E+00	-5.551095E+00	1.663798E+00	
388	-4.400212E+00	-3.216170E+00	8.824200E-01	
389	-3.591960E+00	-5.098231E-01	2.659152E-01	
390	-8.506480E+00	-1.192722E+01	4.822797E+00	
391	-7.160505E+00	-9.584838E+00	3.507893E+00	
392	-5.958598E+00	-7.241057E+00	2.374365E+00	
393	-4.937928E+00	-4.750481E+00	1.378727E+00	
394	-4.138288E+00	-1.960656E+00	4.592165E-01	
395	-8.497809E+00	-1.385693E+01	5.483193E+00	
396	-7.331665E+00	-1.140007E+01	4.146249E+00	
397	-6.264924E+00	-8.965162E+00	2.920456E+00	
398	-5.334525E+00	-6.435581E+00	1.762406E+00	
399	-4.574736E+00	-3.695168E+00	6.070593E-01	
400	-8.335059E+00	-1.558887E+01	5.893131E+00	
401	-7.355306E+00	-1.311278E+01	4.568743E+00	
402	-6.437745E+00	-1.068182E+01	3.293192E+00	
403	-5.614244E+00	-8.209988E+00	2.026462E+00	
404	-4.910986E+00	-5.616744E+00	7.076848E-01	
405	-8.090168E+00	-1.712464E+01	6.082722E+00	
406	-7.285625E+00	-1.470705E+01	4.794492E+00	
407	-6.513556E+00	-1.235651E+01	3.504948E+00	
408	-5.798694E+00	-1.001516E+01	2.179380E+00	
409	-5.158798E+00	-7.633390E+00	7.652342E-01	
410	-7.808171E+00	-1.847720E+01	6.090060E+00	
411	-7.159041E+00	-1.617645E+01	4.853807E+00	
412	-6.519312E+00	-1.396237E+01	3.579191E+00	
413	-5.906404E+00	-1.180065E+01	2.237680E+00	
414	-5.330612E+00	-9.666301E+00	7.867290E-01	
415	-7.515477E+00	-1.966440E+01	5.954202E+00	
416	-6.999067E+00	-1.752052E+01	4.780442E+00	
417	-6.474581E+00	-1.547981E+01	3.543343E+00	
418	-5.952986E+00	-1.352630E+01	2.220687E+00	
419	-5.438643E+00	-1.165323E+01	7.800193E-01	
420	-7.226598E+00	-2.070502E+01	5.711395E+00	
421	-6.820578E+00	-1.874231E+01	4.606981E+00	
422	-6.393620E+00	-1.689563E+01	3.424371E+00	
423	-5.951517E+00	-1.516243E+01	2.147308E+00	
424	-5.494323E+00	-1.354852E+01	7.525704E-01	
425	-6.948929E+00	-2.161677E+01	5.393305E+00	
426	-6.632986E+00	-1.984686E+01	4.362440E+00	
427	-6.287009E+00	-1.820203E+01	3.246434E+00	
428	-5.912946E+00	-1.668892E+01	2.034340E+00	
429	-5.507991E+00	-1.532136E+01	7.108635E-01	
430	-6.685854E+00	-2.241545E+01	5.026453E+00	
431	-6.442365E+00	-2.084032E+01	4.071299E+00	
432	-6.162794E+00	-1.939560E+01	3.029887E+00	
433	-5.846427E+00	-1.809379E+01	1.895789E+00	
434	-5.488759E+00	-1.695325E+01	6.601947E-01	
435	-6.438635E+00	-2.311481E+01	4.632303E+00	
436	-6.252784E+00	-2.172944E+01	3.753382E+00	
437	-6.027240E+00	-2.047645E+01	2.791128E+00	
438	-5.759587E+00	-1.937162E+01	1.742804E+00	
439	-5.444492E+00	-1.843536E+01	6.046978E-01	
440	-6.207493E+00	-2.372670E+01	4.227707E+00	
441	-6.067092E+00	-2.252130E+01	3.424190E+00	
442	-5.885302E+00	-2.144733E+01	2.542871E+00	
443	-5.658739E+00	-2.052203E+01	1.583920E+00	
444	-5.381853E+00	-1.976614E+01	5.474768E-01	
445	-5.992179E+00	-2.426137E+01	3.825491E+00	
446	-5.887358E+00	-2.322312E+01	3.095445E+00	
447	-5.740928E+00	-2.231298E+01	2.294638E+00	
448	-5.549064E+00	-2.154837E+01	1.425436E+00	
449	-5.306398E+00	-2.094921E+01	4.907771E-01	
450	-5.792260E+00	-2.472770E+01	3.435085E+00	
451	-5.715118E+00	-2.384214E+01	2.775698E+00	
452	-5.597250E+00	-2.307951E+01	2.053294E+00	
453	-5.434754E+00	-2.245656E+01	1.271821E+00	
454	-5.222687E+00	-2.199176E+01	4.361563E-01	
455	-6.446815E+01	-1.184038E+02	6.761678E+01	
456	1.811478E+01	2.848097E+01	-4.424913E+00	
457	2.273956E+01	6.227982E+00	1.124386E-01	
458	2.261196E+01	7.934082E+00	-2.425215E-01	
459	2.062030E+01	6.101492E+00	-2.463923E-01	
460	1.833300E+01	5.235818E+00	-2.798736E-01	
461	1.596886E+01	4.410523E+00	-3.065173E-01	
462	1.366779E+01	3.770457E+00	-3.296506E-01	
463	1.145812E+01	3.251339E+00	-3.504257E-01	
464	9.351702E+00	2.840164E+00	-3.668410E-01	
465	-4.299788E+01	-1.110584E+02	6.709081E+01	
466	-2.868629E+01	-6.637376E+00	2.449883E+01	
467	1.345087E+00	7.207146E+00	3.624615E+00	
468	8.253165E+00	4.555522E+00	1.768025E+00	
469	1.082525E+01	4.521878E+00	4.901020E-01	
470	1.115451E+01	3.855357E+00	-6.199555E-02	
471	1.059281E+01	3.359491E+00	-3.895591E-01	
472	9.575380E+00	2.907902E+00	-5.979749E-01	
473	8.340244E+00	2.535452E+00	-7.422607E-01	
474	7.007742E+00	2.233813E+00	-8.399589E-01	
475	-3.425185E+01	-1.032904E+02	5.728935E+01	
476	-3.503763E+01	-2.742965E+01	3.638863E+01	
477	-1.649841E+01	-1.881819E+00	1.334477E+01	
478	-3.517758E+00	1.799411E+00	5.082657E+00	
479	1.932832E+00	2.196668E+00	2.297446E+00	
480	4.516604E+00	2.316414E+00	8.107748E-01	
481	5.516050E+00	2.147917E+00	-2.374023E-03	
482	5.673090E+00	1.943903E+00	-5.123262E-01	
483	5.341847E+00	1.738799E+00	-8.499540E-01	
484	4.733079E+00	1.567194E+00	-1.072568E+00	
485	-3.007255E+01	-9.673938E+01	4.971783E+01	
486	-3.443625E+01	-4.000352E+01	3.983855E+01	
487	-2.442975E+01	-1.163086E+01	2.072344E+01	
488	-1.277883E+01	-2.853792E+00	9.631929E+00	
489	-5.455118E+00	-4.289964E-01	4.680718E+00	
490	-1.378569E+00	4.415145E-01	2.206774E+00	
491	8.938422E-01	7.700803E-01	7.744127E-01	
492	2.050105E+00	8.544665E-01	-1.160118E-01	
493	2.520900E+00	8.539318E-01	-7.029095E-01	
494	2.565038E+00	8.362167E-01	-1.088485E+00	
495	-2.790063E+01	-9.135575E+01	4.448776E+01	
496	-3.222000E+01	-4.755953E+01	3.994638E+01	
497	-2.738384E+01	-2.014356E+01	2.512483E+01	
498	-1.867783E+01	-8.203831E+00	1.373998E+01	
499	-1.132340E+01	-3.597083E+00	7.378893E+00	
500	-6.346330E+00	-1.690670E+00	3.910969E+00	
501	-3.175122E+00	-8.035506E-01	1.847437E+00	
502	-1.219787E+00	-3.638851E-01	5.318261E-01	
503	-7.455568E-02	-1.249282E-01	-3.390338E-01	
504	5.377005E-01	3.826862E-02	-9.162990E-01	
505	-2.553083E+01	-8.408414E+01	3.819069E+01	
506	-2.951909E+01	-5.395315E+01	3.705553E+01	
507	-2.815096E+01	-3.061446E+01	2.807074E+01	
508	-2.290004E+01	-1.691341E+01	1.869405E+01	
509	-1.699659E+01	-9.766330E+00	1.174359E+01	
510	-1.205167E+01	-6.066699E+00	7.128475E+00	
511	-8.334535E+00	-4.047205E+00	4.101200E+00	
512	-5.655145E+00	-2.863428E+00	2.074864E+00	
513	-3.766094E+00	-2.105653E+00	6.930810E-01	
514	-2.457521E+00	-1.553738E+00	-2.479732E-01	
515	-2.332114E+01	-7.685646E+01	3.243919E+01	
516	-2.625394E+01	-5.740709E+01	3.272295E+01	
517	-2.672096E+01	-3.971463E+01	2.818795E+01	
518	-2.449595E+01	-2.655601E+01	2.178346E+01	
519	-2.080760E+01	-1.786598E+01	1.571997E+01	
520	-1.684357E+01	-1.240800E+01	1.084137E+01	
521	-1.324743E+01	-8.979574E+00	7.177749E+00	
522	-1.023296E+01	-6.752473E+00	4.492841E+00	
523	-7.802248E+00	-5.217867E+00	2.541105E+00	
524	-5.881772E+00	-4.063938E+00	1.136981E+00	
525	-2.161666E+01	-7.161194E+01	2.844254E+01	
526	-2.339766E+01	-5.763784E+01	2.879703E+01	
527	-2.408563E+01	-4.417667E+01	2.631495E+01	
528	-2.321974E+01	-3.287743E+01	2.212764E+01	
529	-2.110208E+01	-2.428809E+01	1.748102E+01	
530	-1.833055E+01	-1.812926E+01	1.318468E+01	
531	-1.541628E+01	-1.380905E+01	9.571308E+00	
532	-1.266763E+01	-1.075337E+01	6.680869E+00	
533	-1.022449E+01	-8.515885E+00	4.431901E+00	
534	-8.125768E+00	-6.774784E+00	2.717163E+00	
535	-1.986024E+01	-6.749376E+01	2.535888E+01	
536	-2.098237E+01	-5.674760E+01	2.559727E+01	
537	-2.151545E+01	-4.616529E+01	2.406081E+01	
538	-2.115254E+01	-3.671038E+01	2.124694E+01	
539	-1.991301E+01	-2.888384E+01	1.781268E+01	
540	-1.804256E+01	-2.273910E+01	1.431759E+01	
541	-1.584487E+01	-1.804943E+01	1.110964E+01	
542	-1.357075E+01	-1.448611E+01	8.343582E+00	
543	-1.138538E+01	-1.172741E+01	6.050551E+00	
544	-9.380041E+00	-9.499733E+00	4.201276E+00	
545	-1.804950E+01	-6.403501E+01	2.278660E+01	
546	-1.878564E+01	-5.541096E+01	2.293299E+01	
547	-1.916391E+01	-4.684145E+01	2.189750E+01	
548	-1.898801E+01	-3.891011E+01	1.992729E+01	
549	-1.821639E+01	-3.198808E+01	1.738374E+01	
550	-1.693990E+01	-2.620671E+01	1.462355E+01	
551	-1.531893E+01	-2.150829E+01	1.192079E+01	
552	-1.352099E+01	-1.772584E+01	9.444399E+00	
553	-1.168427E+01	-1.465185E+01	7.274362E+00	
554	-9.907329E+00	-1.207940E+01	5.431052E+00	
555	-1.625069E+01	-6.098855E+01	2.055445E+01	
556	-1.676015E+01	-5.387183E+01	2.065217E+01	
557	-1.702997E+01	-4.677111E+01	1.992123E+01	
558	-1.693490E+01	-4.005543E+01	1.849715E+01	
559	-1.642720E+01	-3.398698E+01	1.658964E+01	
560	-1.553572E+01	-2.869558E+01	1.442539E+01	
561	-1.434198E+01	-2.419082E+01	1.220180E+01	
562	-1.294950E+01	-2.039591E+01	1.006320E+01	
563	-1.145919E+01	-1.718494E+01	8.098028E+00	
564	-9.956135E+00	-1.441184E+01	6.348319E+00	
565	-1.452813E+01	-5.821780E+01	1.857473E+01	
566	-1.490483E+01	-5.223343E+01	1.865773E+01	
567	-1.510947E+01	-4.624818E+01	1.813380E+01	
568	-1.506022E+01	-4.050489E+01	1.708351E+01	
569	-1.471694E+01	-3.518830E+01	1.563499E+01	
570	-1.408439E+01	-3.040674E+01	1.393484E+01	
571	-1.320352E+01	-2.619239E+01	1.212135E+01	
572	-1.213687E+01	-2.251507E+01	1.030672E+01	
573	-1.095408E+01	-1.930128E+01	8.569632E+00	
574	-9.721651E+00	-1.645221E+01	6.955906E+00	
575	-1.292851E+01	-5.564634E+01	1.679756E+01	
576	-1.322859E+01	-5.054818E+01	1.688681E+01	
577	-1.339901E+01	-4.543888E+01	1.651467E+01	
578	-1.338496E+01	-4.048419E+01	1.573218E+01	
579	-1.315543E+01	-3.581600E+01	1.462115E+01	
580	-1.270657E+01	-3.152006E+01	1.327849E+01	
581	-1.205882E+01	-2.763316E+01	1.180052E+01	
582	-1.124999E+01	-2.414838E+01	1.027075E+01	
583	-1.032719E+01	-2.102470E+01	8.752679E+00	
584	-9.339842E+00	-1.819769E+01	7.287212E+00	
585	-1.147997E+01	-5.323207E+01	1.519109E+01	
586	-1.173687E+01	-4.884873E+01	1.529705E+01	
587	-1.189308E+01	-4.444625E+01	1.504085E+01	
588	-1.191092E+01	-4.014168E+01	1.445640E+01	
589	-1.176707E+01	-3.603117E+01	1.359775E+01	
590	-1.145523E+01	-3.218177E+01	1.253026E+01	
591	-1.098541E+01	-2.862846E+01	1.132112E+01	
592	-1.038070E+01	-2.537587E+01	1.003110E+01	
593	-9.672716E+00	-2.240312E+01	8.708794E+00	
594	-8.897172E+00	-1.967023E+01	7.387247E+00	
595	-1.019517E+01	-5.095299E+01	1.373282E+01	
596	-1.042849E+01	-4.715930E+01	1.385855E+01	
597	-1.058232E+01	-4.333977E+01	1.369216E+01	
598	-1.063008E+01	-3.957983E+01	1.325684E+01	
599	-1.055429E+01	-3.595130E+01	1.258920E+01	
600	-1.034846E+01	-3.250704E+01	1.173399E+01	
601	-1.001721E+01	-2.927852E+01	1.073820E+01	
602	-9.574679E+00	-2.627615E+01	9.645512E+00	
603	-9.041980E+00	-2.349187E+01	8.491875E+00	
604	-8.444306E+00	-2.090307E+01	7.302500E+00	
605	-9.075194E+00	-4.879878E+01	1.240546E+01	
606	-9.295962E+00	-4.549977E+01	1.254940E+01	
607	-9.453592E+00	-4.216960E+01	1.245222E+01	
608	-9.528810E+00	-3.887255E+01	1.213000E+01	
609	-9.508330E+00	-3.566377E+01	1.160791E+01	
610	-9.386216E+00	-3.258573E+01	1.091690E+01	
611	-9.164149E+00	-2.966640E+01	1.008987E+01	
612	-8.850660E+00	-2.691923E+01	9.157940E+00	
613	-8.459626E+00	-2.434452E+01	8.147187E+00	
614	-8.008341E+00	-2.193207E+01	7.076161E+00	
615	-8.113156E+00	-4.676559E+01	1.119493E+01	
616	-8.327156E+00	-4.388707E+01	1.135297E+01	
617	-8.491028E+00	-4.097355E+01	1.130816E+01	
618	-8.590376E+00	-3.807489E+01	1.107162E+01	
619	-8.614879E+00	-3.523463E+01	1.066076E+01	
620	-8.559237E+00	-3.248773E+01	1.009706E+01	
621	-8.423430E+00	-2.985925E+01	9.403590E+00	
622	-8.212315E+00	-2.736423E+01	8.602378E+00	
623	-7.934686E+00	-2.500862E+01	7.712108E+00	
624	-7.601950E+00	-2.279100E+01	6.746192E+00	
625	-7.297199E+00	-4.485285E+01	1.008946E+01	
626	-7.507013E+00	-4.233543E+01	1.025642E+01	
627	-7.677221E+00	-3.978076E+01	1.025006E+01	
628	-7.796721E+00	-3.722857E+01	1.007796E+01	
629	-7.857256E+00	-3.471423E+01	9.752099E+00	
630	-7.854054E+00	-3.226724E+01	9.287405E+00	
631	-7.786019E+00	-2.991033E+01	8.700017E+00	
632	-7.655504E+00	-2.765943E+01	8.005506E+00	
633	-7.467671E+00	-2.552422E+01	7.217202E+00	
634	-7.229559E+00	-2.350946E+01	6.344797E+00	
635	-6.612804E+00	-4.306120E+01	9.079016E+00	
636	-6.819117E+00	-4.085644E+01	9.249614E+00	
637	-6.994370E+00	-3.861366E+01	9.270301E+00	
638	-7.129716E+00	-3.636535E+01	9.146076E+00	
639	-7.218329E+00	-3.414098E+01	8.885097E+00	
640	-7.255813E+00	-3.196602E+01	8.497684E+00	
641	-7.240348E+00	-2.986136E+01	7.995126E+00	
642	-7.172521E+00	-2.784330E+01	7.388442E+00	
643	-7.054878E+00	-2.592397E+01	6.687207E+00	
644	-6.891244E+00	-2.411231E+01	5.898554E+00	
645	-6.044449E+00	-4.139126E+01	8.154994E+00	
646	-6.246877E+00	-3.945902E+01	8.324440E+00	
647	-6.425163E+00	-3.748930E+01	8.363006E+00	
648	-6.572033E+00	-3.550926E+01	8.273801E+00	
649	-6.681648E+00	-3.354402E+01	8.062273E+00	
650	-6.749879E+00	-3.161599E+01	7.735514E+00	
651	-6.774388E+00	-2.974453E+01	7.301430E+00	
652	-6.754504E+00	-2.794595E+01	6.767882E+00	
653	-6.690890E+00	-2.623387E+01	6.141873E+00	
654	-6.585041E+00	-2.461993E+01	5.428866E+00	
655	-5.576746E+00	-3.984296E+01	7.310009E+00	
656	-5.774362E+00	-3.814950E+01	7.474299E+00	
657	-5.953395E+00	-3.642018E+01	7.523538E+00	
658	-6.107686E+00	-3.467812E+01	7.459466E+00	
659	-6.232097E+00	-3.294511E+01	7.285619E+00	
660	-6.322685E+00	-3.124117E+01	7.006837E+00	
661	-6.376746E+00	-2.958432E+01	6.628686E+00	
662	-6.392719E+00	-2.799060E+01	6.156871E+00	
663	-6.369932E+00	-2.647436E+01	5.596681E+00	
664	-6.308229E+00	-2.504881E+01	4.952539E+00	
665	-5.195160E+00	-3.841516E+01	6.537666E+00	
666	-5.386825E+00	-3.693179E+01	6.693700E+00	
667	-5.564329E+00	-3.541497E+01	6.748113E+00	
668	-5.722328E+00	-3.388470E+01	6.701679E+00	
669	-5.856192E+00	-3.236014E+01	6.556601E+00	
670	-5.962125E+00	-3.085934E+01	6.316163E+00	
671	-6.037184E+00	-2.939908E+01	5.984338E+00	
672	-6.079191E+00	-2.799489E+01	5.565380E+00	
673	-6.086555E+00	-2.666130E+01	5.063468E+00	
674	-6.057992E+00	-2.541220E+01	4.482411E+00	
675	-4.886416E+00	-3.710557E+01	5.832383E+00	
676	-5.070988E+00	-3.580762E+01	5.977950E+00	
677	-5.244875E+00	-3.447919E+01	6.033488E+00	
678	-5.403346E+00	-3.313776E+01	5.999112E+00	
679	-5.542169E+00	-3.180035E+01	5.876114E+00	
680	-5.657678E+00	-3.048333E+01	5.666725E+00	
681	-5.746790E+00	-2.920228E+01	5.373846E+00	
682	-5.806933E+00	-2.797204E+01	5.000779E+00	
683	-5.835913E+00	-2.680689E+01	4.550997E+00	
684	-5.831717E+00	-2.572077E+01	4.027969E+00	
685	-4.600413E+01	-7.258777E+01	4.186597E-02	
686	-4.596062E+01	-7.279965E+01	-1.970547E-01	
687	-4.689571E+01	-7.380112E+01	-3.665966E-01	
688	-4.843951E+01	-7.543868E+01	-5.746265E-01	
689	-5.078376E+01	-7.793586E+01	-8.599744E-01	
690	-5.427949E+01	-8.170675E+01	-1.262523E+00	
691	-5.960351E+01	-8.753188E+01	-2.030984E+00	
692	-6.816435E+01	-9.769298E+01	-3.040675E+00	
693	-8.468134E+01	-1.137352E+02	-7.896932E+00	
694	-1.182616E+02	-2.063842E+02	-2.804446E+01	
695	-4.502976E+01	-7.351085E+01	-8.210447E-02	
696	-4.505524E+01	-7.379738E+01	-5.648449E-01	
697	-4.588762E+01	-7.483515E+01	-1.056222E+00	
698	-4.725908E+01	-7.657255E+01	-1.647418E+00	
699	-4.930456E+01	-7.924582E+01	-2.434894E+00	
700	-5.226012E+01	-8.328131E+01	-3.586079E+00	
701	-5.650810E+01	-8.989276E+01	-5.396452E+00	
702	-6.257703E+01	-1.000217E+02	-8.604782E+00	
703	-7.045672E+01	-1.304361E+02	-1.848686E+01	
704	-4.988145E+01	-1.752371E+02	-4.122066E+00	
705	-4.385487E+01	-7.485666E+01	-1.945635E-01	
706	-4.386800E+01	-7.524397E+01	-8.905483E-01	
707	-4.455568E+01	-7.638558E+01	-1.627656E+00	
708	-4.564428E+01	-7.829896E+01	-2.510475E+00	
709	-4.718888E+01	-8.124848E+01	-3.655661E+00	
710	-4.924997E+01	-8.583037E+01	-5.249053E+00	
711	-5.171440E+01	-9.294866E+01	-7.505421E+00	
712	-5.410026E+01	-1.065434E+02	-1.147493E+01	
713	-4.826951E+01	-1.324565E+02	-1.246663E+01	
714	-3.174787E+01	-1.526274E+02	1.173977E+01	
715	-4.248094E+01	-7.657586E+01	-2.730784E-01	
716	-4.245458E+01	-7.707067E+01	-1.129862E+00	
717	-4.294649E+01	-7.834485E+01	-2.028676E+00	
718	-4.367519E+01	-8.046443E+01	-3.075792E+00	
719	-4.459634E+01	-8.375656E+01	-4.370708E+00	
720	-4.554259E+01	-8.877650E+01	-6.007733E+00	
721	-4.610270E+01	-9.682987E+01	-8.111312E+00	
722	-4.408813E+01	-1.104601E+02	-9.640623E+00	
723	-3.566038E+01	-1.293219E+02	-4.002707E+00	
724	-2.555916E+01	-1.356401E+02	1.990189E+01	
725	-4.092897E+01	-7.857362E+01	-3.109115E-01	
726	-4.085272E+01	-7.917401E+01	-1.258986E+00	
727	-4.112055E+01	-8.057698E+01	-2.224489E+00	
728	-4.145568E+01	-8.289376E+01	-3.295189E+00	
729	-4.171041E+01	-8.645405E+01	-4.504862E+00	
730	-4.156693E+01	-9.184351E+01	-5.838799E+00	
731	-4.022903E+01	-1.000716E+02	-6.936883E+00	
732	-3.614982E+01	-1.119066E+02	-5.764844E+00	
733	-2.887172E+01	-1.241121E+02	3.062481E+00	
734	-2.368889E+01	-1.228555E+02	2.394319E+01	
735	-3.781995E+01	-8.246433E+01	-2.724512E-01	
736	-3.768127E+01	-8.320359E+01	-1.197998E+00	
737	-3.758221E+01	-8.472458E+01	-2.049998E+00	
738	-3.732275E+01	-8.716241E+01	-2.852077E+00	
739	-3.671272E+01	-9.075695E+01	-3.491618E+00	
740	-3.540738E+01	-9.581790E+01	-3.641746E+00	
741	-3.285296E+01	-1.024982E+02	-2.460023E+00	
742	-2.862634E+01	-1.098744E+02	1.822416E+00	
743	-2.374336E+01	-1.140405E+02	1.149912E+01	
744	-2.182731E+01	-1.071914E+02	2.624924E+01	
745	-3.305951E+01	-8.755565E+01	-3.583145E-02	
746	-3.289960E+01	-8.836242E+01	-5.945257E-01	
747	-3.240835E+01	-8.979280E+01	-9.258045E-01	
748	-3.157228E+01	-9.196142E+01	-9.739044E-01	
749	-3.025066E+01	-9.488657E+01	-4.992434E-01	
750	-2.828526E+01	-9.842405E+01	9.364920E-01	
751	-2.562793E+01	-1.019751E+02	4.019590E+00	
752	-2.264511E+01	-1.040308E+02	9.514698E+00	
753	-2.044668E+01	-1.019453E+02	1.755217E+01	
754	-2.057528E+01	-9.295542E+01	2.643007E+01	
755	-2.824501E+01	-9.115677E+01	3.229462E-01	
756	-2.817394E+01	-9.186107E+01	3.493446E-01	
757	-2.752958E+01	-9.289572E+01	7.138642E-01	
758	-2.652991E+01	-9.433769E+01	1.487366E+00	
759	-2.514480E+01	-9.602060E+01	2.901429E+00	
760	-2.340716E+01	-9.756778E+01	5.264786E+00	
761	-2.150689E+01	-9.826004E+01	8.882542E+00	
762	-1.988473E+01	-9.697466E+01	1.383858E+01	
763	-1.918340E+01	-9.241956E+01	1.964749E+01	
764	-1.986111E+01	-8.380993E+01	2.505257E+01	
765	-2.374028E+01	-9.262414E+01	6.871491E-01	
766	-2.383509E+01	-9.312087E+01	1.313218E+00	
767	-2.322972E+01	-9.361557E+01	2.311363E+00	
768	-2.234744E+01	-9.418187E+01	3.712076E+00	
769	-2.123518E+01	-9.458709E+01	5.668312E+00	
770	-2.000561E+01	-9.444654E+01	8.323695E+00	
771	-1.886820E+01	-9.320865E+01	1.172732E+01	
772	-1.811868E+01	-9.022371E+01	1.571472E+01	
773	-1.803690E+01	-8.494615E+01	1.981200E+01	
774	-1.870149E+01	-7.722128E+01	2.328063E+01	
775	-1.974990E+01	-9.196053E+01	9.774491E-01	
776	-2.003227E+01	-9.223034E+01	2.087816E+00	
777	-1.956419E+01	-9.221020E+01	3.543676E+00	
778	-1.891388E+01	-9.200783E+01	5.316869E+00	
779	-1.815492E+01	-9.141185E+01	7.480020E+00	
780	-1.740154E+01	-9.012816E+01	1.006683E+01	
781	-1.680749E+01	-8.780717E+01	1.301814E+01	
782	-1.653475E+01	-8.411516E+01	1.613761E+01	
783	-1.668986E+01	-7.884675E+01	1.908421E+01	
784	-1.725388E+01	-7.204086E+01	2.143078E+01	
785	-1.634596E+01	-8.956305E+01	1.163575E+00	
786	-1.679454E+01	-8.964483E+01	2.596621E+00	
787	-1.648518E+01	-8.923113E+01	4.319837E+00	
788	-1.607146E+01	-8.847927E+01	6.255039E+00	
789	-1.562253E+01	-8.723330E+01	8.419192E+00	
790	-1.522572E+01	-8.530075E+01	1.079254E+01	
791	-1.497745E+01	-8.248349E+01	1.328959E+01	
792	-1.495914E+01	-7.862584E+01	1.574759E+01	
793	-1.520511E+01	-7.367170E+01	1.793882E+01	
794	-1.567526E+01	-6.771056E+01	1.961198E+01	
795	-1.351454E+01	-8.596460E+01	1.250656E+00	
796	-1.408744E+01	-8.591860E+01	2.854231E+00	
797	-1.391652E+01	-8.525472E+01	4.688492E+00	
798	-1.369587E+01	-8.417586E+01	6.643050E+00	
799	-1.347904E+01	-8.258171E+01	8.703333E+00	
800	-1.332438E+01	-8.035986E+01	1.082998E+01	
801	-1.328747E+01	-7.740925E+01	1.294293E+01	
802	-1.340629E+01	-7.366900E+01	1.492095E+01	
803	-1.368549E+01	-6.914666E+01	1.661482E+01	
804	-1.408625E+01	-6.393633E+01	1.787311E+01	
805	-1.119759E+01	-8.166538E+01	1.260450E+00	
806	-1.185026E+01	-8.154827E+01	2.916023E+00	
807	-1.178353E+01	-8.075722E+01	4.750788E+00	
808	-1.170239E+01	-7.952777E+01	6.638771E+00	
809	-1.164428E+01	-7.780277E+01	8.550095E+00	
810	-1.164487E+01	-7.552426E+01	1.044168E+01	
811	-1.173378E+01	-7.264900E+01	1.224731E+01	
812	-1.192614E+01	-6.916495E+01	1.387982E+01	
813	-1.221497E+01	-6.510511E+01	1.524106E+01	
814	-1.256762E+01	-6.055443E+01	1.623745E+01	
815	-9.321596E+00	-7.705935E+01	1.217750E+00	
816	-1.001621E+01	-7.691390E+01	2.843914E+00	
817	-1.002046E+01	-7.608454E+01	4.609043E+00	
818	-1.003193E+01	-7.482560E+01	6.383680E+00	
819	-1.007522E+01	-7.310928E+01	8.132018E+00	
820	-1.017035E+01	-7.091160E+01	9.813532E+00	
821	-1.033125E+01	-6.822202E+01	1.137566E+01	
822	-1.056118E+01	-6.505253E+01	1.275601E+01	
823	-1.084906E+01	-6.144442E+01	1.388899E+01	
824	-1.116847E+01	-5.747060E+01	1.471517E+01	
825	-7.813576E+00	-7.242297E+01	1.143671E+00	
826	-8.521844E+00	-7.227710E+01	2.690254E+00	
827	-8.570529E+00	-7.146615E+01	4.345868E+00	
828	-8.638990E+00	-7.025202E+01	5.985215E+00	
829	-8.742756E+00	-6.862518E+01	7.571587E+00	
830	-8.891784E+00	-6.658142E+01	9.068936E+00	
831	-9.090829E+00	-6.412760E+01	1.043585E+01	
832	-9.337134E+00	-6.128649E+01	1.162705E+01	
833	-9.618736E+00	-5.809998E+01	1.259763E+01	
834	-9.914347E+00	-5.462947E+01	1.330868E+01	
835	-6.608311E+00	-6.793303E+01	1.053740E+00	
836	-7.310833E+00	-6.780271E+01	2.493520E+00	
837	-7.384871E+00	-6.704233E+01	4.020408E+00	
838	-7.485395E+00	-6.591340E+01	5.517539E+00	
839	-7.621988E+00	-6.441689E+01	6.949837E+00	
840	-7.798478E+00	-6.255927E+01	8.285924E+00	
841	-8.014491E+00	-6.035578E+01	9.492881E+00	
842	-8.264429E+00	-5.783294E+01	1.053707E+01	
843	-8.536754E+00	-5.502988E+01	1.138678E+01	
844	-8.814220E+00	-5.199801E+01	1.201556E+01	
845	-5.650483E+00	-6.369218E+01	9.583171E-01	
846	-6.334888E+00	-6.358512E+01	2.279524E+00	
847	-6.421463E+00	-6.289073E+01	3.671695E+00	
848	-6.537569E+00	-6.186504E+01	5.028396E+00	
849	-6.689098E+00	-6.051451E+01	6.317343E+00	
850	-6.876352E+00	-5.885073E+01	7.511427E+00	
851	-7.096280E+00	-5.689221E+01	8.584068E+00	
852	-7.342173E+00	-5.466554E+01	9.509558E+00	
853	-7.603453E+00	-5.220583E+01	1.026465E+01	
854	-7.866008E+00	-4.955611E+01	1.083058E+01	
855	-4.894389E+00	-5.975240E+01	8.637875E-01	
856	-5.553379E+00	-5.967108E+01	2.064360E+00	
857	-5.644339E+00	-5.904765E+01	3.323775E+00	
858	-5.765637E+00	-5.812957E+01	4.546606E+00	
859	-5.920978E+00	-5.692579E+01	5.703779E+00	
860	-6.108792E+00	-5.544978E+01	6.771903E+00	
861	-6.324805E+00	-5.372050E+01	7.729146E+00	
862	-6.562136E+00	-5.176285E+01	8.555256E+00	
863	-6.811340E+00	-4.960765E+01	9.232524E+00	
864	-7.060752E+00	-4.729097E+01	9.746975E+00	
865	-4.302693E+00	-5.613304E+01	7.737712E-01	
866	-4.932434E+00	-5.607699E+01	1.857345E+00	
867	-5.022854E+00	-5.552339E+01	2.990405E+00	
868	-5.143097E+00	-5.470956E+01	4.088288E+00	
869	-5.295639E+00	-5.364520E+01	5.125153E+00	
870	-5.478041E+00	-5.234384E+01	6.080791E+00	
871	-5.685647E+00	-5.082349E+01	6.936972E+00	
872	-5.911893E+00	-4.910661E+01	7.677294E+00	
873	-6.148470E+00	-4.721994E+01	8.287735E+00	
874	-6.385649E+00	-4.519380E+01	8.757371E+00	
875	-3.844985E+00	-5.283368E+01	6.900872E-01	
876	-4.443913E+00	-5.280088E+01	1.663357E+00	
877	-4.530992E+00	-5.231280E+01	2.678673E+00	
878	-4.646635E+00	-5.159591E+01	3.661449E+00	
879	-4.792674E+00	-5.065971E+01	4.588903E+00	
880	-4.966386E+00	-4.951694E+01	5.443537E+00	
881	-5.163193E+00	-4.818398E+01	6.209912E+00	
882	-5.377078E+00	-4.668067E+01	6.874412E+00	
883	-5.600797E+00	-4.503005E+01	7.425553E+00	
884	-5.826164E+00	-4.325774E+01	7.854412E+00	
885	-3.496442E+00	-4.984260E+01	6.134449E-01	
886	-4.064438E+00	-4.983038E+01	1.484516E+00	
887	-4.146714E+00	-4.940206E+01	2.391544E+00	
888	-4.255915E+00	-4.877314E+01	3.269145E+00	
889	-4.393564E+00	-4.795247E+01	4.097327E+00	
890	-4.556973E+00	-4.695160E+01	4.860899E+00	
891	-4.741880E+00	-4.578508E+01	5.546638E+00	
892	-4.942895E+00	-4.447023E+01	6.143012E+00	
893	-5.153729E+00	-4.302685E+01	6.640349E+00	
894	-5.367443E+00	-4.147670E+01	7.031091E+00	
895	-3.236714E+00	-4.714216E+01	5.439073E-01	
896	-3.774546E+00	-4.714773E+01	1.321308E+00	
897	-3.851376E+00	-4.677301E+01	2.129567E+00	
898	-3.953325E+00	-4.622276E+01	2.911559E+00	
899	-4.081793E+00	-4.550500E+01	3.649793E+00	
900	-4.234289E+00	-4.462998E+01	4.331045E+00	
901	-4.406964E+00	-4.361046E+01	4.943889E+00	
902	-4.595055E+00	-4.246147E+01	5.478407E+00	
903	-4.793112E+00	-4.120001E+01	5.926279E+00	
904	-4.995204E+00	-3.984467E+01	6.280931E+00	
905	-3.049031E+00	-4.471213E+01	4.811861E-01	
906	-3.557995E+00	-4.473283E+01	1.173314E+00	
907	-3.629214E+00	-4.440571E+01	1.891951E+00	
908	-3.723704E+00	-4.392520E+01	2.587317E+00	
909	-3.842838E+00	-4.329846E+01	3.244128E+00	
910	-3.984389E+00	-4.253450E+01	3.850848E+00	
911	-4.144941E+00	-4.164442E+01	4.397535E+00	
912	-4.320316E+00	-4.064123E+01	4.875566E+00	
913	-4.505788E+00	-3.953956E+01	5.277673E+00	
914	-4.696253E+00	-3.835538E+01	5.598042E+00	
915	-4.180590E+00	-2.736407E+01	1.009687E-02	
916	-4.189111E+00	-2.741440E+01	7.798101E-03	
917	-4.191812E+00	-2.748349E+01	5.437552E-03	
918	-4.188849E+00	-2.757131E+01	3.086924E-03	
919	-4.180800E+00	-2.767701E+01	9.255136E-04	
920	-4.181466E+00	-2.736328E+01	3.033896E-02	
921	-4.189992E+00	-2.741332E+01	2.343976E-02	
922	-4.192707E+00	-2.748218E+01	1.635925E-02	
923	-4.189740E+00	-2.756991E+01	9.286778E-03	
924	-4.181563E+00	-2.767577E+01	2.759669E-03	
925	-4.183226E+00	-2.736170E+01	5.072457E-02	
926	-4.191744E+00	-2.741116E+01	3.921162E-02	
927	-4.194472E+00	-2.747956E+01	2.742159E-02	
928	-4.191526E+00	-2.756705E+01	1.557799E-02	
929	-4.183108E+00	-2.767330E+01	4.535592E-03	
930	-4.185871E+00	-2.735930E+01	7.135471E-02	
931	-4.194387E+00	-2.740795E+01	5.517153E-02	
932	-4.196995E+00	-2.747563E+01	3.871199E-02	
933	-4.194222E+00	-2.756267E+01	2.207947E-02	
934	-4.185456E+00	-2.766959E+01	6.185844E-03	
935	-4.189419E+00	-2.735610E+01	9.232290E-02	
936	-4.197908E+00	-2.740360E+01	7.141380E-02	
937	-4.200402E+00	-2.747060E+01	5.013372E-02	
938	-4.197134E+00	-2.755642E+01	2.914065E-02	
939	-4.189459E+00	-2.766473E+01	7.565565E-03	
940	-4.198691E+00	-2.734879E+01	1.301041E-01	
941	-4.207161E+00	-2.739352E+01	1.007016E-01	
942	-4.209257E+00	-2.745840E+01	7.077507E-02	
943	-4.205254E+00	-2.754358E+01	4.116831E-02	
944	-4.195486E+00	-2.764631E+01	1.219208E-02	
945	-4.215466E+00	-2.733305E+01	1.876123E-01	
946	-4.223908E+00	-2.737232E+01	1.453404E-01	
947	-4.225446E+00	-2.743330E+01	1.022060E-01	
948	-4.220234E+00	-2.751586E+01	5.938362E-02	
949	-4.209168E+00	-2.761966E+01	1.866245E-02	
950	-4.238357E+00	-2.731112E+01	2.506513E-01	
951	-4.246831E+00	-2.734277E+01	1.945075E-01	
952	-4.247709E+00	-2.739818E+01	1.370877E-01	
953	-4.241224E+00	-2.747774E+01	8.012430E-02	
954	-4.227701E+00	-2.758147E+01	2.555867E-02	
955	-4.267613E+00	-2.728225E+01	3.209491E-01	
956	-4.276089E+00	-2.730386E+01	2.496370E-01	
957	-4.276072E+00	-2.735193E+01	1.764945E-01	
958	-4.267620E+00	-2.742722E+01	1.036084E-01	
959	-4.251025E+00	-2.752998E+01	3.323620E-02	
960	-4.303525E+00	-2.724552E+01	4.002346E-01	
961	-4.311909E+00	-2.725428E+01	3.121177E-01	
962	-4.310662E+00	-2.729277E+01	2.213649E-01	
963	-4.299744E+00	-2.736210E+01	1.304441E-01	
964	-4.279375E+00	-2.746287E+01	4.204295E-02	
965	-4.346463E+00	-2.719973E+01	4.902742E-01	
966	-4.354616E+00	-2.719236E+01	3.833796E-01	
967	-4.351807E+00	-2.721853E+01	2.727775E-01	
968	-4.337875E+00	-2.727983E+01	1.613473E-01	
969	-4.312947E+00	-2.737726E+01	5.224838E-02	
970	-4.396875E+00	-2.714346E+01	5.928961E-01	
971	-4.404614E+00	-2.711609E+01	4.649329E-01	
972	-4.399855E+00	-2.712667E+01	3.318839E-01	
973	-4.382294E+00	-2.717734E+01	1.970602E-01	
974	-4.351930E+00	-2.726961E+01	6.411781E-02	
975	-4.455265E+00	-2.707503E+01	7.099909E-01	
976	-4.462337E+00	-2.702316E+01	5.583493E-01	
977	-4.455166E+00	-2.701423E+01	3.998852E-01	
978	-4.433275E+00	-2.705104E+01	2.383532E-01	
979	-4.396502E+00	-2.713576E+01	7.792535E-02	
980	-4.522180E+00	-2.699247E+01	8.434935E-01	
981	-4.528240E+00	-2.691085E+01	6.652450E-01	
982	-4.518099E+00	-2.687777E+01	4.780212E-01	
983	-4.491079E+00	-2.689679E+01	2.860250E-01	
984	-4.446815E+00	-2.697084E+01	9.395665E-02	
985	-4.598201E+00	-2.689356E+01	9.953578E-01	
986	-4.602780E+00	-2.677611E+01	7.872596E-01	
987	-4.588997E+00	-2.671337E+01	5.675571E-01	
988	-4.555931E+00	-2.670981E+01	3.408958E-01	
989	-4.502976E+00	-2.676926E+01	1.125078E-01	
990	-4.683932E+00	-2.677577E+01	1.167518E+00	
991	-4.686408E+00	-2.661547E+01	9.260249E-01	
992	-4.668163E+00	-2.651662E+01	6.697610E-01	
993	-4.627999E+00	-2.648472E+01	4.037956E-01	
994	-4.565016E+00	-2.652465E+01	1.338819E-01	
995	-4.779990E+00	-2.663623E+01	1.361834E+00	
996	-4.779541E+00	-2.642505E+01	1.083120E+00	
997	-4.755835E+00	-2.628257E+01	7.858711E-01	
998	-4.707359E+00	-2.621545E+01	4.755442E-01	
999	-4.632869E+00	-2.622983E+01	1.583825E-01	
1000	-4.886997E+00	-2.647171E+01	1.580020E+00	
1001	-4.882545E+00	-2.620053E+01	1.260008E+00	
1002	-4.852157E+00	-2.600574E+01	9.170481E-01	
1003	-4.793966E+00	-2.589532E+01	5.569220E-01	
1004	-4.706327E+00	-2.587678E+01	1.863045E-01	
1005	-5.005569E+00	-2.627864E+01	1.823541E+00	
1006	-4.995710E+00	-2.593717E+01	1.457951E+00	
1007	-4.957138E+00	-2.568013E+01	1.064309E+00	
1008	-4.887603E+00	-2.551694E+01	6.486286E-01	
1009	-4.784998E+00	-2.545667E+01	2.179199E-01	
1010	-5.136307E+00	-2.605298E+01	2.093483E+00	
1011	-5.119221E+00	-2.562978E+01	1.677892E+00	
1012	-5.070616E+00	-2.529926E+01	1.228436E+00	
1013	-4.987836E+00	-2.507234E+01	7.512256E-01	
1014	-4.868255E+00	-2.495987E+01	2.534583E-01	
1015	-5.279793E+00	-2.579030E+01	2.390385E+00	
1016	-5.253131E+00	-2.527278E+01	1.920309E+00	
1017	-5.192205E+00	-2.485617E+01	1.409860E+00	
1018	-5.093951E+00	-2.455302E+01	8.650592E-01	
1019	-4.955177E+00	-2.437602E+01	2.930801E-01	
1020	-5.436589E+00	-2.548564E+01	2.714021E+00	
1021	-5.397329E+00	-2.486014E+01	2.185016E+00	
1022	-5.321241E+00	-2.434356E+01	1.608500E+00	
1023	-5.204887E+00	-2.395003E+01	9.901572E-01	
1024	-5.044473E+00	-2.369422E+01	3.368398E-01	
1025	-5.607235E+00	-2.513349E+01	3.063130E+00	
1026	-5.551504E+00	-2.438549E+01	2.470917E+00	
1027	-5.456725E+00	-2.375388E+01	1.823565E+00	
1028	-5.319156E+00	-2.325424E+01	1.126095E+00	
1029	-5.134403E+00	-2.290320E+01	3.846378E-01	
1030	-3.842984E+00	-2.766354E+01	2.059649E-02	
1031	-3.887965E+00	-2.759291E+01	2.098703E-02	
1032	-3.932616E+00	-2.752599E+01	2.102508E-02	
1033	-3.976044E+00	-2.746492E+01	2.071036E-02	
1034	-4.017375E+00	-2.741180E+01	2.004945E-02	
1035	-4.055780E+00	-2.736868E+01	1.905602E-02	
1036	-4.090494E+00	-2.733748E+01	1.775111E-02	
1037	-4.120837E+00	-2.731998E+01	1.616324E-02	
1038	-4.146237E+00	-2.731774E+01	1.432838E-02	
1039	-4.166253E+00	-2.733209E+01	1.228986E-02	
1040	-3.842884E+00	-2.766787E+01	6.186566E-02	
1041	-3.887999E+00	-2.759667E+01	6.304005E-02	
1042	-3.932784E+00	-2.752918E+01	6.315588E-02	
1043	-3.976343E+00	-2.746753E+01	6.221225E-02	
1044	-4.017800E+00	-2.741384E+01	6.022879E-02	
1045	-4.056323E+00	-2.737015E+01	5.724651E-02	
1046	-4.091141E+00	-2.733841E+01	5.332846E-02	
1047	-4.121573E+00	-2.732040E+01	4.856011E-02	
1048	-4.147043E+00	-2.731770E+01	4.304949E-02	
1049	-4.167107E+00	-2.733165E+01	3.692611E-02	
1050	-3.842686E+00	-2.767653E+01	1.033634E-01	
1051	-3.888069E+00	-2.760421E+01	1.053301E-01	
1052	-3.933123E+00	-2.753557E+01	1.055287E-01	
1053	-3.976945E+00	-2.747275E+01	1.039577E-01	
1054	-4.018653E+00	-2.741790E+01	1.006496E-01	
1055	-4.057409E+00	-2.737309E+01	9.567246E-02	
1056	-4.092437E+00	-2.734028E+01	8.913130E-02	
1057	-4.123048E+00	-2.732126E+01	8.116839E-02	
1058	-4.148659E+00	-2.731763E+01	7.196354E-02	
1059	-4.168819E+00	-2.733076E+01	6.173322E-02	
1060	-3.842395E+00	-2.768956E+01	1.452425E-01	
1061	-3.888181E+00	-2.761555E+01	1.480153E-01	
1062	-3.933637E+00	-2.754517E+01	1.483052E-01	
1063	-3.977853E+00	-2.748061E+01	1.461094E-01	
1064	-4.019939E+00	-2.742402E+01	1.414730E-01	
1065	-4.059045E+00	-2.737752E+01	1.344912E-01	
1066	-4.094387E+00	-2.734308E+01	1.253104E-01	
1067	-4.125266E+00	-2.732253E+01	1.141296E-01	
1068	-4.151090E+00	-2.731752E+01	1.012001E-01	
1069	-4.171396E+00	-2.732942E+01	8.682490E-02	
1070	-3.842017E+00	-2.770700E+01	1.876559E-01	
1071	-3.888340E+00	-2.763073E+01	1.912545E-01	
1072	-3.934334E+00	-2.755803E+01	1.916474E-01	
1073	-3.979075E+00	-2.749113E+01	1.888305E-01	
1074	-4.021664E+00	-2.743222E+01	1.828611E-01	
1075	-4.061237E+00	-2.738344E+01	1.738608E-01	
1076	-4.096999E+00	-2.734682E+01	1.620174E-01	
1077	-4.128237E+00	-2.732424E+01	1.475860E-01	
1078	-4.154345E+00	-2.731736E+01	1.308897E-01	
1079	-4.174847E+00	-2.732761E+01	1.123177E-01	
1080	-3.841004E+00	-2.775089E+01	2.635081E-01	
1081	-3.888724E+00	-2.766902E+01	2.686134E-01	
1082	-3.936115E+00	-2.759059E+01	2.692254E-01	
1083	-3.982226E+00	-2.751789E+01	2.653360E-01	
1084	-4.026125E+00	-2.745323E+01	2.570228E-01	
1085	-4.066919E+00	-2.739884E+01	2.444529E-01	
1086	-4.103778E+00	-2.735683E+01	2.278856E-01	
1087	-4.135957E+00	-2.732918E+01	2.076735E-01	
1088	-4.162818E+00	-2.731766E+01	1.842639E-01	
1089	-4.183849E+00	-2.732379E+01	1.581972E-01	
1090	-3.839569E+00	-2.783436E+01	3.774288E-01	
1091	-3.889776E+00	-2.774168E+01	3.848868E-01	
1092	-3.939653E+00	-2.765216E+01	3.859308E-01	
1093	-3.988195E+00	-2.756827E+01	3.805429E-01	
1094	-4.034417E+00	-2.749248E+01	3.688263E-01	
1095	-4.077370E+00	-2.742720E+01	3.510099E-01	
1096	-4.116168E+00	-2.737474E+01	3.274525E-01	
1097	-4.150006E+00	-2.733727E+01	2.986445E-01	
1098	-4.178188E+00	-2.731674E+01	2.652098E-01	
1099	-4.200146E+00	-2.731487E+01	2.279041E-01	
1100	-3.838105E+00	-2.794819E+01	4.997215E-01	
1101	-3.891630E+00	-2.784080E+01	5.098384E-01	
1102	-3.944821E+00	-2.773618E+01	5.115003E-01	
1103	-3.996606E+00	-2.763704E+01	5.046736E-01	
1104	-4.045926E+00	-2.754607E+01	4.894819E-01	
1105	-4.091759E+00	-2.746593E+01	4.662120E-01	
1106	-4.133142E+00	-2.739918E+01	4.353188E-01	
1107	-4.169198E+00	-2.734823E+01	3.974291E-01	
1108	-4.199152E+00	-2.731532E+01	3.533431E-01	
1109	-4.222366E+00	-2.730239E+01	3.040352E-01	
1110	-3.837019E+00	-2.809451E+01	6.328658E-01	
1111	-3.894687E+00	-2.796827E+01	6.460392E-01	
1112	-3.952016E+00	-2.784429E+01	6.485617E-01	
1113	-4.007846E+00	-2.772556E+01	6.403767E-01	
1114	-4.061028E+00	-2.761507E+01	6.216220E-01	
1115	-4.110450E+00	-2.751579E+01	5.926370E-01	
1116	-4.155055E+00	-2.743060E+01	5.539694E-01	
1117	-4.193870E+00	-2.736223E+01	5.063800E-01	
1118	-4.226029E+00	-2.731324E+01	4.508463E-01	
1119	-4.250800E+00	-2.728592E+01	3.885642E-01	
1120	-3.836849E+00	-2.827600E+01	7.793974E-01	
1121	-3.899478E+00	-2.812644E+01	7.961175E-01	
1122	-3.961755E+00	-2.797851E+01	7.998009E-01	
1123	-4.022417E+00	-2.783551E+01	7.903594E-01	
1124	-4.080210E+00	-2.770081E+01	7.679375E-01	
1125	-4.133909E+00	-2.757775E+01	7.329212E-01	
1126	-4.182348E+00	-2.746959E+01	6.859462E-01	
1127	-4.224439E+00	-2.737946E+01	6.279041E-01	
1128	-4.259202E+00	-2.731032E+01	5.599482E-01	
1129	-4.285792E+00	-2.726488E+01	4.834964E-01	
1130	-3.838286E+00	-2.849585E+01	9.419163E-01	
1131	-3.906677E+00	-2.831815E+01	9.627660E-01	
1132	-3.974694E+00	-2.814126E+01	9.679679E-01	
1133	-4.040954E+00	-2.796891E+01	9.573924E-01	
1134	-4.104077E+00	-2.780488E+01	9.311820E-01	
1135	-4.162713E+00	-2.765295E+01	8.897621E-01	
1136	-4.215563E+00	-2.751684E+01	8.338501E-01	
1137	-4.261409E+00	-2.740016E+01	7.644637E-01	
1138	-4.299134E+00	-2.730634E+01	6.829280E-01	
1139	-4.327759E+00	-2.723857E+01	5.908802E-01	
1140	-3.842207E+00	-2.875778E+01	1.123093E+00	
1141	-3.917139E+00	-2.854667E+01	1.148747E+00	
1142	-3.991658E+00	-2.833537E+01	1.155880E+00	
1143	-4.064246E+00	-2.812808E+01	1.144311E+00	
1144	-4.133381E+00	-2.792910E+01	1.114172E+00	
1145	-4.197567E+00	-2.774270E+01	1.065918E+00	
1146	-4.255358E+00	-2.757314E+01	1.000341E+00	
1147	-4.305384E+00	-2.742458E+01	9.185782E-01	
1148	-4.346378E+00	-2.730098E+01	8.221210E-01	
1149	-4.377201E+00	-2.720613E+01	7.128210E-01	
1150	-3.849704E+00	-2.906604E+01	1.325672E+00	
1151	-3.931922E+00	-2.881572E+01	1.356892E+00	
1152	-4.013666E+00	-2.856401E+01	1.366421E+00	
1153	-4.093263E+00	-2.831567E+01	1.354013E+00	
1154	-4.169033E+00	-2.807554E+01	1.319780E+00	
1155	-4.239321E+00	-2.784848E+01	1.264200E+00	
1156	-4.302516E+00	-2.763936E+01	1.188129E+00	
1157	-4.357080E+00	-2.745295E+01	1.092818E+00	
1158	-4.401575E+00	-2.729386E+01	9.799156E-01	
1159	-4.434689E+00	-2.716652E+01	8.514804E-01	
1160	-3.862134E+00	-2.942532E+01	1.552475E+00	
1161	-3.952338E+00	-2.912943E+01	1.590105E+00	
1162	-4.041971E+00	-2.883073E+01	1.602536E+00	
1163	-4.129189E+00	-2.853458E+01	1.589450E+00	
1164	-4.212142E+00	-2.824645E+01	1.550928E+00	
1165	-4.288997E+00	-2.797189E+01	1.487461E+00	
1166	-4.357967E+00	-2.771642E+01	1.399965E+00	
1167	-4.417331E+00	-2.748551E+01	1.289791E+00	
1168	-4.465465E+00	-2.728450E+01	1.158738E+00	
1169	-4.500866E+00	-2.711853E+01	1.009062E+00	
1170	-3.881169E+00	-2.984082E+01	1.806403E+00	
1171	-3.979996E+00	-2.949233E+01	1.851354E+00	
1172	-4.078106E+00	-2.913936E+01	1.867224E+00	
1173	-4.173469E+00	-2.878794E+01	1.853612E+00	
1174	-4.264045E+00	-2.844427E+01	1.810562E+00	
1175	-4.347818E+00	-2.811461E+01	1.738571E+00	
1176	-4.422807E+00	-2.780524E+01	1.638607E+00	
1177	-4.487104E+00	-2.752242E+01	1.512112E+00	
1178	-4.538883E+00	-2.727227E+01	1.361022E+00	
1179	-4.576438E+00	-2.706075E+01	1.187782E+00	
1180	-3.908862E+00	-3.031812E+01	2.090431E+00	
1181	-4.016870E+00	-2.990927E+01	2.143666E+00	
1182	-4.123944E+00	-2.949398E+01	2.163521E+00	
1183	-4.227852E+00	-2.907907E+01	2.149507E+00	
1184	-4.326356E+00	-2.867151E+01	2.101628E+00	
1185	-4.417240E+00	-2.827837E+01	2.020383E+00	
1186	-4.498330E+00	-2.790677E+01	1.906784E+00	
1187	-4.567516E+00	-2.756379E+01	1.762359E+00	
1188	-4.622771E+00	-2.725642E+01	1.589169E+00	
1189	-4.662174E+00	-2.699154E+01	1.389827E+00	
1190	-3.947719E+00	-3.086316E+01	2.407613E+00	
1191	-4.065366E+00	-3.038536E+01	2.470119E+00	
1192	-4.181764E+00	-2.989888E+01	2.494484E+00	
1193	-4.294463E+00	-2.941140E+01	2.480135E+00	
1194	-4.401017E+00	-2.893074E+01	2.427033E+00	
1195	-4.499006E+00	-2.846488E+01	2.335685E+00	
1196	-4.586057E+00	-2.802182E+01	2.207145E+00	
1197	-4.659862E+00	-2.760955E+01	2.043019E+00	
1198	-4.718192E+00	-2.723601E+01	1.845483E+00	
1199	-4.758910E+00	-2.690902E+01	1.617297E+00	
1200	-4.000794E+00	-3.148217E+01	2.761082E+00	
1201	-4.128412E+00	-3.092590E+01	2.833831E+00	
1202	-4.254334E+00	-3.035842E+01	2.863171E+00	
1203	-4.375877E+00	-2.978834E+01	2.848448E+00	
1204	-4.490374E+00	-2.922448E+01	2.789597E+00	
1205	-4.595201E+00	-2.867573E+01	2.687140E+00	
1206	-4.687790E+00	-2.815107E+01	2.542182E+00	
1207	-4.765645E+00	-2.765945E+01	2.356407E+00	
1208	-4.826343E+00	-2.720981E+01	2.132091E+00	
1209	-4.867546E+00	-2.681099E+01	1.872120E+00	
1210	-4.071789E+00	-3.218157E+01	3.154055E+00	
1211	-4.209562E+00	-3.153625E+01	3.237957E+00	
1212	-4.345014E+00	-3.087691E+01	3.272615E+00	
1213	-4.475210E+00	-3.021321E+01	3.257316E+00	
1214	-4.597256E+00	-2.955501E+01	3.191995E+00	
1215	-4.708325E+00	-2.891224E+01	3.077214E+00	
1216	-4.805668E+00	-2.829489E+01	2.914146E+00	
1217	-4.886619E+00	-2.771293E+01	2.704563E+00	
1218	-4.948590E+00	-2.717631E+01	2.450836E+00	
1219	-4.989060E+00	-2.669493E+01	2.155950E+00	
1220	-4.165174E+00	-3.296785E+01	3.589845E+00	
1221	-4.313113E+00	-3.222171E+01	3.685679E+00	
1222	-4.457869E+00	-3.145848E+01	3.725802E+00	
1223	-4.596235E+00	-3.068901E+01	3.709481E+00	
1224	-4.725082E+00	-2.992428E+01	3.636691E+00	
1225	-4.841388E+00	-2.917534E+01	3.508081E+00	
1226	-4.942244E+00	-2.845323E+01	3.324933E+00	
1227	-5.024850E+00	-2.776897E+01	3.089129E+00	
1228	-5.086493E+00	-2.713353E+01	2.803139E+00	
1229	-5.124521E+00	-2.655789E+01	2.470027E+00	
1230	-4.286315E+00	-3.384742E+01	4.071880E+00	
1231	-4.444234E+00	-3.298734E+01	4.180216E+00	
1232	-4.597800E+00	-3.210689E+01	4.225658E+00	
1233	-4.743507E+00	-3.121824E+01	4.207511E+00	
1234	-4.877981E+00	-3.033364E+01	4.125863E+00	
1235	-4.998016E+00	-2.946531E+01	3.981525E+00	
1236	-5.100577E+00	-2.862540E+01	3.775954E+00	
1237	-5.182782E+00	-2.782596E+01	3.511193E+00	
1238	-5.241862E+00	-2.707898E+01	3.189833E+00	
1239	-5.275106E+00	-2.639642E+01	2.815002E+00	
1240	-4.441621E+00	-3.482648E+01	4.603743E+00	
1241	-4.609119E+00	-3.383774E+01	4.724841E+00	
1242	-4.770699E+00	-3.282523E+01	4.775036E+00	
1243	-4.922514E+00	-3.180262E+01	4.753761E+00	
1244	-5.060933E+00	-3.078356E+01	4.661327E+00	
1245	-5.182582E+00	-2.978153E+01	4.498819E+00	
1246	-5.284344E+00	-2.880981E+01	4.267979E+00	
1247	-5.363330E+00	-2.788145E+01	3.971101E+00	
1248	-5.416813E+00	-2.700938E+01	3.610949E+00	
1249	-5.442132E+00	-2.620646E+01	3.190712E+00	
1250	-4.638684E+00	-3.591080E+01	5.189222E+00	
1251	-4.815138E+00	-3.477684E+01	5.322915E+00	
1252	-4.983606E+00	-3.361569E+01	5.376726E+00	
1253	-5.139842E+00	-3.244276E+01	5.350343E+00	
1254	-5.279934E+00	-3.127328E+01	5.244456E+00	
1255	-5.400356E+00	-3.012208E+01	5.060597E+00	
1256	-5.497972E+00	-2.900360E+01	4.800963E+00	
1257	-5.569985E+00	-2.793185E+01	4.468240E+00	
1258	-5.613841E+00	-2.692052E+01	4.065462E+00	
1259	-5.627095E+00	-2.598318E+01	3.595918E+00	
1260	-3.295832E+00	-2.805654E+01	1.632211E-03	
1261	-3.554116E+00	-2.815119E+01	4.187191E-03	
1262	-3.570004E+00	-2.812929E+01	6.785065E-03	
1263	-3.589542E+00	-2.809610E+01	9.286208E-03	
1264	-3.614089E+00	-2.805304E+01	1.163892E-02	
1265	-3.643501E+00	-2.800127E+01	1.380111E-02	
1266	-3.677317E+00	-2.794207E+01	1.573533E-02	
1267	-3.714922E+00	-2.787694E+01	1.740835E-02	
1268	-3.755602E+00	-2.780757E+01	1.879133E-02	
1269	-3.798570E+00	-2.773578E+01	1.986028E-02	
1270	-3.294751E+00	-2.806415E+01	4.902674E-03	
1271	-3.553185E+00	-2.815877E+01	1.257606E-02	
1272	-3.569112E+00	-2.813673E+01	2.037858E-02	
1273	-3.588705E+00	-2.810334E+01	2.789070E-02	
1274	-3.613321E+00	-2.806002E+01	3.495715E-02	
1275	-3.642818E+00	-2.800792E+01	4.145150E-02	
1276	-3.676731E+00	-2.794834E+01	4.726138E-02	
1277	-3.714445E+00	-2.788279E+01	5.228694E-02	
1278	-3.755244E+00	-2.781294E+01	5.644155E-02	
1279	-3.798339E+00	-2.774065E+01	5.965318E-02	
1280	-3.292591E+00	-2.807940E+01	8.191357E-03	
1281	-3.551325E+00	-2.817397E+01	2.100840E-02	
1282	-3.567330E+00	-2.815166E+01	3.404230E-02	
1283	-3.587032E+00	-2.811786E+01	4.659147E-02	
1284	-3.611788E+00	-2.807401E+01	5.839656E-02	
1285	-3.641454E+00	-2.802125E+01	6.924650E-02	
1286	-3.675562E+00	-2.796091E+01	7.895364E-02	
1287	-3.713494E+00	-2.789450E+01	8.735119E-02	
1288	-3.754531E+00	-2.782371E+01	9.429451E-02	
1289	-3.797878E+00	-2.775039E+01	9.966321E-02	
1290	-3.289355E+00	-2.810232E+01	1.151081E-02	
1291	-3.548540E+00	-2.819683E+01	2.951323E-02	
1292	-3.564663E+00	-2.817409E+01	4.782313E-02	
1293	-3.584528E+00	-2.813968E+01	6.545280E-02	
1294	-3.609494E+00	-2.809503E+01	8.203806E-02	
1295	-3.639413E+00	-2.804130E+01	9.728267E-02	
1296	-3.673814E+00	-2.797982E+01	1.109231E-01	
1297	-3.712073E+00	-2.791211E+01	1.227251E-01	
1298	-3.753466E+00	-2.783990E+01	1.324856E-01	
1299	-3.797192E+00	-2.776505E+01	1.400354E-01	
1300	-3.285051E+00	-2.813299E+01	1.487415E-02	
1301	-3.544836E+00	-2.822740E+01	3.811949E-02	
1302	-3.561118E+00	-2.820411E+01	6.176836E-02	
1303	-3.581200E+00	-2.816888E+01	8.453905E-02	
1304	-3.606445E+00	-2.812316E+01	1.059628E-01	
1305	-3.636702E+00	-2.806812E+01	1.256568E-01	
1306	-3.671493E+00	-2.800511E+01	1.432810E-01	
1307	-3.710189E+00	-2.793568E+01	1.585330E-01	
1308	-3.752057E+00	-2.786157E+01	1.711505E-01	
1309	-3.796289E+00	-2.778466E+01	1.809150E-01	
1310	-3.273857E+00	-2.820950E+01	2.088903E-02	
1311	-3.535175E+00	-2.830373E+01	5.349011E-02	
1312	-3.551863E+00	-2.827906E+01	8.666934E-02	
1313	-3.572511E+00	-2.824181E+01	1.186226E-01	
1314	-3.598483E+00	-2.819344E+01	1.486909E-01	
1315	-3.629617E+00	-2.813518E+01	1.763382E-01	
1316	-3.665424E+00	-2.806840E+01	2.010879E-01	
1317	-3.705256E+00	-2.799471E+01	2.225163E-01	
1318	-3.748360E+00	-2.791589E+01	2.402558E-01	
1319	-3.793906E+00	-2.783392E+01	2.539997E-01	
1320	-3.254134E+00	-2.835606E+01	2.990400E-02	
1321	-3.518290E+00	-2.844985E+01	7.650789E-02	
1322	-3.535710E+00	-2.842252E+01	1.239537E-01	
1323	-3.557372E+00	-2.838137E+01	1.696603E-01	
1324	-3.584644E+00	-2.832791E+01	2.126855E-01	
1325	-3.617349E+00	-2.826341E+01	2.522648E-01	
1326	-3.654970E+00	-2.818935E+01	2.877190E-01	
1327	-3.696830E+00	-2.810742E+01	3.184437E-01	
1328	-3.742141E+00	-2.801953E+01	3.439137E-01	
1329	-3.790032E+00	-2.792776E+01	3.636903E-01	
1330	-3.228200E+00	-2.855560E+01	3.957959E-02	
1331	-3.496192E+00	-2.864882E+01	1.011171E-01	
1332	-3.514589E+00	-2.861788E+01	1.638107E-01	
1333	-3.537608E+00	-2.857142E+01	2.242264E-01	
1334	-3.566618E+00	-2.851103E+01	2.811222E-01	
1335	-3.601421E+00	-2.843807E+01	3.334916E-01	
1336	-3.641467E+00	-2.835412E+01	3.804408E-01	
1337	-3.686036E+00	-2.826101E+01	4.211738E-01	
1338	-3.734293E+00	-2.816078E+01	4.549979E-01	
1339	-3.785313E+00	-2.805570E+01	4.813330E-01	
1340	-3.196423E+00	-2.881165E+01	5.010927E-02	
1341	-3.469277E+00	-2.890411E+01	1.277936E-01	
1342	-3.488903E+00	-2.886854E+01	2.070045E-01	
1343	-3.513621E+00	-2.881531E+01	2.833687E-01	
1344	-3.544810E+00	-2.874606E+01	3.553194E-01	
1345	-3.582243E+00	-2.866228E+01	4.215910E-01	
1346	-3.625325E+00	-2.856568E+01	4.810593E-01	
1347	-3.673285E+00	-2.845825E+01	5.327228E-01	
1348	-3.725227E+00	-2.834223E+01	5.757085E-01	
1349	-3.780160E+00	-2.822010E+01	6.092833E-01	
1350	-3.159299E+00	-2.912859E+01	6.169563E-02	
1351	-3.438085E+00	-2.922010E+01	1.570244E-01	
1352	-3.459192E+00	-2.917884E+01	2.543205E-01	
1353	-3.485956E+00	-2.911724E+01	3.481628E-01	
1354	-3.519768E+00	-2.903706E+01	4.366300E-01	
1355	-3.560362E+00	-2.893993E+01	5.181753E-01	
1356	-3.607093E+00	-2.882771E+01	5.914254E-01	
1357	-3.659126E+00	-2.870261E+01	6.551558E-01	
1358	-3.715491E+00	-2.856711E+01	7.082978E-01	
1359	-3.775116E+00	-2.842392E+01	7.499508E-01	
1360	-3.117481E+00	-2.951174E+01	7.454977E-02	
1361	-3.403320E+00	-2.960207E+01	1.893126E-01	
1362	-3.426164E+00	-2.955395E+01	3.065691E-01	
1363	-3.455325E+00	-2.948227E+01	4.197185E-01	
1364	-3.492204E+00	-2.938894E+01	5.264487E-01	
1365	-3.536494E+00	-2.927571E+01	6.249056E-01	
1366	-3.587488E+00	-2.914468E+01	7.134440E-01	
1367	-3.644274E+00	-2.899830E+01	7.905962E-01	
1368	-3.705796E+00	-2.883930E+01	8.550791E-01	
1369	-3.770885E+00	-2.867072E+01	9.058086E-01	
1370	-3.071817E+00	-2.996732E+01	8.889241E-02	
1371	-3.365888E+00	-3.005621E+01	2.251813E-01	
1372	-3.390726E+00	-2.999996E+01	3.645915E-01	
1373	-3.422638E+00	-2.991635E+01	4.991861E-01	
1374	-3.463033E+00	-2.980742E+01	6.262198E-01	
1375	-3.511556E+00	-2.967512E+01	7.435001E-01	
1376	-3.567426E+00	-2.952180E+01	8.490832E-01	
1377	-3.629641E+00	-2.935018E+01	9.412347E-01	
1378	-3.697046E+00	-2.916332E+01	1.018436E+00	
1379	-3.768360E+00	-2.896464E+01	1.079400E+00	
1380	-3.023389E+00	-3.050249E+01	1.049557E-01	
1381	-3.326931E+00	-3.058965E+01	2.651764E-01	
1382	-3.354028E+00	-3.052388E+01	4.292648E-01	
1383	-3.389046E+00	-3.042629E+01	5.877643E-01	
1384	-3.433410E+00	-3.029909E+01	7.374461E-01	
1385	-3.486703E+00	-3.014446E+01	8.757436E-01	
1386	-3.548059E+00	-2.996503E+01	1.000384E+00	
1387	-3.616376E+00	-2.976385E+01	1.109338E+00	
1388	-3.690378E+00	-2.954436E+01	1.200829E+00	
1389	-3.768659E+00	-2.931038E+01	1.273347E+00	
1390	-2.973559E+00	-3.112538E+01	1.229855E-01	
1391	-3.287880E+00	-3.121046E+01	3.098716E-01	
1392	-3.317505E+00	-3.113362E+01	5.015086E-01	
1393	-3.355991E+00	-3.101980E+01	6.867076E-01	
1394	-3.404777E+00	-3.087139E+01	8.616981E-01	
1395	-3.463379E+00	-3.069083E+01	1.023498E+00	
1396	-3.530831E+00	-3.048109E+01	1.169469E+00	
1397	-3.605910E+00	-3.024558E+01	1.297258E+00	
1398	-3.687209E+00	-2.998819E+01	1.404804E+00	
1399	-3.773173E+00	-2.971322E+01	1.490351E+00	
1400	-2.924031E+00	-3.184508E+01	1.432434E-01	
1401	-3.250511E+00	-3.192767E+01	3.598727E-01	
1402	-3.282937E+00	-3.183807E+01	5.822928E-01	
1403	-3.325258E+00	-3.170551E+01	7.973369E-01	
1404	-3.378926E+00	-3.153262E+01	1.000625E+00	
1405	-3.443375E+00	-3.132215E+01	1.188712E+00	
1406	-3.517526E+00	-3.107742E+01	1.358556E+00	
1407	-3.600019E+00	-3.080232E+01	1.507444E+00	
1408	-3.689291E+00	-3.050122E+01	1.633001E+00	
1409	-3.783622E+00	-3.017897E+01	1.733203E+00	
1410	-2.876915E+00	-3.267171E+01	1.660099E-01	
1411	-3.217007E+00	-3.275132E+01	4.158237E-01	
1412	-3.252515E+00	-3.264704E+01	6.726460E-01	
1413	-3.299044E+00	-3.249296E+01	9.210501E-01	
1414	-3.358057E+00	-3.229195E+01	1.155970E+00	
1415	-3.428894E+00	-3.204713E+01	1.373440E+00	
1416	-3.510343E+00	-3.176225E+01	1.569971E+00	
1417	-3.600884E+00	-3.144169E+01	1.742452E+00	
1418	-3.698779E+00	-3.109043E+01	1.888162E+00	
1419	-3.802119E+00	-3.071393E+01	2.004784E+00	
1420	-2.834805E+00	-3.361643E+01	1.915877E-01	
1421	-3.190034E+00	-3.369245E+01	4.784139E-01	
1422	-3.228915E+00	-3.357137E+01	7.736664E-01	
1423	-3.280033E+00	-3.339264E+01	1.059337E+00	
1424	-3.344861E+00	-3.315945E+01	1.329582E+00	
1425	-3.422629E+00	-3.287531E+01	1.579856E+00	
1426	-3.511967E+00	-3.254449E+01	1.806165E+00	
1427	-3.611175E+00	-3.217196E+01	2.004963E+00	
1428	-3.718310E+00	-3.176334E+01	2.173145E+00	
1429	-3.831246E+00	-3.132485E+01	2.308077E+00	
1430	-2.800867E+00	-3.469145E+01	2.203054E-01	
1431	-3.172832E+00	-3.476319E+01	5.483853E-01	
1432	-3.215386E+00	-3.462290E+01	8.865344E-01	
1433	-3.271485E+00	-3.441601E+01	1.213794E+00	
1434	-3.342606E+00	-3.414606E+01	1.523440E+00	
1435	-3.427849E+00	-3.381703E+01	1.810273E+00	
1436	-3.525664E+00	-3.343378E+01	2.069739E+00	
1437	-3.634136E+00	-3.300197E+01	2.297800E+00	
1438	-3.751089E+00	-3.252799E+01	2.490938E+00	
1439	-3.874148E+00	-3.201887E+01	2.646172E+00	
1440	-2.778944E+00	-3.591016E+01	2.525219E-01	
1441	-3.169315E+00	-3.597675E+01	6.265421E-01	
1442	-3.215852E+00	-3.581454E+01	1.012526E+00	
1443	-3.277335E+00	-3.557553E+01	1.386144E+00	
1444	-3.355238E+00	-3.526365E+01	1.739674E+00	
1445	-3.448506E+00	-3.488345E+01	2.067175E+00	
1446	-3.555379E+00	-3.444048E+01	2.363462E+00	
1447	-3.673693E+00	-3.394119E+01	2.623958E+00	
1448	-3.800999E+00	-3.339285E+01	2.844683E+00	
1449	-3.934634E+00	-3.280345E+01	3.022283E+00	
1450	-2.773679E+00	-3.728709E+01	2.886307E-01	
1451	-3.184187E+00	-3.734752E+01	7.137586E-01	
1452	-3.235030E+00	-3.716031E+01	1.153027E+00	
1453	-3.302311E+00	-3.688467E+01	1.578257E+00	
1454	-3.387493E+00	-3.652502E+01	1.980586E+00	
1455	-3.489342E+00	-3.608655E+01	2.353237E+00	
1456	-3.605849E+00	-3.557561E+01	2.690314E+00	
1457	-3.734562E+00	-3.499958E+01	2.986630E+00	
1458	-3.872710E+00	-3.436677E+01	3.237702E+00	
1459	-4.017297E+00	-3.368628E+01	3.439773E+00	
1460	-2.790659E+00	-3.883805E+01	3.290635E-01	
1461	-3.223086E+00	-3.889107E+01	8.109862E-01	
1462	-3.278564E+00	-3.867537E+01	1.309543E+00	
1463	-3.352065E+00	-3.835800E+01	1.792160E+00	
1464	-3.445031E+00	-3.794394E+01	2.248678E+00	
1465	-3.556018E+00	-3.743914E+01	2.671362E+00	
1466	-3.682731E+00	-3.685088E+01	3.053510E+00	
1467	-3.822377E+00	-3.618764E+01	3.389251E+00	
1468	-3.971810E+00	-3.545893E+01	3.673538E+00	
1469	-4.127637E+00	-3.467516E+01	3.902183E+00	
1470	-2.836590E+00	-4.058011E+01	3.742915E-01	
1471	-3.292744E+00	-4.062422E+01	9.192535E-01	
1472	-3.353186E+00	-4.037606E+01	1.483702E+00	
1473	-3.433324E+00	-4.001116E+01	2.030054E+00	
1474	-3.534573E+00	-3.953515E+01	2.546661E+00	
1475	-3.655251E+00	-3.895485E+01	3.024698E+00	
1476	-3.792730E+00	-3.827865E+01	3.456540E+00	
1477	-3.943819E+00	-3.751629E+01	3.835534E+00	
1478	-4.104932E+00	-3.667872E+01	4.156001E+00	
1479	-4.272205E+00	-3.577788E+01	4.413276E+00	
1480	-2.919506E+00	-4.253162E+01	4.248222E-01	
1481	-3.401193E+00	-4.256506E+01	1.039655E+00	
1482	-3.466903E+00	-4.227994E+01	1.677241E+00	
1483	-3.554064E+00	-4.186094E+01	2.294289E+00	
1484	-3.664064E+00	-4.131440E+01	2.877453E+00	
1485	-3.794955E+00	-4.064819E+01	3.416651E+00	
1486	-3.943733E+00	-3.987193E+01	3.903190E+00	
1487	-4.106748E+00	-3.899689E+01	4.329513E+00	
1488	-4.279889E+00	-3.803571E+01	4.689214E+00	
1489	-4.458731E+00	-3.700214E+01	4.977097E+00	
