nodal
2
1229
1	5.662033E-01	2.111604E-01	
2	9.228782E-01	3.333173E-01	
3	1.035659E+00	3.611494E-01	
4	1.163437E+00	3.904138E-01	
5	1.313794E+00	4.227157E-01	
6	1.479516E+00	4.545055E-01	
7	1.668575E+00	4.873259E-01	
8	1.890186E+00	5.222838E-01	
9	2.141193E+00	5.566220E-01	
10	2.435476E+00	5.920778E-01	
11	2.771144E+00	6.255170E-01	
12	3.160468E+00	6.572588E-01	
13	3.039903E+00	5.770880E-01	
14	2.965992E+00	5.206932E-01	
15	3.054690E+00	4.951099E-01	
16	3.525281E+00	5.268691E-01	
17	3.611719E+00	4.891945E-01	
18	3.388155E+00	4.184641E-01	
19	3.160603E+00	3.578703E-01	
20	2.943474E+00	3.071902E-01	
21	2.732143E+00	2.640253E-01	
22	2.530068E+00	2.274431E-01	
23	2.345796E+00	1.969936E-01	
24	2.161375E+00	1.701912E-01	
25	1.988936E+00	1.474549E-01	
26	1.830485E+00	1.282318E-01	
27	1.682119E+00	1.117340E-01	
28	5.479118E-01	3.462390E-02	
29	9.104706E-01	3.548062E-01	
30	1.918609E+00	7.246156E-01	
31	2.152892E+00	7.857082E-01	
32	2.418513E+00	8.501718E-01	
33	2.728396E+00	9.205872E-01	
34	3.076619E+00	9.923218E-01	
35	3.467269E+00	1.064672E+00	
36	3.926054E+00	1.142333E+00	
37	4.449532E+00	1.220223E+00	
38	5.056544E+00	1.299513E+00	
39	5.757021E+00	1.377149E+00	
40	6.562291E+00	1.450474E+00	
41	6.581655E+00	1.332624E+00	
42	6.246070E+00	1.173318E+00	
43	6.440648E+00	1.120991E+00	
44	7.235355E+00	1.165707E+00	
45	7.725830E+00	1.133834E+00	
46	7.243783E+00	9.744548E-01	
47	6.762082E+00	8.384004E-01	
48	6.292107E+00	7.229418E-01	
49	5.843623E+00	6.251174E-01	
50	5.409363E+00	5.412689E-01	
51	5.012093E+00	4.710947E-01	
52	4.624726E+00	4.098510E-01	
53	4.251765E+00	3.567171E-01	
54	3.913356E+00	3.119308E-01	
55	3.596130E+00	2.732568E-01	
56	1.702940E+00	1.237533E-01	
57	1.007012E+00	4.107938E-01	
58	2.121839E+00	8.395019E-01	
59	2.380693E+00	9.109484E-01	
60	2.674146E+00	9.865136E-01	
61	3.016387E+00	1.069211E+00	
62	3.400936E+00	1.153769E+00	
63	3.832276E+00	1.239417E+00	
64	4.338791E+00	1.331719E+00	
65	4.916639E+00	1.424875E+00	
66	5.586600E+00	1.520387E+00	
67	6.359551E+00	1.614870E+00	
68	7.247985E+00	1.705426E+00	
69	7.268290E+00	1.571940E+00	
70	6.896811E+00	1.388157E+00	
71	7.110846E+00	1.330589E+00	
72	7.987375E+00	1.388599E+00	
73	8.527816E+00	1.356950E+00	
74	7.994940E+00	1.171752E+00	
75	7.462608E+00	1.013009E+00	
76	6.943474E+00	8.777450E-01	
77	6.448095E+00	7.626632E-01	
78	5.968540E+00	6.635718E-01	
79	5.529931E+00	5.803323E-01	
80	5.102337E+00	5.073148E-01	
81	4.690706E+00	4.436281E-01	
82	4.317159E+00	3.897185E-01	
83	3.967071E+00	3.429414E-01	
84	1.878580E+00	1.559968E-01	
85	1.113787E+00	4.764410E-01	
86	2.346812E+00	9.743847E-01	
87	2.632837E+00	1.058086E+00	
88	2.957004E+00	1.146791E+00	
89	3.335040E+00	1.244084E+00	
90	3.759706E+00	1.343896E+00	
91	4.235909E+00	1.445389E+00	
92	4.795083E+00	1.555193E+00	
93	5.432897E+00	1.666665E+00	
94	6.172183E+00	1.781692E+00	
95	7.025111E+00	1.896597E+00	
96	8.005217E+00	2.008145E+00	
97	8.026382E+00	1.856723E+00	
98	7.615098E+00	1.644305E+00	
99	7.850497E+00	1.581008E+00	
100	8.817064E+00	1.655449E+00	
101	9.412530E+00	1.624792E+00	
102	8.823444E+00	1.409210E+00	
103	8.235133E+00	1.223672E+00	
104	7.661607E+00	1.064936E+00	
105	7.114587E+00	9.293790E-01	
106	6.585043E+00	8.121231E-01	
107	6.100731E+00	7.132697E-01	
108	5.628710E+00	6.261431E-01	
109	5.174373E+00	5.497723E-01	
110	4.762156E+00	4.848854E-01	
111	4.375781E+00	4.283216E-01	
112	2.072309E+00	1.955813E-01	
113	1.103727E+00	4.958993E-01	
114	2.386701E+00	1.041598E+00	
115	2.677236E+00	1.131872E+00	
116	3.006561E+00	1.227782E+00	
117	3.390171E+00	1.333043E+00	
118	3.821778E+00	1.441670E+00	
119	4.304972E+00	1.552300E+00	
120	4.872338E+00	1.672433E+00	
121	5.519814E+00	1.795208E+00	
122	6.269477E+00	1.922457E+00	
123	7.134998E+00	2.050888E+00	
124	8.128702E+00	2.176839E+00	
125	8.178183E+00	2.025950E+00	
126	7.739730E+00	1.794782E+00	
127	7.978799E+00	1.730931E+00	
128	8.939028E+00	1.813866E+00	
129	9.575809E+00	1.793945E+00	
130	8.975039E+00	1.562156E+00	
131	8.376320E+00	1.362050E+00	
132	7.791708E+00	1.190005E+00	
133	7.235208E+00	1.042672E+00	
134	6.696064E+00	9.146160E-01	
135	6.202929E+00	8.062792E-01	
136	5.723407E+00	7.104879E-01	
137	5.260778E+00	6.260000E-01	
138	4.841528E+00	5.540175E-01	
139	4.448556E+00	4.910053E-01	
140	2.162554E+00	2.308754E-01	
141	1.084196E+00	5.086139E-01	
142	2.318178E+00	1.056999E+00	
143	2.600031E+00	1.149272E+00	
144	2.919494E+00	1.247491E+00	
145	3.291703E+00	1.355524E+00	
146	3.710065E+00	1.467170E+00	
147	4.178634E+00	1.581341E+00	
148	4.728718E+00	1.705660E+00	
149	5.356202E+00	1.833211E+00	
150	6.082869E+00	1.966143E+00	
151	6.921315E+00	2.101086E+00	
152	7.884017E+00	2.234678E+00	
153	7.918492E+00	2.081594E+00	
154	7.500534E+00	1.849983E+00	
155	7.730794E+00	1.788269E+00	
156	8.668802E+00	1.880551E+00	
157	9.270924E+00	1.863059E+00	
158	8.688477E+00	1.627569E+00	
159	8.107835E+00	1.423540E+00	
160	7.541556E+00	1.247632E+00	
161	7.002234E+00	1.096471E+00	
162	6.480086E+00	9.646679E-01	
163	6.002648E+00	8.528709E-01	
164	5.538075E+00	7.536121E-01	
165	5.090371E+00	6.657981E-01	
166	4.684491E+00	5.907521E-01	
167	4.304127E+00	5.248510E-01	
168	2.069289E+00	2.446502E-01	
169	1.090733E+00	5.330404E-01	
170	2.331913E+00	1.108298E+00	
171	2.615162E+00	1.205712E+00	
172	2.936115E+00	1.309543E+00	
173	3.310016E+00	1.423923E+00	
174	3.730225E+00	1.542416E+00	
175	4.200796E+00	1.663931E+00	
176	4.753043E+00	1.796531E+00	
177	5.382938E+00	1.933119E+00	
178	6.112291E+00	2.076070E+00	
179	6.953685E+00	2.222007E+00	
180	7.919695E+00	2.367601E+00	
181	7.952939E+00	2.210101E+00	
182	7.532069E+00	1.967962E+00	
183	7.762418E+00	1.906270E+00	
184	8.703267E+00	2.009065E+00	
185	9.306542E+00	1.995963E+00	
186	8.720869E+00	1.748500E+00	
187	8.137346E+00	1.533489E+00	
188	7.568340E+00	1.347555E+00	
189	7.026612E+00	1.187357E+00	
190	6.502264E+00	1.047251E+00	
191	6.022803E+00	9.281163E-01	
192	5.556389E+00	8.220164E-01	
193	5.106998E+00	7.278523E-01	
194	4.699613E+00	6.471872E-01	
195	4.317877E+00	5.761554E-01	
196	2.075832E+00	2.690804E-01	
197	3.657615E-01	1.858246E-01	
198	1.154217E+00	5.705996E-01	
199	1.294272E+00	6.210587E-01	
200	1.453123E+00	6.749992E-01	
201	1.636445E+00	7.337322E-01	
202	1.846769E+00	7.965704E-01	
203	2.078153E+00	8.594783E-01	
204	2.350184E+00	9.284907E-01	
205	2.662965E+00	1.000777E+00	
206	3.020811E+00	1.075185E+00	
207	3.438919E+00	1.153317E+00	
208	3.914278E+00	1.230333E+00	
209	4.105112E+00	1.201929E+00	
210	3.779243E+00	1.042263E+00	
211	3.899690E+00	1.012829E+00	
212	4.247030E+00	1.038983E+00	
213	4.745540E+00	1.081402E+00	
214	4.444413E+00	9.491909E-01	
215	4.149932E+00	8.351025E-01	
216	3.856354E+00	7.349437E-01	
217	3.582329E+00	6.494255E-01	
218	3.313688E+00	5.738309E-01	
219	3.067284E+00	5.092862E-01	
220	2.833815E+00	4.526312E-01	
221	2.602169E+00	4.011748E-01	
222	2.394784E+00	3.573949E-01	
223	2.200197E+00	3.187107E-01	
224	1.388252E+00	1.956739E-01	
225	3.684507E+00	-0.000000E+00	
226	2.001024E+01	-0.000000E+00	
227	2.414878E+01	2.414878E+01	
228	4.392879E+00	4.392879E+00	
229	6.146554E+01	5.512143E+00	
230	2.150076E+01	3.030528E+00	
231	1.711807E+01	8.696811E+00	
232	1.409850E+01	1.042614E+01	
233	9.806896E+00	6.329914E+00	
234	1.371173E+01	4.965423E+00	
235	4.283792E+01	2.446074E+00	
236	3.624761E+00	3.775580E-01	
237	2.128649E+01	1.378905E+00	
238	2.730585E+01	1.957735E+00	
239	8.207646E+00	-0.000000E+00	
240	9.005965E+00	-0.000000E+00	
241	1.480780E+01	0.000000E+00	
242	1.467674E+01	-0.000000E+00	
243	1.398459E+01	-0.000000E+00	
244	2.111179E+01	-0.000000E+00	
245	1.960370E+01	-0.000000E+00	
246	1.991495E+01	-0.000000E+00	
247	2.618770E+01	-0.000000E+00	
248	2.102250E+01	-0.000000E+00	
249	2.235668E+01	-0.000000E+00	
250	2.694240E+01	-0.000000E+00	
251	3.538921E+01	-0.000000E+00	
252	3.301290E+01	-0.000000E+00	
253	2.785871E+01	-0.000000E+00	
254	4.131414E+01	-0.000000E+00	
255	3.006972E+01	-0.000000E+00	
256	3.475002E+01	-0.000000E+00	
257	2.306210E+01	-0.000000E+00	
258	4.499926E+00	8.950916E-01	
259	4.506146E+00	1.866507E+00	
260	3.929640E+00	2.625701E+00	
261	1.666951E+01	6.894566E-01	
262	1.364664E+01	1.130793E+00	
263	2.400785E+01	2.992576E+00	
264	3.152495E+01	5.260583E+00	
265	3.214415E+01	6.739919E+00	
266	4.054829E+01	1.026822E+01	
267	3.758948E+01	1.119087E+01	
268	3.067503E+01	1.053075E+01	
269	5.165585E+01	2.015618E+01	
270	3.589847E+01	1.574653E+01	
271	3.407804E+01	1.665974E+01	
272	3.037880E+01	1.644018E+01	
273	3.029258E+01	1.805046E+01	
274	4.013261E+01	2.621994E+01	
275	3.301313E+01	2.357092E+01	
276	3.092312E+01	2.406843E+01	
277	3.001115E+01	2.541815E+01	
278	4.477572E+01	4.121895E+01	
279	1.017786E+01	1.017786E+01	
280	1.389088E+01	1.389088E+01	
281	2.007859E+01	2.007859E+01	
282	1.820861E+01	1.820861E+01	
283	1.518585E+01	1.518585E+01	
284	2.273473E+01	2.273473E+01	
285	2.360050E+01	2.360050E+01	
286	2.351859E+01	2.351859E+01	
287	3.655150E+01	3.655150E+01	
288	2.913571E+01	2.913571E+01	
289	2.847770E+01	2.847770E+01	
290	3.365811E+01	3.365811E+01	
291	4.882829E+01	4.882829E+01	
292	3.441085E+01	3.441085E+01	
293	5.045514E+01	5.045514E+01	
294	4.181717E+01	4.181717E+01	
295	7.996568E+01	7.996567E+01	
296	4.404021E+01	4.404021E+01	
297	7.322100E+01	7.322100E+01	
298	3.835152E+01	4.397287E+00	
299	5.284237E+01	6.923212E+00	
300	2.025044E+01	3.065731E+00	
301	1.766890E+01	2.869052E+00	
302	1.737206E+01	3.022009E+00	
303	1.589338E+01	2.958992E+00	
304	1.506648E+01	2.999622E+00	
305	1.467501E+01	3.122301E+00	
306	1.521054E+01	3.456725E+00	
307	1.533413E+01	3.720904E+00	
308	1.499254E+01	3.883665E+00	
309	1.696900E+01	4.692112E+00	
310	1.355585E+01	4.001418E+00	
311	1.072965E+01	3.381716E+00	
312	1.252990E+01	4.218095E+00	
313	1.359742E+01	4.891676E+00	
314	6.535707E+00	2.514257E+00	
315	1.450559E+01	5.972024E+00	
316	7.462563E+00	3.291336E+00	
317	7.743186E+00	3.662806E+00	
318	1.635312E+01	8.937532E+00	
319	1.996027E+01	1.175731E+01	
320	8.236476E+00	4.232735E+00	
321	1.127137E+01	4.888037E+00	
322	2.217270E+01	6.830860E+00	
323	2.026906E+01	5.321893E+00	
324	2.686379E+01	6.009842E+00	
325	2.007990E+01	3.818579E+00	
326	2.689861E+01	4.328203E+00	
327	3.481642E+01	4.705819E+00	
328	3.677824E+01	4.131298E+00	
329	3.217606E+01	2.958481E+00	
330	2.630438E+01	1.936985E+00	
331	1.551089E+01	1.304005E+00	
332	2.821086E+01	1.927510E+00	
333	3.382894E+01	2.029189E+01	
334	3.647355E+01	2.442324E+01	
335	4.364882E+01	1.724205E+01	
336	2.629274E+01	1.204786E+01	
337	5.031633E+01	1.482052E+01	
338	2.100817E+01	8.574553E+00	
339	1.648070E+01	1.134473E+01	
340	6.196513E+01	4.709568E+01	
341	2.409265E+01	8.860742E+00	
342	2.869821E+01	1.437864E+01	
343	4.232246E+01	2.273211E+01	
344	4.035986E+01	1.237944E+01	
345	3.310728E+01	2.527404E+01	
346	3.125324E+01	7.154534E+00	
347	6.932010E+01	2.796694E+01	
348	2.951806E+01	2.295735E+01	
349	2.358861E+01	1.260755E+01	
350	3.118889E+01	1.539578E+01	
351	4.961001E+01	1.233532E+01	
352	2.831050E+01	1.702975E+01	
353	2.573347E+01	9.194733E+00	
354	1.744434E+01	9.212745E+00	
355	5.916903E+01	3.828302E+01	
356	3.354895E+01	7.875523E+00	
357	3.292472E+01	2.698902E+01	
358	1.889038E+01	1.262234E+01	
359	3.278486E+01	1.273954E+01	
360	4.506909E+01	7.433843E+00	
361	2.327611E+01	9.372507E+00	
362	5.772363E+01	4.878723E+01	
363	6.282236E+01	5.444941E+01	
364	4.978180E+01	3.513784E+01	
365	5.426812E+01	1.137401E+01	
366	4.826688E+01	9.044338E+00	
367	3.753830E+01	1.083022E+01	
368	1.745112E+01	7.968106E+00	
369	1.762986E+01	4.177879E+00	
370	5.083593E+01	3.100508E+01	
371	2.997908E+01	1.751092E+01	
372	3.825461E+01	4.994203E+00	
373	3.145751E+01	2.439200E+01	
374	4.392145E+01	2.131755E+01	
375	6.138754E+01	2.923537E+01	
376	4.425750E+01	1.506921E+01	
377	2.177208E+01	4.493996E+00	
378	5.072202E+01	3.722095E+01	
379	6.469813E+01	2.219098E+01	
380	3.946414E+01	2.127887E+01	
381	2.866465E+01	1.918457E+01	
382	1.413574E+01	9.265166E+00	
383	1.535371E+01	1.263276E+01	
384	1.739896E+01	1.426274E+01	
385	8.338951E+00	2.303445E+00	
386	2.331057E+01	9.957320E+00	
387	2.123758E+01	1.806243E+01	
388	1.536943E+01	7.908837E+00	
389	1.486649E+01	4.651391E+00	
390	4.498305E+01	2.542921E+01	
391	3.021829E+01	7.704212E+00	
392	1.208497E+01	4.969339E+00	
393	3.571467E+01	3.545587E+00	
394	2.230179E+01	8.009772E+00	
395	1.568221E+01	1.018329E+01	
396	3.558772E+01	1.932803E+01	
397	2.411693E+01	1.354985E+01	
398	2.185825E+01	1.494451E+01	
399	3.716154E+01	3.239839E+01	
400	3.347212E+01	8.758136E+00	
401	4.382556E+01	3.882459E+01	
402	6.938796E+01	3.028041E+01	
403	2.074738E+01	1.097092E+01	
404	7.359635E+01	2.158933E+01	
405	3.382864E+01	7.246592E+00	
406	1.832114E+01	9.691181E+00	
407	3.756094E+01	4.467005E+00	
408	5.649394E+01	5.319813E+00	
409	7.188258E+01	4.919695E+01	
410	3.023979E+01	1.243368E+01	
411	2.544995E+01	8.711298E+00	
412	3.630190E+01	2.131930E+01	
413	4.151408E+01	3.621717E+01	
414	2.076522E+01	9.963525E+00	
415	3.025621E+01	1.379221E+01	
416	1.623954E+01	1.305331E+00	
417	3.488070E+01	1.431623E+00	
418	3.691093E+01	4.460588E+00	
419	7.474893E+01	2.519134E+01	
420	1.304364E+01	7.035888E+00	
421	3.375921E+01	1.066565E+01	
422	5.154889E+01	1.775717E+00	
423	4.130767E+01	1.278128E+01	
424	4.110275E+01	8.349860E+00	
425	2.788986E+01	1.052665E+01	
426	4.011093E+01	3.572221E+01	
427	3.249122E+01	2.707008E+01	
428	3.087955E+01	2.090266E+01	
429	7.805449E+01	1.174872E+01	
430	4.068275E+01	3.550081E+01	
431	3.285319E+01	1.355979E+01	
432	3.817441E+01	8.637654E+00	
433	7.831124E+01	4.764773E+00	
434	3.368089E+01	2.397320E+01	
435	3.316632E+01	2.903748E+01	
436	7.041836E+01	4.779706E+01	
437	4.014522E+01	3.326955E+00	
438	2.674582E+01	1.547845E+01	
439	8.117130E+01	3.480509E+01	
440	5.517089E+01	3.265814E+01	
441	4.325373E+01	3.118593E+01	
442	7.052513E+01	5.654343E+01	
443	3.989561E+01	8.232614E+00	
444	4.671836E+01	3.002148E+01	
445	2.257059E+01	1.030817E+01	
446	3.202166E+01	8.054934E+00	
447	2.822970E+01	9.168121E+00	
448	3.291908E+01	1.373287E+01	
449	1.931268E+01	7.743704E+00	
450	2.819075E+01	9.132442E+00	
451	6.242133E+01	4.405354E+01	
452	1.384022E+01	1.030547E+01	
453	4.300690E+01	3.331857E+01	
454	2.395275E+01	2.078471E+01	
455	6.428446E+01	3.132070E+01	
456	7.450626E+01	1.669221E+01	
457	3.609835E+01	9.649671E+00	
458	7.253435E+01	1.955633E+01	
459	2.725099E+01	1.755436E+01	
460	7.305131E+01	3.788522E+01	
461	4.931850E+01	2.943127E+01	
462	4.212836E+01	3.857385E+01	
463	5.264560E+01	2.872548E+01	
464	2.262414E+01	1.785387E+01	
465	2.631646E+01	1.897399E+01	
466	3.122157E+01	1.344655E+01	
467	4.264859E+01	3.180342E+01	
468	6.011083E+01	1.512434E+01	
469	2.203705E+01	1.221214E+01	
470	1.847233E+01	2.836707E+00	
471	2.280074E+01	7.890816E+00	
472	6.478009E+01	5.069666E+01	
473	5.302114E+01	2.058049E+01	
474	6.966657E+01	3.625074E+00	
475	5.564070E+01	2.566902E+01	
476	1.992962E+01	3.102993E+00	
477	5.746317E+01	4.384520E+01	
478	5.633540E+01	2.167374E+01	
479	3.260927E+01	1.715720E+01	
480	4.090868E+01	1.918253E+01	
481	4.559480E+01	1.539709E+00	
482	3.125596E+01	1.082250E+01	
483	3.896127E+01	1.970708E+01	
484	3.284335E+01	2.956431E+01	
485	4.126182E+01	1.427716E+01	
486	7.171274E+01	4.415167E+01	
487	6.500721E+01	2.647050E+00	
488	4.208153E+01	1.088727E+01	
489	1.796885E+01	8.261740E+00	
490	4.435291E+01	2.485693E+01	
491	3.269516E+01	9.274284E+00	
492	4.023014E+01	6.859133E+00	
493	5.332754E+01	2.974270E+00	
494	3.150430E+01	2.330027E+00	
495	6.390037E+01	2.025729E+01	
496	2.576863E+01	1.059719E+01	
497	4.989770E+01	4.581387E+01	
498	5.230058E+01	4.821208E+01	
499	5.097310E+01	4.244117E+01	
500	4.420391E+01	5.510945E+00	
501	3.770937E+01	5.445863E+00	
502	1.868043E+01	1.003648E+01	
503	3.693229E+01	2.952247E+00	
504	2.241265E+01	6.501311E+00	
505	1.431873E+01	4.987024E+00	
506	2.489818E+01	6.249136E+00	
507	3.473104E+01	2.504979E+01	
508	4.168625E+01	2.725318E+01	
509	3.670363E+01	4.078862E+00	
510	1.172246E+01	1.816401E+00	
511	4.208562E+01	2.495745E+01	
512	5.852994E+01	2.464731E+00	
513	2.450083E+01	7.029593E+00	
514	2.955828E+01	2.191290E+01	
515	2.774264E+01	5.498605E+00	
516	4.894078E+01	2.176796E+01	
517	1.616603E+01	1.238093E+01	
518	1.980739E+01	7.254239E+00	
519	2.848814E+01	2.231320E+01	
520	2.155676E+01	6.815703E+00	
521	4.896503E+01	9.141375E+00	
522	1.475683E+01	6.965607E+00	
523	5.052138E+01	2.644903E+01	
524	4.518565E+01	2.921093E+01	
525	1.274898E+01	9.515082E+00	
526	7.640820E+00	5.901008E+00	
527	2.942821E+01	9.316906E+00	
528	2.548036E+01	7.070761E+00	
529	3.384904E+01	1.325945E+01	
530	1.785870E+01	3.499623E+00	
531	1.780234E+01	8.888241E+00	
532	2.226493E+01	1.188917E+01	
533	2.357274E+01	1.059072E+01	
534	1.999541E+01	1.964438E+00	
535	3.858230E+01	8.350159E+00	
536	2.897447E+01	2.052621E+01	
537	2.621850E+01	1.121103E+01	
538	2.374882E+01	5.950614E+00	
539	4.273552E+01	2.742607E+01	
540	5.135111E+01	2.392981E+01	
541	8.560348E+01	1.375432E+01	
542	1.153912E+01	6.458472E+00	
543	4.134614E+01	1.830535E+01	
544	3.765398E+01	1.901593E+01	
545	2.956441E+01	1.921064E+01	
546	2.193742E+01	8.630669E+00	
547	3.203077E+01	9.777335E+00	
548	2.720213E+01	2.012142E+01	
549	4.751035E+01	3.525233E+01	
550	3.083988E+01	6.037167E+00	
551	2.271351E+01	1.112218E+01	
552	3.339391E+01	3.135515E+01	
553	5.382814E+01	4.494379E+01	
554	4.190829E+01	3.451384E+01	
555	4.480200E+01	1.565708E+00	
556	4.239969E+01	3.639936E+01	
557	1.365383E+01	3.090791E+00	
558	1.670748E+01	9.892536E-01	
559	3.937318E+01	3.165785E+01	
560	1.527602E+01	7.536687E+00	
561	1.251970E+01	6.718582E+00	
562	2.501551E+01	1.687177E+01	
563	3.219723E+01	1.911479E+01	
564	8.887360E+00	2.963480E+00	
565	3.687381E+01	7.092831E+00	
566	2.331226E+01	5.167294E+00	
567	2.865437E+01	8.961403E+00	
568	2.725184E+01	2.527335E+01	
569	4.006056E+01	2.075238E+01	
570	2.270584E+01	1.843730E+01	
571	3.192988E+01	2.916767E+01	
572	2.292026E+01	1.287132E+00	
573	3.015540E+01	1.808189E+00	
574	3.226233E+01	1.128771E+01	
575	1.689449E+01	1.102009E+01	
576	4.671474E+01	2.062977E+01	
577	5.038243E+01	1.892337E+01	
578	4.567794E+01	1.624854E+01	
579	4.653825E+01	8.758077E+00	
580	2.186062E+01	1.786634E+01	
581	2.502698E+01	5.966127E+00	
582	4.336169E+01	2.402780E+01	
583	1.438259E+01	6.957173E+00	
584	2.835429E+01	2.637585E+01	
585	1.423148E+01	1.520735E+00	
586	4.419650E+01	2.511247E+01	
587	1.241927E+01	9.835511E+00	
588	2.506231E+01	1.551239E+01	
589	3.042237E+01	1.949341E+00	
590	2.709338E+01	1.519912E+01	
591	4.113186E+01	1.002243E+00	
592	3.130878E+01	1.597805E+01	
593	1.839597E+01	6.665907E+00	
594	3.297571E+01	1.223905E+01	
595	3.062897E+01	1.428517E+00	
596	1.094597E+01	4.833282E+00	
597	2.913249E+01	1.647315E+01	
598	1.329842E+01	1.191305E+01	
599	1.433164E+01	5.634469E+00	
600	8.039563E+00	6.449474E+00	
601	1.122628E+01	5.576195E+00	
602	1.380439E+01	4.527703E+00	
603	3.349515E+01	1.995656E+01	
604	2.352497E+01	5.321522E+00	
605	2.410126E+01	1.664981E+01	
606	2.741559E+01	1.950204E+01	
607	2.127255E+01	6.392721E+00	
608	1.464971E+01	1.294066E+00	
609	1.401754E+01	7.871680E+00	
610	2.212920E+01	2.070122E+01	
611	1.560806E+01	1.025359E+00	
612	1.744985E+01	1.129693E+01	
613	8.042462E+00	3.233176E+00	
614	1.170173E+01	3.909262E+00	
615	2.300620E+01	1.497339E+01	
616	2.096090E+01	8.057435E+00	
617	1.877034E+01	1.729784E+01	
618	3.916002E+01	1.547516E+00	
619	4.116156E+01	1.142125E+01	
620	1.743776E+01	2.542936E+00	
621	3.291932E+01	3.126068E+01	
622	1.638572E+01	1.296768E+01	
623	2.935971E+01	4.523740E+00	
624	3.537414E+01	6.288076E-01	
625	7.203116E+00	5.818850E-01	
626	2.111604E-01	5.662033E-01	
627	3.333173E-01	9.228782E-01	
628	3.611494E-01	1.035659E+00	
629	3.904138E-01	1.163437E+00	
630	4.227157E-01	1.313794E+00	
631	4.545055E-01	1.479516E+00	
632	4.873259E-01	1.668575E+00	
633	5.222838E-01	1.890186E+00	
634	5.566220E-01	2.141193E+00	
635	5.920778E-01	2.435476E+00	
636	6.255170E-01	2.771144E+00	
637	6.572588E-01	3.160468E+00	
638	5.770880E-01	3.039903E+00	
639	5.206932E-01	2.965992E+00	
640	4.951099E-01	3.054690E+00	
641	5.268691E-01	3.525281E+00	
642	4.891945E-01	3.611719E+00	
643	4.184641E-01	3.388155E+00	
644	3.578703E-01	3.160603E+00	
645	3.071902E-01	2.943474E+00	
646	2.640253E-01	2.732143E+00	
647	2.274431E-01	2.530068E+00	
648	1.969936E-01	2.345796E+00	
649	1.701912E-01	2.161375E+00	
650	1.474549E-01	1.988936E+00	
651	1.282318E-01	1.830485E+00	
652	1.117340E-01	1.682119E+00	
653	3.462390E-02	5.479118E-01	
654	3.548062E-01	9.104706E-01	
655	7.246156E-01	1.918609E+00	
656	7.857082E-01	2.152892E+00	
657	8.501718E-01	2.418513E+00	
658	9.205872E-01	2.728396E+00	
659	9.923218E-01	3.076619E+00	
660	1.064672E+00	3.467269E+00	
661	1.142333E+00	3.926054E+00	
662	1.220223E+00	4.449532E+00	
663	1.299513E+00	5.056544E+00	
664	1.377149E+00	5.757021E+00	
665	1.450474E+00	6.562291E+00	
666	1.332624E+00	6.581655E+00	
667	1.173318E+00	6.246070E+00	
668	1.120991E+00	6.440648E+00	
669	1.165707E+00	7.235355E+00	
670	1.133834E+00	7.725830E+00	
671	9.744548E-01	7.243783E+00	
672	8.384004E-01	6.762082E+00	
673	7.229418E-01	6.292107E+00	
674	6.251174E-01	5.843623E+00	
675	5.412689E-01	5.409363E+00	
676	4.710947E-01	5.012093E+00	
677	4.098510E-01	4.624726E+00	
678	3.567171E-01	4.251765E+00	
679	3.119308E-01	3.913356E+00	
680	2.732568E-01	3.596130E+00	
681	1.237533E-01	1.702940E+00	
682	4.107938E-01	1.007012E+00	
683	8.395019E-01	2.121839E+00	
684	9.109484E-01	2.380693E+00	
685	9.865136E-01	2.674146E+00	
686	1.069211E+00	3.016387E+00	
687	1.153769E+00	3.400936E+00	
688	1.239417E+00	3.832276E+00	
689	1.331719E+00	4.338791E+00	
690	1.424875E+00	4.916639E+00	
691	1.520387E+00	5.586600E+00	
692	1.614870E+00	6.359551E+00	
693	1.705426E+00	7.247985E+00	
694	1.571940E+00	7.268290E+00	
695	1.388157E+00	6.896811E+00	
696	1.330589E+00	7.110846E+00	
697	1.388599E+00	7.987375E+00	
698	1.356950E+00	8.527816E+00	
699	1.171752E+00	7.994940E+00	
700	1.013009E+00	7.462608E+00	
701	8.777450E-01	6.943474E+00	
702	7.626632E-01	6.448095E+00	
703	6.635718E-01	5.968540E+00	
704	5.803323E-01	5.529931E+00	
705	5.073148E-01	5.102337E+00	
706	4.436281E-01	4.690706E+00	
707	3.897185E-01	4.317159E+00	
708	3.429414E-01	3.967071E+00	
709	1.559968E-01	1.878580E+00	
710	4.764410E-01	1.113787E+00	
711	9.743847E-01	2.346812E+00	
712	1.058086E+00	2.632837E+00	
713	1.146791E+00	2.957004E+00	
714	1.244084E+00	3.335040E+00	
715	1.343896E+00	3.759706E+00	
716	1.445389E+00	4.235909E+00	
717	1.555193E+00	4.795083E+00	
718	1.666665E+00	5.432897E+00	
719	1.781692E+00	6.172183E+00	
720	1.896597E+00	7.025111E+00	
721	2.008145E+00	8.005217E+00	
722	1.856723E+00	8.026382E+00	
723	1.644305E+00	7.615098E+00	
724	1.581008E+00	7.850497E+00	
725	1.655449E+00	8.817064E+00	
726	1.624792E+00	9.412530E+00	
727	1.409210E+00	8.823444E+00	
728	1.223672E+00	8.235133E+00	
729	1.064936E+00	7.661607E+00	
730	9.293790E-01	7.114587E+00	
731	8.121231E-01	6.585043E+00	
732	7.132697E-01	6.100731E+00	
733	6.261431E-01	5.628710E+00	
734	5.497723E-01	5.174373E+00	
735	4.848854E-01	4.762156E+00	
736	4.283216E-01	4.375781E+00	
737	1.955813E-01	2.072309E+00	
738	4.958993E-01	1.103727E+00	
739	1.041598E+00	2.386701E+00	
740	1.131872E+00	2.677236E+00	
741	1.227782E+00	3.006561E+00	
742	1.333043E+00	3.390171E+00	
743	1.441670E+00	3.821778E+00	
744	1.552300E+00	4.304972E+00	
745	1.672433E+00	4.872338E+00	
746	1.795208E+00	5.519814E+00	
747	1.922457E+00	6.269477E+00	
748	2.050888E+00	7.134998E+00	
749	2.176839E+00	8.128702E+00	
750	2.025950E+00	8.178183E+00	
751	1.794782E+00	7.739730E+00	
752	1.730931E+00	7.978799E+00	
753	1.813866E+00	8.939028E+00	
754	1.793945E+00	9.575809E+00	
755	1.562156E+00	8.975039E+00	
756	1.362050E+00	8.376320E+00	
757	1.190005E+00	7.791708E+00	
758	1.042672E+00	7.235208E+00	
759	9.146160E-01	6.696064E+00	
760	8.062792E-01	6.202929E+00	
761	7.104879E-01	5.723407E+00	
762	6.260000E-01	5.260778E+00	
763	5.540175E-01	4.841528E+00	
764	4.910053E-01	4.448556E+00	
765	2.308754E-01	2.162554E+00	
766	5.086139E-01	1.084196E+00	
767	1.056999E+00	2.318178E+00	
768	1.149272E+00	2.600031E+00	
769	1.247491E+00	2.919494E+00	
770	1.355524E+00	3.291703E+00	
771	1.467170E+00	3.710065E+00	
772	1.581341E+00	4.178634E+00	
773	1.705660E+00	4.728718E+00	
774	1.833211E+00	5.356202E+00	
775	1.966143E+00	6.082869E+00	
776	2.101086E+00	6.921315E+00	
777	2.234678E+00	7.884017E+00	
778	2.081594E+00	7.918492E+00	
779	1.849983E+00	7.500534E+00	
780	1.788269E+00	7.730794E+00	
781	1.880551E+00	8.668802E+00	
782	1.863059E+00	9.270924E+00	
783	1.627569E+00	8.688477E+00	
784	1.423540E+00	8.107835E+00	
785	1.247632E+00	7.541556E+00	
786	1.096471E+00	7.002234E+00	
787	9.646679E-01	6.480086E+00	
788	8.528709E-01	6.002648E+00	
789	7.536121E-01	5.538075E+00	
790	6.657981E-01	5.090371E+00	
791	5.907521E-01	4.684491E+00	
792	5.248510E-01	4.304127E+00	
793	2.446502E-01	2.069289E+00	
794	5.330404E-01	1.090733E+00	
795	1.108298E+00	2.331913E+00	
796	1.205712E+00	2.615162E+00	
797	1.309543E+00	2.936115E+00	
798	1.423923E+00	3.310016E+00	
799	1.542416E+00	3.730225E+00	
800	1.663931E+00	4.200796E+00	
801	1.796531E+00	4.753043E+00	
802	1.933119E+00	5.382938E+00	
803	2.076070E+00	6.112291E+00	
804	2.222007E+00	6.953685E+00	
805	2.367601E+00	7.919695E+00	
806	2.210101E+00	7.952939E+00	
807	1.967962E+00	7.532069E+00	
808	1.906270E+00	7.762418E+00	
809	2.009065E+00	8.703267E+00	
810	1.995963E+00	9.306542E+00	
811	1.748500E+00	8.720869E+00	
812	1.533489E+00	8.137346E+00	
813	1.347555E+00	7.568340E+00	
814	1.187357E+00	7.026612E+00	
815	1.047251E+00	6.502264E+00	
816	9.281163E-01	6.022803E+00	
817	8.220164E-01	5.556389E+00	
818	7.278523E-01	5.106998E+00	
819	6.471872E-01	4.699613E+00	
820	5.761554E-01	4.317877E+00	
821	2.690804E-01	2.075832E+00	
822	1.858246E-01	3.657615E-01	
823	5.705996E-01	1.154217E+00	
824	6.210587E-01	1.294272E+00	
825	6.749992E-01	1.453123E+00	
826	7.337322E-01	1.636445E+00	
827	7.965704E-01	1.846769E+00	
828	8.594783E-01	2.078153E+00	
829	9.284907E-01	2.350184E+00	
830	1.000777E+00	2.662965E+00	
831	1.075185E+00	3.020811E+00	
832	1.153317E+00	3.438919E+00	
833	1.230333E+00	3.914278E+00	
834	1.201929E+00	4.105112E+00	
835	1.042263E+00	3.779243E+00	
836	1.012829E+00	3.899690E+00	
837	1.038983E+00	4.247030E+00	
838	1.081402E+00	4.745540E+00	
839	9.491909E-01	4.444413E+00	
840	8.351025E-01	4.149932E+00	
841	7.349437E-01	3.856354E+00	
842	6.494255E-01	3.582329E+00	
843	5.738309E-01	3.313688E+00	
844	5.092862E-01	3.067284E+00	
845	4.526312E-01	2.833815E+00	
846	4.011748E-01	2.602169E+00	
847	3.573949E-01	2.394784E+00	
848	3.187107E-01	2.200197E+00	
849	1.956739E-01	1.388252E+00	
850	0.000000E+00	3.684507E+00	
851	0.000000E+00	2.001024E+01	
852	5.512143E+00	6.146554E+01	
853	3.030528E+00	2.150076E+01	
854	8.696811E+00	1.711807E+01	
855	1.042614E+01	1.409850E+01	
856	6.329914E+00	9.806896E+00	
857	4.965423E+00	1.371173E+01	
858	2.446074E+00	4.283792E+01	
859	3.775580E-01	3.624761E+00	
860	1.378905E+00	2.128649E+01	
861	1.957735E+00	2.730585E+01	
862	0.000000E+00	8.207646E+00	
863	0.000000E+00	9.005965E+00	
864	0.000000E+00	1.480780E+01	
865	0.000000E+00	1.467674E+01	
866	0.000000E+00	1.398459E+01	
867	0.000000E+00	2.111179E+01	
868	0.000000E+00	1.960370E+01	
869	0.000000E+00	1.991495E+01	
870	0.000000E+00	2.618770E+01	
871	0.000000E+00	2.102250E+01	
872	0.000000E+00	2.235668E+01	
873	0.000000E+00	2.694240E+01	
874	0.000000E+00	3.538921E+01	
875	0.000000E+00	3.301290E+01	
876	0.000000E+00	2.785871E+01	
877	0.000000E+00	4.131414E+01	
878	0.000000E+00	3.006972E+01	
879	0.000000E+00	3.475002E+01	
880	0.000000E+00	2.306210E+01	
881	8.950916E-01	4.499926E+00	
882	1.866507E+00	4.506146E+00	
883	2.625701E+00	3.929640E+00	
884	6.894566E-01	1.666951E+01	
885	1.130793E+00	1.364664E+01	
886	2.992576E+00	2.400785E+01	
887	5.260583E+00	3.152495E+01	
888	6.739919E+00	3.214415E+01	
889	1.026822E+01	4.054829E+01	
890	1.119087E+01	3.758948E+01	
891	1.053075E+01	3.067503E+01	
892	2.015618E+01	5.165585E+01	
893	1.574653E+01	3.589847E+01	
894	1.665974E+01	3.407804E+01	
895	1.644018E+01	3.037880E+01	
896	1.805046E+01	3.029258E+01	
897	2.621994E+01	4.013261E+01	
898	2.357092E+01	3.301313E+01	
899	2.406843E+01	3.092312E+01	
900	2.541815E+01	3.001115E+01	
901	4.121895E+01	4.477572E+01	
902	4.397287E+00	3.835152E+01	
903	6.923212E+00	5.284237E+01	
904	3.065731E+00	2.025044E+01	
905	2.869052E+00	1.766890E+01	
906	3.022009E+00	1.737206E+01	
907	2.958992E+00	1.589338E+01	
908	2.999622E+00	1.506648E+01	
909	3.122301E+00	1.467501E+01	
910	3.456725E+00	1.521054E+01	
911	3.720904E+00	1.533413E+01	
912	3.883665E+00	1.499254E+01	
913	4.692112E+00	1.696900E+01	
914	4.001418E+00	1.355585E+01	
915	3.381716E+00	1.072965E+01	
916	4.218095E+00	1.252990E+01	
917	4.891676E+00	1.359742E+01	
918	2.514257E+00	6.535707E+00	
919	5.972024E+00	1.450559E+01	
920	3.291336E+00	7.462563E+00	
921	3.662806E+00	7.743186E+00	
922	8.937532E+00	1.635312E+01	
923	1.175731E+01	1.996027E+01	
924	4.232735E+00	8.236476E+00	
925	4.888037E+00	1.127137E+01	
926	6.830860E+00	2.217270E+01	
927	5.321893E+00	2.026906E+01	
928	6.009842E+00	2.686379E+01	
929	3.818579E+00	2.007990E+01	
930	4.328203E+00	2.689861E+01	
931	4.705819E+00	3.481642E+01	
932	4.131298E+00	3.677824E+01	
933	2.958481E+00	3.217606E+01	
934	1.936985E+00	2.630438E+01	
935	1.304005E+00	1.551089E+01	
936	1.927510E+00	2.821086E+01	
937	2.029189E+01	3.382894E+01	
938	2.442324E+01	3.647355E+01	
939	1.724205E+01	4.364882E+01	
940	1.204786E+01	2.629274E+01	
941	1.482052E+01	5.031633E+01	
942	8.574553E+00	2.100817E+01	
943	1.134473E+01	1.648070E+01	
944	4.709568E+01	6.196513E+01	
945	8.860742E+00	2.409265E+01	
946	1.437864E+01	2.869821E+01	
947	2.273211E+01	4.232246E+01	
948	1.237944E+01	4.035986E+01	
949	2.527404E+01	3.310728E+01	
950	7.154534E+00	3.125324E+01	
951	2.796694E+01	6.932010E+01	
952	2.295735E+01	2.951806E+01	
953	1.260755E+01	2.358861E+01	
954	1.539578E+01	3.118889E+01	
955	1.233532E+01	4.961001E+01	
956	1.702975E+01	2.831050E+01	
957	9.194733E+00	2.573347E+01	
958	9.212745E+00	1.744434E+01	
959	3.828302E+01	5.916903E+01	
960	7.875523E+00	3.354895E+01	
961	2.698902E+01	3.292472E+01	
962	1.262234E+01	1.889038E+01	
963	1.273954E+01	3.278486E+01	
964	7.433843E+00	4.506909E+01	
965	9.372507E+00	2.327611E+01	
966	4.878723E+01	5.772363E+01	
967	5.444941E+01	6.282236E+01	
968	3.513784E+01	4.978180E+01	
969	1.137401E+01	5.426812E+01	
970	9.044338E+00	4.826688E+01	
971	1.083022E+01	3.753830E+01	
972	7.968106E+00	1.745112E+01	
973	4.177879E+00	1.762986E+01	
974	3.100508E+01	5.083593E+01	
975	1.751092E+01	2.997908E+01	
976	4.994203E+00	3.825461E+01	
977	2.439200E+01	3.145751E+01	
978	2.131755E+01	4.392145E+01	
979	2.923537E+01	6.138754E+01	
980	1.506921E+01	4.425750E+01	
981	4.493996E+00	2.177208E+01	
982	3.722095E+01	5.072202E+01	
983	2.219098E+01	6.469813E+01	
984	2.127887E+01	3.946414E+01	
985	1.918457E+01	2.866465E+01	
986	9.265166E+00	1.413574E+01	
987	1.263276E+01	1.535371E+01	
988	1.426274E+01	1.739896E+01	
989	2.303445E+00	8.338951E+00	
990	9.957320E+00	2.331057E+01	
991	1.806243E+01	2.123758E+01	
992	7.908837E+00	1.536943E+01	
993	4.651391E+00	1.486649E+01	
994	2.542921E+01	4.498305E+01	
995	7.704212E+00	3.021829E+01	
996	4.969339E+00	1.208497E+01	
997	3.545587E+00	3.571467E+01	
998	8.009772E+00	2.230179E+01	
999	1.018329E+01	1.568221E+01	
1000	1.932803E+01	3.558772E+01	
1001	1.354985E+01	2.411693E+01	
1002	1.494451E+01	2.185825E+01	
1003	3.239839E+01	3.716154E+01	
1004	8.758136E+00	3.347212E+01	
1005	3.882463E+01	4.382561E+01	
1006	3.028041E+01	6.938796E+01	
1007	1.097092E+01	2.074738E+01	
1008	2.158933E+01	7.359635E+01	
1009	7.246592E+00	3.382864E+01	
1010	9.691181E+00	1.832114E+01	
1011	4.467005E+00	3.756094E+01	
1012	5.319813E+00	5.649394E+01	
1013	4.919695E+01	7.188258E+01	
1014	1.243368E+01	3.023979E+01	
1015	8.711298E+00	2.544995E+01	
1016	2.131930E+01	3.630190E+01	
1017	3.621717E+01	4.151408E+01	
1018	9.963525E+00	2.076522E+01	
1019	1.379221E+01	3.025621E+01	
1020	1.305331E+00	1.623954E+01	
1021	1.431623E+00	3.488070E+01	
1022	4.460588E+00	3.691093E+01	
1023	2.519134E+01	7.474893E+01	
1024	7.035888E+00	1.304364E+01	
1025	1.066565E+01	3.375921E+01	
1026	1.775717E+00	5.154889E+01	
1027	1.278128E+01	4.130767E+01	
1028	8.349860E+00	4.110275E+01	
1029	1.052665E+01	2.788986E+01	
1030	3.572221E+01	4.011093E+01	
1031	2.707008E+01	3.249122E+01	
1032	2.090266E+01	3.087955E+01	
1033	1.174872E+01	7.805449E+01	
1034	3.550081E+01	4.068275E+01	
1035	1.355979E+01	3.285319E+01	
1036	8.637654E+00	3.817441E+01	
1037	4.764773E+00	7.831124E+01	
1038	2.397320E+01	3.368089E+01	
1039	2.903748E+01	3.316632E+01	
1040	4.779706E+01	7.041836E+01	
1041	3.326955E+00	4.014522E+01	
1042	1.547845E+01	2.674582E+01	
1043	3.480509E+01	8.117130E+01	
1044	3.265814E+01	5.517089E+01	
1045	3.118593E+01	4.325373E+01	
1046	5.654343E+01	7.052513E+01	
1047	8.232614E+00	3.989561E+01	
1048	3.002148E+01	4.671836E+01	
1049	1.030817E+01	2.257059E+01	
1050	8.054934E+00	3.202166E+01	
1051	9.168121E+00	2.822970E+01	
1052	1.373287E+01	3.291908E+01	
1053	7.743704E+00	1.931268E+01	
1054	9.132442E+00	2.819075E+01	
1055	4.405354E+01	6.242133E+01	
1056	1.030547E+01	1.384022E+01	
1057	3.331857E+01	4.300690E+01	
1058	2.078471E+01	2.395275E+01	
1059	3.132070E+01	6.428446E+01	
1060	1.669221E+01	7.450626E+01	
1061	9.649671E+00	3.609835E+01	
1062	1.955633E+01	7.253435E+01	
1063	1.755436E+01	2.725099E+01	
1064	3.788522E+01	7.305131E+01	
1065	2.943127E+01	4.931850E+01	
1066	3.857385E+01	4.212836E+01	
1067	2.872548E+01	5.264560E+01	
1068	1.785387E+01	2.262414E+01	
1069	1.897399E+01	2.631646E+01	
1070	1.344655E+01	3.122157E+01	
1071	3.180342E+01	4.264859E+01	
1072	1.512434E+01	6.011083E+01	
1073	1.221214E+01	2.203705E+01	
1074	2.836707E+00	1.847233E+01	
1075	7.890816E+00	2.280074E+01	
1076	5.069666E+01	6.478009E+01	
1077	2.058049E+01	5.302114E+01	
1078	3.625074E+00	6.966657E+01	
1079	2.566902E+01	5.564070E+01	
1080	3.102993E+00	1.992962E+01	
1081	4.384520E+01	5.746317E+01	
1082	2.167374E+01	5.633540E+01	
1083	1.715720E+01	3.260927E+01	
1084	1.918253E+01	4.090868E+01	
1085	1.539709E+00	4.559480E+01	
1086	1.082250E+01	3.125596E+01	
1087	1.970708E+01	3.896127E+01	
1088	2.956431E+01	3.284335E+01	
1089	1.427716E+01	4.126182E+01	
1090	4.415167E+01	7.171274E+01	
1091	2.647050E+00	6.500721E+01	
1092	1.088727E+01	4.208153E+01	
1093	8.261740E+00	1.796885E+01	
1094	2.485693E+01	4.435291E+01	
1095	9.274284E+00	3.269516E+01	
1096	6.859133E+00	4.023014E+01	
1097	2.974270E+00	5.332754E+01	
1098	2.330027E+00	3.150430E+01	
1099	2.025729E+01	6.390037E+01	
1100	1.059719E+01	2.576863E+01	
1101	4.581390E+01	4.989773E+01	
1102	4.821211E+01	5.230061E+01	
1103	4.244117E+01	5.097310E+01	
1104	5.510945E+00	4.420391E+01	
1105	5.445863E+00	3.770937E+01	
1106	1.003648E+01	1.868043E+01	
1107	2.952247E+00	3.693229E+01	
1108	6.501311E+00	2.241265E+01	
1109	4.987024E+00	1.431873E+01	
1110	6.249136E+00	2.489818E+01	
1111	2.504979E+01	3.473104E+01	
1112	2.725318E+01	4.168625E+01	
1113	4.078862E+00	3.670363E+01	
1114	1.816401E+00	1.172246E+01	
1115	2.495745E+01	4.208562E+01	
1116	2.464731E+00	5.852994E+01	
1117	7.029593E+00	2.450083E+01	
1118	2.191290E+01	2.955828E+01	
1119	5.498605E+00	2.774264E+01	
1120	2.176796E+01	4.894078E+01	
1121	1.238093E+01	1.616603E+01	
1122	7.254239E+00	1.980739E+01	
1123	2.231320E+01	2.848814E+01	
1124	6.815703E+00	2.155676E+01	
1125	9.141375E+00	4.896503E+01	
1126	6.965607E+00	1.475683E+01	
1127	2.644903E+01	5.052138E+01	
1128	2.921093E+01	4.518565E+01	
1129	9.515082E+00	1.274898E+01	
1130	5.901008E+00	7.640820E+00	
1131	9.316906E+00	2.942821E+01	
1132	7.070761E+00	2.548036E+01	
1133	1.325945E+01	3.384904E+01	
1134	3.499623E+00	1.785870E+01	
1135	8.888241E+00	1.780234E+01	
1136	1.188917E+01	2.226493E+01	
1137	1.059072E+01	2.357274E+01	
1138	1.964438E+00	1.999541E+01	
1139	8.350159E+00	3.858230E+01	
1140	2.052621E+01	2.897447E+01	
1141	1.121103E+01	2.621850E+01	
1142	5.950614E+00	2.374882E+01	
1143	2.742607E+01	4.273552E+01	
1144	2.392981E+01	5.135111E+01	
1145	1.375432E+01	8.560348E+01	
1146	6.458472E+00	1.153912E+01	
1147	1.830535E+01	4.134614E+01	
1148	1.901593E+01	3.765398E+01	
1149	1.921064E+01	2.956441E+01	
1150	8.630669E+00	2.193742E+01	
1151	9.777335E+00	3.203077E+01	
1152	2.012142E+01	2.720213E+01	
1153	3.525233E+01	4.751035E+01	
1154	6.037167E+00	3.083988E+01	
1155	1.112218E+01	2.271351E+01	
1156	3.135515E+01	3.339391E+01	
1157	4.494379E+01	5.382814E+01	
1158	3.451384E+01	4.190829E+01	
1159	1.565708E+00	4.480200E+01	
1160	3.639936E+01	4.239969E+01	
1161	3.090791E+00	1.365383E+01	
1162	9.892536E-01	1.670748E+01	
1163	3.165785E+01	3.937318E+01	
1164	7.536687E+00	1.527602E+01	
1165	6.718582E+00	1.251970E+01	
1166	1.687177E+01	2.501551E+01	
1167	1.911479E+01	3.219723E+01	
1168	2.963480E+00	8.887360E+00	
1169	7.092831E+00	3.687381E+01	
1170	5.167294E+00	2.331226E+01	
1171	8.961403E+00	2.865437E+01	
1172	2.527335E+01	2.725184E+01	
1173	2.075238E+01	4.006056E+01	
1174	1.843730E+01	2.270584E+01	
1175	2.916767E+01	3.192988E+01	
1176	1.287132E+00	2.292026E+01	
1177	1.808189E+00	3.015540E+01	
1178	1.128771E+01	3.226233E+01	
1179	1.102009E+01	1.689449E+01	
1180	2.062977E+01	4.671474E+01	
1181	1.892337E+01	5.038243E+01	
1182	1.624854E+01	4.567794E+01	
1183	8.758077E+00	4.653825E+01	
1184	1.786634E+01	2.186062E+01	
1185	5.966127E+00	2.502698E+01	
1186	2.402780E+01	4.336169E+01	
1187	6.957173E+00	1.438259E+01	
1188	2.637585E+01	2.835429E+01	
1189	1.520735E+00	1.423148E+01	
1190	2.511247E+01	4.419650E+01	
1191	9.835511E+00	1.241927E+01	
1192	1.551239E+01	2.506231E+01	
1193	1.949341E+00	3.042237E+01	
1194	1.519912E+01	2.709338E+01	
1195	1.002243E+00	4.113186E+01	
1196	1.597805E+01	3.130878E+01	
1197	6.665907E+00	1.839597E+01	
1198	1.223905E+01	3.297571E+01	
1199	1.428517E+00	3.062897E+01	
1200	4.833282E+00	1.094597E+01	
1201	1.647315E+01	2.913249E+01	
1202	1.191305E+01	1.329842E+01	
1203	5.634469E+00	1.433164E+01	
1204	6.449474E+00	8.039563E+00	
1205	5.576195E+00	1.122628E+01	
1206	4.527703E+00	1.380439E+01	
1207	1.995656E+01	3.349515E+01	
1208	5.321522E+00	2.352497E+01	
1209	1.664981E+01	2.410126E+01	
1210	1.950204E+01	2.741559E+01	
1211	6.392721E+00	2.127255E+01	
1212	1.294066E+00	1.464971E+01	
1213	7.871680E+00	1.401754E+01	
1214	2.070122E+01	2.212920E+01	
1215	1.025359E+00	1.560806E+01	
1216	1.129693E+01	1.744985E+01	
1217	3.233176E+00	8.042462E+00	
1218	3.909262E+00	1.170173E+01	
1219	1.497339E+01	2.300620E+01	
1220	8.057435E+00	2.096090E+01	
1221	1.729784E+01	1.877034E+01	
1222	1.547516E+00	3.916002E+01	
1223	1.142125E+01	4.116156E+01	
1224	2.542936E+00	1.743776E+01	
1225	3.126068E+01	3.291932E+01	
1226	1.296768E+01	1.638572E+01	
1227	4.523740E+00	2.935971E+01	
1228	6.288076E-01	3.537414E+01	
1229	5.818850E-01	7.203116E+00	
