stress
2
2142
-1
0
1.1656195160050724
1780.092717209285
1	-9.708046E-01	-7.829163E-01	1.714799E-01	
2	-8.854504E-01	-7.483648E-01	1.208165E-01	
3	-3.954253E+00	-3.187020E+00	2.438900E+00	
4	-3.566399E+00	-1.666024E+00	2.233070E+00	
5	-8.466255E+00	-4.335359E+00	4.237338E+00	
6	-9.158789E+00	-3.119301E+00	4.882779E+00	
7	-1.426905E+01	-4.763686E+00	5.393672E+00	
8	-1.672692E+01	-4.877479E+00	7.577236E+00	
9	-2.084439E+01	-4.859876E+00	6.127974E+00	
10	-2.504274E+01	-6.718361E+00	1.013355E+01	
11	-2.771093E+01	-4.941482E+00	6.747414E+00	
12	-3.332528E+01	-8.550974E+00	1.257457E+01	
13	-3.472586E+01	-5.229913E+00	7.486799E+00	
14	-4.134375E+01	-1.042588E+01	1.512254E+01	
15	-4.237739E+01	-6.013040E+00	8.648833E+00	
16	-4.976809E+01	-1.261947E+01	1.836112E+01	
17	-5.163046E+01	-7.243921E+00	1.026613E+01	
18	-5.994643E+01	-1.552255E+01	2.287691E+01	
19	-6.349524E+01	-8.631786E+00	1.209781E+01	
20	-7.294331E+01	-1.933491E+01	2.899073E+01	
21	-7.864617E+01	-9.844657E+00	1.386365E+01	
22	-8.933052E+01	-2.379038E+01	3.658386E+01	
23	-9.649857E+01	-9.919058E+00	1.487707E+01	
24	-1.075806E+02	-2.750628E+01	4.299642E+01	
25	-1.153687E+02	-1.064237E+01	1.692804E+01	
26	-1.335374E+02	-3.348387E+01	4.925990E+01	
27	-1.280341E+02	-1.008589E+01	1.873277E+01	
28	-1.480106E+02	-3.682312E+01	5.325533E+01	
29	-1.381642E+02	-1.019842E+01	1.975860E+01	
30	-1.603443E+02	-4.034297E+01	5.729216E+01	
31	-1.444524E+02	-8.493335E+00	1.864858E+01	
32	-1.615955E+02	-3.873450E+01	5.742993E+01	
33	-1.520066E+02	-8.757575E+00	1.919764E+01	
34	-1.723529E+02	-3.967419E+01	5.775120E+01	
35	-1.555899E+02	-8.876798E+00	2.086703E+01	
36	-1.779682E+02	-3.943154E+01	5.669416E+01	
37	-1.563947E+02	-9.209186E+00	2.227051E+01	
38	-1.801497E+02	-3.854628E+01	5.482277E+01	
39	-1.549303E+02	-9.377870E+00	2.312008E+01	
40	-1.792174E+02	-3.695598E+01	5.224420E+01	
41	-1.515486E+02	-9.160846E+00	2.329232E+01	
42	-1.756972E+02	-3.449487E+01	4.881579E+01	
43	-1.462642E+02	-8.134520E+00	2.246468E+01	
44	-1.687566E+02	-3.019874E+01	4.367057E+01	
45	-1.388490E+02	-5.769547E+00	2.015968E+01	
46	-1.563550E+02	-2.253114E+01	3.495540E+01	
47	-1.286220E+02	-1.803463E+00	1.582295E+01	
48	-1.349411E+02	-1.110038E+01	2.013246E+01	
49	-1.129042E+02	2.458584E+00	8.965450E+00	
50	-9.987266E+01	-1.094327E+00	-1.464916E+00	
51	-8.164763E+01	1.670856E+00	1.008796E+00	
52	-5.124061E+01	-4.492324E+00	-1.974896E+01	
53	-2.041744E+01	-1.267335E+01	2.256571E+00	
54	-8.365443E+00	-3.818120E+00	-4.943099E+00	
55	-5.295951E-01	-4.698898E+00	7.564595E-01	
56	-1.301784E+00	-4.995819E+00	1.170577E+00	
57	-2.451215E+00	-7.236976E+00	3.879159E+00	
58	-3.197411E+00	-5.531023E+00	4.298915E+00	
59	-5.280494E+00	-7.377471E+00	6.137293E+00	
60	-6.776380E+00	-6.111310E+00	7.193973E+00	
61	-8.958352E+00	-6.677159E+00	7.223245E+00	
62	-1.189238E+01	-7.017803E+00	9.467995E+00	
63	-1.333328E+01	-5.891439E+00	7.408335E+00	
64	-1.799494E+01	-8.275584E+00	1.125924E+01	
65	-1.812765E+01	-5.396124E+00	7.222297E+00	
66	-2.449765E+01	-9.889236E+00	1.291311E+01	
67	-2.313249E+01	-5.371174E+00	7.123264E+00	
68	-3.105273E+01	-1.197497E+01	1.491186E+01	
69	-2.856645E+01	-6.140637E+00	7.685044E+00	
70	-3.779837E+01	-1.453099E+01	1.794280E+01	
71	-3.495597E+01	-7.346364E+00	8.968229E+00	
72	-4.549371E+01	-1.760952E+01	2.235831E+01	
73	-4.307476E+01	-8.474049E+00	1.053358E+01	
74	-5.499395E+01	-2.114407E+01	2.821082E+01	
75	-5.373721E+01	-9.093782E+00	1.194435E+01	
76	-6.696990E+01	-2.451684E+01	3.512353E+01	
77	-6.727246E+01	-8.053789E+00	1.219945E+01	
78	-8.159456E+01	-2.767743E+01	4.167988E+01	
79	-7.975726E+01	-7.046939E+00	1.372213E+01	
80	-1.005914E+02	-3.140335E+01	4.459374E+01	
81	-9.057696E+01	-6.081875E+00	1.296263E+01	
82	-1.135978E+02	-3.370332E+01	4.691406E+01	
83	-9.911800E+01	-5.242041E+00	1.247771E+01	
84	-1.237756E+02	-3.512720E+01	4.832740E+01	
85	-1.074192E+02	-3.115374E+00	9.618092E+00	
86	-1.284261E+02	-3.463011E+01	4.990565E+01	
87	-1.133378E+02	-2.538162E+00	1.064616E+01	
88	-1.371115E+02	-3.462278E+01	4.879314E+01	
89	-1.176240E+02	-2.716626E+00	1.131533E+01	
90	-1.431134E+02	-3.368277E+01	4.674248E+01	
91	-1.199556E+02	-2.834229E+00	1.199894E+01	
92	-1.464097E+02	-3.201199E+01	4.400052E+01	
93	-1.209233E+02	-2.797284E+00	1.232799E+01	
94	-1.472653E+02	-2.932170E+01	4.064569E+01	
95	-1.211500E+02	-2.328316E+00	1.227130E+01	
96	-1.460798E+02	-2.485096E+01	3.630073E+01	
97	-1.217730E+02	-9.610225E-01	1.159954E+01	
98	-1.429252E+02	-1.718519E+01	3.022465E+01	
99	-1.246064E+02	1.873313E+00	1.014730E+01	
100	-1.379107E+02	-4.865920E+00	2.114738E+01	
101	-1.323776E+02	6.281317E+00	7.612043E+00	
102	-1.314893E+02	1.118154E+01	7.355886E+00	
103	-1.482481E+02	1.050747E+01	2.490860E+00	
104	-1.241396E+02	2.198411E+01	-1.336412E+01	
105	-1.710333E+02	7.536115E+00	-9.565113E+00	
106	-1.133412E+02	3.320832E+00	-4.349048E+01	
107	-1.572528E+02	-1.821873E+01	-2.883052E+01	
108	-8.000207E+01	-5.238117E+01	-6.658936E+01	
109	-6.511086E-01	-1.221221E+01	7.811503E-01	
110	-1.676932E+00	-1.006575E+01	1.023327E+00	
111	-1.028094E+00	-1.259191E+01	4.749043E+00	
112	-2.072699E+00	-9.228633E+00	5.092922E+00	
113	-2.101577E+00	-1.059419E+01	6.975628E+00	
114	-4.116099E+00	-8.494573E+00	8.137726E+00	
115	-3.709839E+00	-8.050809E+00	7.663233E+00	
116	-7.329224E+00	-8.437317E+00	1.009028E+01	
117	-5.843688E+00	-6.024653E+00	7.260292E+00	
118	-1.136098E+01	-9.183353E+00	1.128112E+01	
119	-8.367287E+00	-4.885267E+00	6.359931E+00	
120	-1.585512E+01	-1.073110E+01	1.221825E+01	
121	-1.099200E+01	-4.632104E+00	5.447625E+00	
122	-2.046788E+01	-1.318122E+01	1.351892E+01	
123	-1.382318E+01	-5.630801E+00	5.353524E+00	
124	-2.500956E+01	-1.609270E+01	1.605846E+01	
125	-1.707545E+01	-6.935123E+00	6.111489E+00	
126	-2.990313E+01	-1.922295E+01	2.008125E+01	
127	-2.121865E+01	-7.740058E+00	7.170692E+00	
128	-3.574026E+01	-2.233174E+01	2.549432E+01	
129	-2.713239E+01	-7.628072E+00	8.092869E+00	
130	-4.320671E+01	-2.458180E+01	3.189902E+01	
131	-3.565669E+01	-5.204437E+00	7.654692E+00	
132	-5.321393E+01	-2.623940E+01	3.797802E+01	
133	-4.295215E+01	-2.188289E+00	8.193307E+00	
134	-6.695736E+01	-2.812156E+01	3.875551E+01	
135	-5.087658E+01	-3.791218E-01	5.868043E+00	
136	-7.726769E+01	-2.938653E+01	3.947321E+01	
137	-5.784647E+01	1.038504E+00	4.023462E+00	
138	-8.585807E+01	-2.985084E+01	3.937123E+01	
139	-6.624080E+01	3.339843E+00	1.560645E-01	
140	-9.130992E+01	-2.961499E+01	4.111622E+01	
141	-7.175139E+01	4.268722E+00	9.201664E-01	
142	-9.927700E+01	-2.880053E+01	3.922174E+01	
143	-7.661667E+01	4.303478E+00	1.178546E+00	
144	-1.055644E+02	-2.726634E+01	3.652463E+01	
145	-8.055744E+01	4.242249E+00	1.506621E+00	
146	-1.100987E+02	-2.500056E+01	3.333163E+01	
147	-8.399789E+01	4.276077E+00	1.784936E+00	
148	-1.129798E+02	-2.163612E+01	2.985562E+01	
149	-8.758666E+01	4.669129E+00	2.181483E+00	
150	-1.147389E+02	-1.639098E+01	2.602357E+01	
151	-9.257939E+01	5.845213E+00	2.871318E+00	
152	-1.161406E+02	-8.251254E+00	2.192892E+01	
153	-1.009710E+02	8.181388E+00	4.402386E+00	
154	-1.186884E+02	3.445019E+00	1.780610E+01	
155	-1.160265E+02	1.150400E+01	7.557214E+00	
156	-1.250386E+02	1.762449E+01	1.385878E+01	
157	-1.442499E+02	1.423541E+01	1.190853E+01	
158	-1.391335E+02	2.900069E+01	8.724977E+00	
159	-2.017084E+02	1.110658E+01	1.187414E+01	
160	-1.661980E+02	1.902977E+01	-6.840364E+00	
161	-3.397556E+02	-1.441071E+01	-2.054610E+01	
162	-2.095609E+02	-1.112696E+02	-6.913200E+01	
163	-1.280616E+00	-2.273873E+01	1.376928E-01	
164	-2.407992E+00	-1.575173E+01	-4.291931E-01	
165	2.821352E-01	-1.864919E+01	4.517503E+00	
166	-1.152822E+00	-1.247880E+01	4.537035E+00	
167	1.361834E+00	-1.310156E+01	6.270480E+00	
168	-1.527687E+00	-1.005282E+01	7.583730E+00	
169	2.026789E+00	-8.199548E+00	6.244972E+00	
170	-2.875123E+00	-8.977178E+00	9.140699E+00	
171	2.154852E+00	-4.874092E+00	5.194413E+00	
172	-4.834519E+00	-9.247617E+00	9.774223E+00	
173	1.824926E+00	-3.187141E+00	3.678412E+00	
174	-7.204149E+00	-1.078910E+01	1.001513E+01	
175	1.591383E+00	-2.788996E+00	1.970333E+00	
176	-9.656930E+00	-1.375634E+01	1.045533E+01	
177	1.483410E+00	-4.327361E+00	1.241229E+00	
178	-1.165932E+01	-1.701756E+01	1.229258E+01	
179	1.562453E+00	-5.816381E+00	1.342293E+00	
180	-1.348407E+01	-2.010890E+01	1.564769E+01	
181	1.735575E+00	-6.186875E+00	1.617580E+00	
182	-1.543396E+01	-2.273204E+01	2.037641E+01	
183	1.117147E+00	-5.224995E+00	1.838016E+00	
184	-1.802217E+01	-2.369947E+01	2.628030E+01	
185	-1.684353E+00	-1.148400E+00	6.771336E-01	
186	-2.268758E+01	-2.326204E+01	3.187888E+01	
187	-3.909248E+00	4.360881E+00	9.004739E-02	
188	-3.175156E+01	-2.356527E+01	3.111463E+01	
189	-8.424613E+00	7.040158E+00	-3.233466E+00	
190	-3.885735E+01	-2.400074E+01	3.070028E+01	
191	-1.347267E+01	8.795288E+00	-5.972255E+00	
192	-4.564834E+01	-2.411207E+01	2.963278E+01	
193	-2.109505E+01	1.084140E+01	-1.031773E+01	
194	-5.057906E+01	-2.382359E+01	3.126362E+01	
195	-2.640259E+01	1.189160E+01	-9.872758E+00	
196	-5.815908E+01	-2.236450E+01	2.897468E+01	
197	-3.182676E+01	1.209342E+01	-9.673390E+00	
198	-6.482559E+01	-2.047516E+01	2.609568E+01	
199	-3.722418E+01	1.192382E+01	-9.259244E+00	
200	-7.063776E+01	-1.810519E+01	2.298845E+01	
201	-4.268912E+01	1.166701E+01	-8.606351E+00	
202	-7.560878E+01	-1.511884E+01	2.012293E+01	
203	-4.824464E+01	1.158004E+01	-7.413318E+00	
204	-8.024675E+01	-1.141114E+01	1.791896E+01	
205	-5.387213E+01	1.194471E+01	-5.327357E+00	
206	-8.540774E+01	-7.516001E+00	1.743508E+01	
207	-5.895719E+01	1.285186E+01	-1.643238E+00	
208	-9.270020E+01	-5.435961E+00	2.057821E+01	
209	-6.154309E+01	1.387032E+01	4.600071E+00	
210	-1.048570E+02	-9.715715E+00	3.037979E+01	
211	-5.816359E+01	1.391370E+01	1.378591E+01	
212	-1.262495E+02	-2.714331E+01	5.117773E+01	
213	-4.398097E+01	1.204771E+01	2.532469E+01	
214	-1.653703E+02	-6.129358E+01	8.729152E+01	
215	-1.451165E+01	1.200724E+01	3.789570E+01	
216	-2.403935E+02	-7.851866E+01	1.393555E+02	
217	-2.281222E+00	-3.433068E+01	-1.666204E+00	
218	-2.983661E+00	-2.082367E+01	-2.885296E+00	
219	1.700552E+00	-2.339074E+01	2.293559E+00	
220	-6.469647E-02	-1.434119E+01	2.545946E+00	
221	5.224513E+00	-1.343969E+01	3.126573E+00	
222	1.360869E+00	-1.014537E+01	5.246310E+00	
223	8.098600E+00	-6.416933E+00	2.410034E+00	
224	2.070486E+00	-8.163776E+00	6.293161E+00	
225	1.005082E+01	-2.395040E+00	1.058747E+00	
226	2.305033E+00	-7.940819E+00	6.463725E+00	
227	1.109482E+01	-6.339849E-01	-6.219935E-01	
228	2.023044E+00	-9.321200E+00	6.075537E+00	
229	1.240756E+01	-2.207249E-01	-2.944492E+00	
230	1.587394E+00	-1.287219E+01	5.453846E+00	
231	1.432281E+01	-2.766875E+00	-4.145569E+00	
232	2.248221E+00	-1.630127E+01	6.444528E+00	
233	1.720899E+01	-4.477290E+00	-4.767172E+00	
234	3.667476E+00	-1.911945E+01	8.862917E+00	
235	2.136330E+01	-4.295023E+00	-5.560866E+00	
236	5.878551E+00	-2.119601E+01	1.255373E+01	
237	2.602132E+01	-2.568214E+00	-6.294904E+00	
238	8.840339E+00	-2.070795E+01	1.790011E+01	
239	2.901342E+01	3.139427E+00	-8.172083E+00	
240	1.034369E+01	-1.796787E+01	2.316772E+01	
241	3.172273E+01	1.117311E+01	-9.824612E+00	
242	6.069372E+00	-1.687648E+01	2.126990E+01	
243	3.050166E+01	1.429420E+01	-1.347888E+01	
244	2.626753E+00	-1.671544E+01	2.030414E+01	
245	2.739993E+01	1.596792E+01	-1.642299E+01	
246	-1.917901E+00	-1.665293E+01	1.884836E+01	
247	2.055635E+01	1.739117E+01	-2.055937E+01	
248	-5.738039E+00	-1.654495E+01	2.044408E+01	
249	1.562339E+01	1.818509E+01	-2.030056E+01	
250	-1.283976E+01	-1.474011E+01	1.814089E+01	
251	9.908897E+00	1.834815E+01	-1.984685E+01	
252	-1.985780E+01	-1.285778E+01	1.554949E+01	
253	3.468460E+00	1.785480E+01	-1.894878E+01	
254	-2.686221E+01	-1.084834E+01	1.298245E+01	
255	-3.488024E+00	1.707088E+01	-1.762591E+01	
256	-3.367567E+01	-8.751163E+00	1.095226E+01	
257	-1.046181E+01	1.624380E+01	-1.565978E+01	
258	-4.036857E+01	-6.741791E+00	9.842679E+00	
259	-1.680762E+01	1.555058E+01	-1.290143E+01	
260	-4.693297E+01	-5.556630E+00	1.034634E+01	
261	-2.144724E+01	1.490076E+01	-9.188599E+00	
262	-5.320164E+01	-6.601328E+00	1.306522E+01	
263	-2.273590E+01	1.377079E+01	-4.628587E+00	
264	-5.824052E+01	-1.131304E+01	1.789155E+01	
265	-1.934146E+01	1.140826E+01	-1.401840E-01	
266	-5.931142E+01	-1.814067E+01	2.328666E+01	
267	-1.141749E+01	8.273362E+00	3.249173E+00	
268	-5.126625E+01	-1.520243E+01	2.465637E+01	
269	-1.053429E+00	1.005710E+01	7.021034E+00	
270	-2.569186E+01	3.311935E+01	1.509459E+01	
271	-1.244894E+00	-4.210834E+01	-5.522306E+00	
272	-3.337740E+00	-2.420273E+01	-6.635169E+00	
273	6.228861E+00	-2.443054E+01	-3.008852E+00	
274	1.325652E+00	-1.465672E+01	-1.248230E+00	
275	1.217932E+01	-1.056431E+01	-3.164769E+00	
276	4.760598E+00	-9.217081E+00	1.022434E+00	
277	1.653828E+01	-2.661174E+00	-3.988995E+00	
278	7.537400E+00	-6.821776E+00	1.772284E+00	
279	1.967053E+01	1.045121E+00	-4.933153E+00	
280	9.763126E+00	-6.180671E+00	1.969942E+00	
281	2.106245E+01	2.418838E+00	-6.039855E+00	
282	1.097873E+01	-7.033199E+00	1.431270E+00	
283	2.230614E+01	3.116550E+00	-8.717130E+00	
284	1.135069E+01	-1.140173E+01	-5.402282E-01	
285	2.549828E+01	-7.886983E-01	-1.035481E+01	
286	1.392496E+01	-1.489331E+01	-5.011211E-01	
287	3.097443E+01	-2.365264E+00	-1.196565E+01	
288	1.800057E+01	-1.732242E+01	7.747558E-01	
289	3.898063E+01	-1.233592E+00	-1.426509E+01	
290	2.377510E+01	-1.916544E+01	2.927765E+00	
291	4.962118E+01	1.300763E+00	-1.649568E+01	
292	3.229905E+01	-1.753650E+01	7.585127E+00	
293	5.949961E+01	8.651159E+00	-1.929999E+01	
294	4.045262E+01	-1.237536E+01	1.305161E+01	
295	6.791317E+01	1.973837E+01	-2.195589E+01	
296	4.089846E+01	-1.058117E+01	1.042086E+01	
297	6.992058E+01	2.245477E+01	-2.532502E+01	
298	4.099801E+01	-1.014457E+01	9.525404E+00	
299	6.891156E+01	2.380768E+01	-2.787513E+01	
300	3.870992E+01	-1.015151E+01	8.291234E+00	
301	6.214330E+01	2.406600E+01	-3.102955E+01	
302	3.574010E+01	-1.017255E+01	1.002353E+01	
303	5.829603E+01	2.501182E+01	-3.093838E+01	
304	2.945206E+01	-8.318491E+00	8.036819E+00	
305	5.264051E+01	2.490463E+01	-2.998845E+01	
306	2.236296E+01	-6.692114E+00	6.078790E+00	
307	4.539247E+01	2.382998E+01	-2.825571E+01	
308	1.450215E+01	-5.216620E+00	4.328274E+00	
309	3.700022E+01	2.225920E+01	-2.596868E+01	
310	6.256441E+00	-3.959011E+00	3.156827E+00	
311	2.830840E+01	2.050694E+01	-2.312279E+01	
312	-2.029793E+00	-3.046994E+00	2.702444E+00	
313	2.010588E+01	1.872844E+01	-1.981956E+01	
314	-9.798363E+00	-2.839786E+00	3.177043E+00	
315	1.312455E+01	1.690700E+01	-1.626090E+01	
316	-1.633400E+01	-3.693716E+00	4.332940E+00	
317	7.843868E+00	1.480637E+01	-1.294360E+01	
318	-2.051959E+01	-5.307889E+00	5.044944E+00	
319	4.046189E+00	1.213341E+01	-1.062935E+01	
320	-2.060599E+01	-5.027363E+00	3.794314E+00	
321	1.531353E+00	9.657088E+00	-8.899085E+00	
322	-1.500154E+01	4.214103E+00	-3.138015E-01	
323	1.540870E+00	1.101353E+01	-4.013895E+00	
324	-3.811288E+00	3.057676E+01	-3.901602E+00	
325	2.442382E+00	-3.606569E+01	-1.550366E+01	
326	-3.440762E+00	-2.621243E+01	-1.406611E+01	
327	2.035512E+01	-1.982153E+01	-1.469013E+01	
328	5.495855E+00	-1.371574E+01	-7.732378E+00	
329	2.634293E+01	-4.101312E+00	-1.384450E+01	
330	1.140170E+01	-7.610267E+00	-5.264746E+00	
331	2.914802E+01	2.243465E+00	-1.278140E+01	
332	1.575677E+01	-5.075820E+00	-4.236655E+00	
333	3.098455E+01	4.499026E+00	-1.223837E+01	
334	1.898044E+01	-4.683811E+00	-3.907285E+00	
335	3.418036E+01	5.185741E+00	-1.232706E+01	
336	2.192458E+01	-3.320844E+00	-2.858938E+00	
337	3.013063E+01	6.768513E+00	-1.400382E+01	
338	2.035792E+01	-8.956818E+00	-7.239631E+00	
339	3.372102E+01	1.190454E+00	-1.667989E+01	
340	2.381464E+01	-1.244471E+01	-8.655117E+00	
341	4.245243E+01	5.038657E-01	-2.015311E+01	
342	3.047696E+01	-1.399581E+01	-8.630575E+00	
343	5.341356E+01	3.044527E+00	-2.431202E+01	
344	3.906210E+01	-1.601641E+01	-9.037057E+00	
345	7.118747E+01	6.485164E+00	-2.910878E+01	
346	5.374492E+01	-1.373607E+01	-5.577117E+00	
347	9.006888E+01	1.539857E+01	-3.338938E+01	
348	7.022532E+01	-6.051593E+00	6.532309E-01	
349	1.058395E+02	3.007538E+01	-3.709743E+01	
350	7.627447E+01	-4.081259E+00	-2.123773E+00	
351	1.100657E+02	3.085929E+01	-3.885970E+01	
352	7.974387E+01	-3.887584E+00	-2.595056E+00	
353	1.123471E+02	3.177959E+01	-4.074873E+01	
354	8.047690E+01	-3.590531E+00	-2.364747E+00	
355	1.029460E+02	3.006456E+01	-4.123509E+01	
356	7.687497E+01	-4.008759E+00	-8.966379E-01	
357	1.018835E+02	3.210479E+01	-4.229722E+01	
358	7.215717E+01	-2.424538E+00	-2.232195E+00	
359	9.670395E+01	3.127957E+01	-4.045241E+01	
360	6.543118E+01	-1.323121E+00	-3.185101E+00	
361	8.889333E+01	2.926498E+01	-3.746335E+01	
362	5.699477E+01	-5.279358E-01	-3.746047E+00	
363	7.898166E+01	2.662768E+01	-3.377669E+01	
364	4.741446E+01	-6.234743E-02	-3.810682E+00	
365	6.820005E+01	2.381375E+01	-2.971094E+01	
366	3.739827E+01	8.130029E-02	-3.456728E+00	
367	5.735029E+01	2.096821E+01	-2.550254E+01	
368	2.774701E+01	-1.262153E-01	-2.704133E+00	
369	4.709671E+01	1.824346E+01	-2.146930E+01	
370	1.916178E+01	-4.776569E-01	-1.877563E+00	
371	3.747087E+01	1.568763E+01	-1.794707E+01	
372	1.209876E+01	-3.300112E-01	-1.808566E+00	
373	2.703460E+01	1.292039E+01	-1.500565E+01	
374	6.751308E+00	1.503060E+00	-3.201582E+00	
375	1.501937E+01	9.750935E+00	-1.177224E+01	
376	3.047662E+00	6.131474E+00	-5.577615E+00	
377	4.783954E+00	6.694081E+00	-5.756603E+00	
378	1.163232E+00	1.160415E+01	-4.741714E+00	
379	-7.829163E-01	-9.708046E-01	1.714799E-01	
380	-7.483648E-01	-8.854504E-01	1.208165E-01	
381	-3.187020E+00	-3.954253E+00	2.438900E+00	
382	-1.666024E+00	-3.566399E+00	2.233070E+00	
383	-4.335359E+00	-8.466255E+00	4.237338E+00	
384	-3.119301E+00	-9.158789E+00	4.882779E+00	
385	-4.763686E+00	-1.426905E+01	5.393672E+00	
386	-4.877479E+00	-1.672692E+01	7.577236E+00	
387	-4.859876E+00	-2.084439E+01	6.127974E+00	
388	-6.718361E+00	-2.504274E+01	1.013355E+01	
389	-4.941482E+00	-2.771093E+01	6.747414E+00	
390	-8.550974E+00	-3.332528E+01	1.257457E+01	
391	-5.229913E+00	-3.472586E+01	7.486799E+00	
392	-1.042588E+01	-4.134375E+01	1.512254E+01	
393	-6.013040E+00	-4.237739E+01	8.648833E+00	
394	-1.261947E+01	-4.976809E+01	1.836112E+01	
395	-7.243921E+00	-5.163046E+01	1.026613E+01	
396	-1.552255E+01	-5.994643E+01	2.287691E+01	
397	-8.631786E+00	-6.349524E+01	1.209781E+01	
398	-1.933491E+01	-7.294331E+01	2.899073E+01	
399	-9.844657E+00	-7.864617E+01	1.386365E+01	
400	-2.379038E+01	-8.933052E+01	3.658386E+01	
401	-9.919058E+00	-9.649857E+01	1.487707E+01	
402	-2.750628E+01	-1.075806E+02	4.299642E+01	
403	-1.064237E+01	-1.153687E+02	1.692804E+01	
404	-3.348387E+01	-1.335374E+02	4.925990E+01	
405	-1.008589E+01	-1.280341E+02	1.873277E+01	
406	-3.682312E+01	-1.480106E+02	5.325533E+01	
407	-1.019842E+01	-1.381642E+02	1.975860E+01	
408	-4.034297E+01	-1.603443E+02	5.729216E+01	
409	-8.493335E+00	-1.444524E+02	1.864858E+01	
410	-3.873450E+01	-1.615955E+02	5.742993E+01	
411	-8.757575E+00	-1.520066E+02	1.919764E+01	
412	-3.967419E+01	-1.723529E+02	5.775120E+01	
413	-8.876798E+00	-1.555899E+02	2.086703E+01	
414	-3.943154E+01	-1.779682E+02	5.669416E+01	
415	-9.209186E+00	-1.563947E+02	2.227051E+01	
416	-3.854628E+01	-1.801497E+02	5.482277E+01	
417	-9.377870E+00	-1.549303E+02	2.312008E+01	
418	-3.695598E+01	-1.792174E+02	5.224420E+01	
419	-9.160846E+00	-1.515486E+02	2.329232E+01	
420	-3.449487E+01	-1.756972E+02	4.881579E+01	
421	-8.134520E+00	-1.462642E+02	2.246468E+01	
422	-3.019874E+01	-1.687566E+02	4.367057E+01	
423	-5.769547E+00	-1.388490E+02	2.015968E+01	
424	-2.253114E+01	-1.563550E+02	3.495540E+01	
425	-1.803463E+00	-1.286220E+02	1.582295E+01	
426	-1.110038E+01	-1.349411E+02	2.013246E+01	
427	2.458584E+00	-1.129042E+02	8.965450E+00	
428	-1.094327E+00	-9.987266E+01	-1.464916E+00	
429	1.670856E+00	-8.164763E+01	1.008796E+00	
430	-4.492324E+00	-5.124061E+01	-1.974896E+01	
431	-1.267335E+01	-2.041744E+01	2.256571E+00	
432	-3.818120E+00	-8.365443E+00	-4.943099E+00	
433	-4.698898E+00	-5.295951E-01	7.564595E-01	
434	-4.995819E+00	-1.301784E+00	1.170577E+00	
435	-7.236976E+00	-2.451215E+00	3.879159E+00	
436	-5.531023E+00	-3.197411E+00	4.298915E+00	
437	-7.377471E+00	-5.280494E+00	6.137293E+00	
438	-6.111310E+00	-6.776380E+00	7.193973E+00	
439	-6.677159E+00	-8.958352E+00	7.223245E+00	
440	-7.017803E+00	-1.189238E+01	9.467995E+00	
441	-5.891439E+00	-1.333328E+01	7.408335E+00	
442	-8.275584E+00	-1.799494E+01	1.125924E+01	
443	-5.396124E+00	-1.812765E+01	7.222297E+00	
444	-9.889236E+00	-2.449765E+01	1.291311E+01	
445	-5.371174E+00	-2.313249E+01	7.123264E+00	
446	-1.197497E+01	-3.105273E+01	1.491186E+01	
447	-6.140637E+00	-2.856645E+01	7.685044E+00	
448	-1.453099E+01	-3.779837E+01	1.794280E+01	
449	-7.346364E+00	-3.495597E+01	8.968229E+00	
450	-1.760952E+01	-4.549371E+01	2.235831E+01	
451	-8.474049E+00	-4.307476E+01	1.053358E+01	
452	-2.114407E+01	-5.499395E+01	2.821082E+01	
453	-9.093782E+00	-5.373721E+01	1.194435E+01	
454	-2.451684E+01	-6.696990E+01	3.512353E+01	
455	-8.053789E+00	-6.727246E+01	1.219945E+01	
456	-2.767743E+01	-8.159456E+01	4.167988E+01	
457	-7.046939E+00	-7.975726E+01	1.372213E+01	
458	-3.140335E+01	-1.005914E+02	4.459374E+01	
459	-6.081875E+00	-9.057696E+01	1.296263E+01	
460	-3.370332E+01	-1.135978E+02	4.691406E+01	
461	-5.242041E+00	-9.911800E+01	1.247771E+01	
462	-3.512720E+01	-1.237756E+02	4.832740E+01	
463	-3.115374E+00	-1.074192E+02	9.618092E+00	
464	-3.463011E+01	-1.284261E+02	4.990565E+01	
465	-2.538162E+00	-1.133378E+02	1.064616E+01	
466	-3.462278E+01	-1.371115E+02	4.879314E+01	
467	-2.716626E+00	-1.176240E+02	1.131533E+01	
468	-3.368277E+01	-1.431134E+02	4.674248E+01	
469	-2.834229E+00	-1.199556E+02	1.199894E+01	
470	-3.201199E+01	-1.464097E+02	4.400052E+01	
471	-2.797284E+00	-1.209233E+02	1.232799E+01	
472	-2.932170E+01	-1.472653E+02	4.064569E+01	
473	-2.328316E+00	-1.211500E+02	1.227130E+01	
474	-2.485096E+01	-1.460798E+02	3.630073E+01	
475	-9.610225E-01	-1.217730E+02	1.159954E+01	
476	-1.718519E+01	-1.429252E+02	3.022465E+01	
477	1.873313E+00	-1.246064E+02	1.014730E+01	
478	-4.865920E+00	-1.379107E+02	2.114738E+01	
479	6.281317E+00	-1.323776E+02	7.612043E+00	
480	1.118154E+01	-1.314893E+02	7.355886E+00	
481	1.050747E+01	-1.482481E+02	2.490860E+00	
482	2.198411E+01	-1.241396E+02	-1.336412E+01	
483	7.536115E+00	-1.710333E+02	-9.565113E+00	
484	3.320832E+00	-1.133412E+02	-4.349048E+01	
485	-1.821873E+01	-1.572528E+02	-2.883052E+01	
486	-5.238117E+01	-8.000207E+01	-6.658936E+01	
487	-1.221221E+01	-6.511085E-01	7.811503E-01	
488	-1.006575E+01	-1.676932E+00	1.023327E+00	
489	-1.259191E+01	-1.028094E+00	4.749043E+00	
490	-9.228633E+00	-2.072699E+00	5.092922E+00	
491	-1.059419E+01	-2.101577E+00	6.975628E+00	
492	-8.494573E+00	-4.116099E+00	8.137726E+00	
493	-8.050809E+00	-3.709839E+00	7.663233E+00	
494	-8.437317E+00	-7.329224E+00	1.009028E+01	
495	-6.024653E+00	-5.843688E+00	7.260292E+00	
496	-9.183353E+00	-1.136098E+01	1.128112E+01	
497	-4.885267E+00	-8.367287E+00	6.359931E+00	
498	-1.073110E+01	-1.585512E+01	1.221825E+01	
499	-4.632104E+00	-1.099200E+01	5.447625E+00	
500	-1.318122E+01	-2.046788E+01	1.351892E+01	
501	-5.630801E+00	-1.382318E+01	5.353524E+00	
502	-1.609270E+01	-2.500956E+01	1.605846E+01	
503	-6.935123E+00	-1.707545E+01	6.111489E+00	
504	-1.922295E+01	-2.990313E+01	2.008125E+01	
505	-7.740058E+00	-2.121865E+01	7.170692E+00	
506	-2.233174E+01	-3.574026E+01	2.549432E+01	
507	-7.628072E+00	-2.713239E+01	8.092869E+00	
508	-2.458180E+01	-4.320671E+01	3.189902E+01	
509	-5.204437E+00	-3.565669E+01	7.654692E+00	
510	-2.623940E+01	-5.321393E+01	3.797802E+01	
511	-2.188289E+00	-4.295215E+01	8.193307E+00	
512	-2.812156E+01	-6.695736E+01	3.875551E+01	
513	-3.791218E-01	-5.087658E+01	5.868043E+00	
514	-2.938653E+01	-7.726769E+01	3.947321E+01	
515	1.038504E+00	-5.784647E+01	4.023462E+00	
516	-2.985084E+01	-8.585807E+01	3.937123E+01	
517	3.339843E+00	-6.624080E+01	1.560645E-01	
518	-2.961499E+01	-9.130992E+01	4.111622E+01	
519	4.268722E+00	-7.175139E+01	9.201663E-01	
520	-2.880053E+01	-9.927700E+01	3.922174E+01	
521	4.303478E+00	-7.661667E+01	1.178546E+00	
522	-2.726634E+01	-1.055644E+02	3.652463E+01	
523	4.242249E+00	-8.055744E+01	1.506621E+00	
524	-2.500056E+01	-1.100987E+02	3.333163E+01	
525	4.276077E+00	-8.399789E+01	1.784936E+00	
526	-2.163612E+01	-1.129798E+02	2.985562E+01	
527	4.669129E+00	-8.758666E+01	2.181483E+00	
528	-1.639098E+01	-1.147389E+02	2.602357E+01	
529	5.845213E+00	-9.257939E+01	2.871318E+00	
530	-8.251254E+00	-1.161406E+02	2.192892E+01	
531	8.181388E+00	-1.009710E+02	4.402386E+00	
532	3.445019E+00	-1.186884E+02	1.780610E+01	
533	1.150400E+01	-1.160265E+02	7.557214E+00	
534	1.762449E+01	-1.250386E+02	1.385878E+01	
535	1.423541E+01	-1.442499E+02	1.190853E+01	
536	2.900069E+01	-1.391335E+02	8.724977E+00	
537	1.110658E+01	-2.017084E+02	1.187414E+01	
538	1.902977E+01	-1.661980E+02	-6.840364E+00	
539	-1.441071E+01	-3.397556E+02	-2.054610E+01	
540	-1.112696E+02	-2.095609E+02	-6.913200E+01	
541	-2.273873E+01	-1.280616E+00	1.376928E-01	
542	-1.575173E+01	-2.407992E+00	-4.291931E-01	
543	-1.864919E+01	2.821352E-01	4.517503E+00	
544	-1.247880E+01	-1.152822E+00	4.537035E+00	
545	-1.310156E+01	1.361834E+00	6.270480E+00	
546	-1.005282E+01	-1.527687E+00	7.583730E+00	
547	-8.199548E+00	2.026789E+00	6.244972E+00	
548	-8.977178E+00	-2.875123E+00	9.140699E+00	
549	-4.874092E+00	2.154852E+00	5.194413E+00	
550	-9.247617E+00	-4.834519E+00	9.774223E+00	
551	-3.187141E+00	1.824926E+00	3.678413E+00	
552	-1.078910E+01	-7.204149E+00	1.001513E+01	
553	-2.788996E+00	1.591383E+00	1.970333E+00	
554	-1.375634E+01	-9.656930E+00	1.045533E+01	
555	-4.327361E+00	1.483410E+00	1.241229E+00	
556	-1.701756E+01	-1.165932E+01	1.229258E+01	
557	-5.816381E+00	1.562453E+00	1.342293E+00	
558	-2.010890E+01	-1.348407E+01	1.564769E+01	
559	-6.186875E+00	1.735575E+00	1.617580E+00	
560	-2.273204E+01	-1.543396E+01	2.037641E+01	
561	-5.224995E+00	1.117147E+00	1.838016E+00	
562	-2.369947E+01	-1.802217E+01	2.628030E+01	
563	-1.148400E+00	-1.684353E+00	6.771336E-01	
564	-2.326204E+01	-2.268758E+01	3.187888E+01	
565	4.360881E+00	-3.909248E+00	9.004738E-02	
566	-2.356527E+01	-3.175156E+01	3.111463E+01	
567	7.040158E+00	-8.424613E+00	-3.233466E+00	
568	-2.400074E+01	-3.885735E+01	3.070028E+01	
569	8.795288E+00	-1.347267E+01	-5.972255E+00	
570	-2.411207E+01	-4.564834E+01	2.963278E+01	
571	1.084140E+01	-2.109505E+01	-1.031773E+01	
572	-2.382359E+01	-5.057906E+01	3.126362E+01	
573	1.189160E+01	-2.640259E+01	-9.872758E+00	
574	-2.236450E+01	-5.815908E+01	2.897468E+01	
575	1.209342E+01	-3.182676E+01	-9.673390E+00	
576	-2.047516E+01	-6.482559E+01	2.609568E+01	
577	1.192382E+01	-3.722418E+01	-9.259244E+00	
578	-1.810519E+01	-7.063776E+01	2.298845E+01	
579	1.166701E+01	-4.268912E+01	-8.606351E+00	
580	-1.511884E+01	-7.560878E+01	2.012293E+01	
581	1.158004E+01	-4.824464E+01	-7.413318E+00	
582	-1.141114E+01	-8.024675E+01	1.791896E+01	
583	1.194471E+01	-5.387213E+01	-5.327357E+00	
584	-7.516001E+00	-8.540774E+01	1.743508E+01	
585	1.285186E+01	-5.895719E+01	-1.643238E+00	
586	-5.435961E+00	-9.270020E+01	2.057821E+01	
587	1.387032E+01	-6.154309E+01	4.600071E+00	
588	-9.715715E+00	-1.048570E+02	3.037979E+01	
589	1.391370E+01	-5.816359E+01	1.378591E+01	
590	-2.714331E+01	-1.262495E+02	5.117773E+01	
591	1.204771E+01	-4.398097E+01	2.532469E+01	
592	-6.129358E+01	-1.653703E+02	8.729152E+01	
593	1.200724E+01	-1.451165E+01	3.789570E+01	
594	-7.851866E+01	-2.403935E+02	1.393555E+02	
595	-3.433068E+01	-2.281222E+00	-1.666204E+00	
596	-2.082367E+01	-2.983661E+00	-2.885296E+00	
597	-2.339074E+01	1.700552E+00	2.293559E+00	
598	-1.434119E+01	-6.469648E-02	2.545946E+00	
599	-1.343969E+01	5.224513E+00	3.126573E+00	
600	-1.014537E+01	1.360869E+00	5.246310E+00	
601	-6.416933E+00	8.098600E+00	2.410034E+00	
602	-8.163776E+00	2.070486E+00	6.293161E+00	
603	-2.395040E+00	1.005082E+01	1.058747E+00	
604	-7.940819E+00	2.305033E+00	6.463725E+00	
605	-6.339850E-01	1.109482E+01	-6.219934E-01	
606	-9.321200E+00	2.023044E+00	6.075537E+00	
607	-2.207249E-01	1.240756E+01	-2.944492E+00	
608	-1.287219E+01	1.587394E+00	5.453846E+00	
609	-2.766875E+00	1.432281E+01	-4.145569E+00	
610	-1.630127E+01	2.248221E+00	6.444528E+00	
611	-4.477290E+00	1.720899E+01	-4.767172E+00	
612	-1.911945E+01	3.667476E+00	8.862917E+00	
613	-4.295023E+00	2.136330E+01	-5.560866E+00	
614	-2.119601E+01	5.878551E+00	1.255373E+01	
615	-2.568214E+00	2.602132E+01	-6.294904E+00	
616	-2.070795E+01	8.840339E+00	1.790011E+01	
617	3.139427E+00	2.901342E+01	-8.172083E+00	
618	-1.796787E+01	1.034369E+01	2.316772E+01	
619	1.117311E+01	3.172273E+01	-9.824612E+00	
620	-1.687648E+01	6.069372E+00	2.126990E+01	
621	1.429420E+01	3.050166E+01	-1.347888E+01	
622	-1.671544E+01	2.626753E+00	2.030414E+01	
623	1.596792E+01	2.739993E+01	-1.642299E+01	
624	-1.665293E+01	-1.917901E+00	1.884836E+01	
625	1.739117E+01	2.055635E+01	-2.055937E+01	
626	-1.654495E+01	-5.738039E+00	2.044408E+01	
627	1.818509E+01	1.562339E+01	-2.030056E+01	
628	-1.474011E+01	-1.283976E+01	1.814089E+01	
629	1.834815E+01	9.908897E+00	-1.984685E+01	
630	-1.285778E+01	-1.985780E+01	1.554949E+01	
631	1.785480E+01	3.468460E+00	-1.894878E+01	
632	-1.084834E+01	-2.686221E+01	1.298245E+01	
633	1.707088E+01	-3.488024E+00	-1.762591E+01	
634	-8.751163E+00	-3.367567E+01	1.095226E+01	
635	1.624380E+01	-1.046181E+01	-1.565978E+01	
636	-6.741791E+00	-4.036857E+01	9.842679E+00	
637	1.555058E+01	-1.680762E+01	-1.290143E+01	
638	-5.556630E+00	-4.693297E+01	1.034634E+01	
639	1.490076E+01	-2.144724E+01	-9.188599E+00	
640	-6.601328E+00	-5.320164E+01	1.306522E+01	
641	1.377079E+01	-2.273590E+01	-4.628587E+00	
642	-1.131304E+01	-5.824052E+01	1.789155E+01	
643	1.140826E+01	-1.934146E+01	-1.401840E-01	
644	-1.814067E+01	-5.931142E+01	2.328666E+01	
645	8.273362E+00	-1.141749E+01	3.249173E+00	
646	-1.520243E+01	-5.126625E+01	2.465637E+01	
647	1.005710E+01	-1.053429E+00	7.021034E+00	
648	3.311935E+01	-2.569186E+01	1.509459E+01	
649	-4.210834E+01	-1.244894E+00	-5.522306E+00	
650	-2.420273E+01	-3.337740E+00	-6.635169E+00	
651	-2.443054E+01	6.228861E+00	-3.008852E+00	
652	-1.465672E+01	1.325652E+00	-1.248230E+00	
653	-1.056431E+01	1.217932E+01	-3.164769E+00	
654	-9.217081E+00	4.760598E+00	1.022434E+00	
655	-2.661174E+00	1.653828E+01	-3.988995E+00	
656	-6.821776E+00	7.537400E+00	1.772284E+00	
657	1.045121E+00	1.967053E+01	-4.933153E+00	
658	-6.180671E+00	9.763126E+00	1.969942E+00	
659	2.418838E+00	2.106245E+01	-6.039855E+00	
660	-7.033199E+00	1.097873E+01	1.431270E+00	
661	3.116550E+00	2.230614E+01	-8.717130E+00	
662	-1.140173E+01	1.135069E+01	-5.402282E-01	
663	-7.886983E-01	2.549828E+01	-1.035481E+01	
664	-1.489331E+01	1.392496E+01	-5.011211E-01	
665	-2.365264E+00	3.097443E+01	-1.196565E+01	
666	-1.732242E+01	1.800057E+01	7.747558E-01	
667	-1.233592E+00	3.898063E+01	-1.426509E+01	
668	-1.916544E+01	2.377510E+01	2.927764E+00	
669	1.300763E+00	4.962118E+01	-1.649568E+01	
670	-1.753650E+01	3.229905E+01	7.585127E+00	
671	8.651159E+00	5.949961E+01	-1.929999E+01	
672	-1.237536E+01	4.045262E+01	1.305161E+01	
673	1.973837E+01	6.791317E+01	-2.195589E+01	
674	-1.058117E+01	4.089846E+01	1.042086E+01	
675	2.245477E+01	6.992058E+01	-2.532502E+01	
676	-1.014457E+01	4.099801E+01	9.525404E+00	
677	2.380768E+01	6.891156E+01	-2.787513E+01	
678	-1.015151E+01	3.870992E+01	8.291234E+00	
679	2.406600E+01	6.214330E+01	-3.102955E+01	
680	-1.017255E+01	3.574010E+01	1.002353E+01	
681	2.501182E+01	5.829603E+01	-3.093838E+01	
682	-8.318491E+00	2.945206E+01	8.036819E+00	
683	2.490463E+01	5.264051E+01	-2.998845E+01	
684	-6.692114E+00	2.236296E+01	6.078790E+00	
685	2.382998E+01	4.539247E+01	-2.825571E+01	
686	-5.216620E+00	1.450215E+01	4.328274E+00	
687	2.225920E+01	3.700022E+01	-2.596868E+01	
688	-3.959011E+00	6.256441E+00	3.156827E+00	
689	2.050694E+01	2.830840E+01	-2.312279E+01	
690	-3.046994E+00	-2.029793E+00	2.702444E+00	
691	1.872844E+01	2.010588E+01	-1.981956E+01	
692	-2.839786E+00	-9.798363E+00	3.177043E+00	
693	1.690700E+01	1.312455E+01	-1.626090E+01	
694	-3.693716E+00	-1.633400E+01	4.332940E+00	
695	1.480637E+01	7.843868E+00	-1.294360E+01	
696	-5.307889E+00	-2.051959E+01	5.044944E+00	
697	1.213341E+01	4.046189E+00	-1.062935E+01	
698	-5.027363E+00	-2.060599E+01	3.794314E+00	
699	9.657088E+00	1.531353E+00	-8.899085E+00	
700	4.214103E+00	-1.500154E+01	-3.138015E-01	
701	1.101353E+01	1.540870E+00	-4.013895E+00	
702	3.057676E+01	-3.811288E+00	-3.901602E+00	
703	-3.606569E+01	2.442382E+00	-1.550366E+01	
704	-2.621243E+01	-3.440762E+00	-1.406611E+01	
705	-1.982153E+01	2.035512E+01	-1.469013E+01	
706	-1.371574E+01	5.495855E+00	-7.732378E+00	
707	-4.101312E+00	2.634293E+01	-1.384450E+01	
708	-7.610267E+00	1.140170E+01	-5.264746E+00	
709	2.243465E+00	2.914802E+01	-1.278140E+01	
710	-5.075820E+00	1.575677E+01	-4.236655E+00	
711	4.499026E+00	3.098455E+01	-1.223837E+01	
712	-4.683811E+00	1.898044E+01	-3.907285E+00	
713	5.185741E+00	3.418036E+01	-1.232706E+01	
714	-3.320844E+00	2.192458E+01	-2.858938E+00	
715	6.768513E+00	3.013063E+01	-1.400382E+01	
716	-8.956818E+00	2.035792E+01	-7.239631E+00	
717	1.190454E+00	3.372102E+01	-1.667989E+01	
718	-1.244471E+01	2.381464E+01	-8.655117E+00	
719	5.038657E-01	4.245243E+01	-2.015311E+01	
720	-1.399581E+01	3.047696E+01	-8.630575E+00	
721	3.044527E+00	5.341356E+01	-2.431202E+01	
722	-1.601641E+01	3.906210E+01	-9.037058E+00	
723	6.485164E+00	7.118747E+01	-2.910878E+01	
724	-1.373607E+01	5.374492E+01	-5.577117E+00	
725	1.539857E+01	9.006888E+01	-3.338938E+01	
726	-6.051593E+00	7.022532E+01	6.532309E-01	
727	3.007538E+01	1.058395E+02	-3.709743E+01	
728	-4.081259E+00	7.627447E+01	-2.123773E+00	
729	3.085929E+01	1.100657E+02	-3.885970E+01	
730	-3.887584E+00	7.974387E+01	-2.595056E+00	
731	3.177959E+01	1.123471E+02	-4.074873E+01	
732	-3.590531E+00	8.047690E+01	-2.364747E+00	
733	3.006456E+01	1.029460E+02	-4.123509E+01	
734	-4.008759E+00	7.687497E+01	-8.966379E-01	
735	3.210479E+01	1.018835E+02	-4.229722E+01	
736	-2.424538E+00	7.215717E+01	-2.232195E+00	
737	3.127957E+01	9.670395E+01	-4.045241E+01	
738	-1.323121E+00	6.543118E+01	-3.185101E+00	
739	2.926498E+01	8.889333E+01	-3.746335E+01	
740	-5.279358E-01	5.699477E+01	-3.746047E+00	
741	2.662768E+01	7.898166E+01	-3.377669E+01	
742	-6.234742E-02	4.741446E+01	-3.810682E+00	
743	2.381375E+01	6.820005E+01	-2.971094E+01	
744	8.130030E-02	3.739827E+01	-3.456728E+00	
745	2.096821E+01	5.735029E+01	-2.550254E+01	
746	-1.262153E-01	2.774701E+01	-2.704133E+00	
747	1.824346E+01	4.709671E+01	-2.146930E+01	
748	-4.776569E-01	1.916178E+01	-1.877563E+00	
749	1.568763E+01	3.747087E+01	-1.794707E+01	
750	-3.300112E-01	1.209876E+01	-1.808566E+00	
751	1.292039E+01	2.703460E+01	-1.500565E+01	
752	1.503060E+00	6.751308E+00	-3.201582E+00	
753	9.750935E+00	1.501937E+01	-1.177224E+01	
754	6.131474E+00	3.047662E+00	-5.577615E+00	
755	6.694081E+00	4.783954E+00	-5.756603E+00	
756	1.160415E+01	1.163232E+00	-4.741714E+00	
757	1.084550E+02	8.282068E+01	-5.416708E+01	
758	5.048198E+01	5.262650E+01	-3.092276E+01	
759	-7.198608E+01	1.519305E+00	5.696468E+00	
760	1.489926E+02	2.384255E+02	-2.430432E+01	
761	4.794588E+01	4.665014E+01	-2.952013E+01	
762	8.403234E+01	-7.893259E-01	-1.329364E+01	
763	1.463900E+02	3.219722E+00	8.868657E+00	
764	1.157615E+02	5.719536E+01	-1.600485E+01	
765	2.864998E+02	5.028303E+02	4.074388E+01	
766	2.244122E+02	4.750379E+02	2.861486E+01	
767	1.687212E+02	7.744461E+00	2.133952E+01	
768	1.332966E+02	5.459665E+00	8.087622E+00	
769	1.648436E+01	-1.165422E+01	-2.961533E+00	
770	6.864788E+01	1.216127E+02	-6.124105E+01	
771	1.469186E+02	8.194060E+00	8.319225E+00	
772	2.834799E+01	-5.498245E+00	2.660441E+00	
773	9.536826E+01	-2.183522E+00	-3.636355E+00	
774	1.047318E+02	3.188566E+02	-1.157025E+02	
775	1.114512E+02	6.867656E+01	-2.021158E+01	
776	1.317993E+02	4.364675E+02	-2.922331E+01	
777	2.005759E+02	2.230675E+01	2.260876E+01	
778	1.037169E+02	5.031294E+01	-5.354770E+01	
779	-1.034505E+02	-3.032598E+01	2.526862E+01	
780	5.134589E+01	-1.235733E+00	-6.615687E+00	
781	5.750708E+01	8.928629E+00	-1.405823E+01	
782	7.519958E+01	2.905866E+01	-3.880067E+01	
783	1.661733E+02	4.212446E+02	-7.794642E+01	
784	1.188414E+02	3.598234E+02	-3.196121E+01	
785	1.196844E+02	2.315631E+01	-1.894276E+01	
786	1.260576E+02	6.400915E+01	3.300227E+01	
787	7.648761E+01	6.777206E+01	-1.565344E+01	
788	-1.974791E+02	-1.228823E+02	1.180424E+01	
789	5.425319E+01	2.699991E+02	-1.544047E+02	
790	1.173053E+02	2.260142E+01	-1.835055E+01	
791	1.633065E+02	2.003725E+01	-1.090041E+01	
792	1.362040E+02	3.460913E+01	-2.497353E+00	
793	1.983577E+02	4.388448E+02	-8.205640E+00	
794	2.241212E+02	4.763147E+01	8.281629E+01	
795	1.012406E+02	3.498190E+02	-7.491676E+01	
796	1.462727E+02	2.440785E+02	-5.755269E+01	
797	6.646309E+01	1.584208E+02	-6.975765E+01	
798	1.499494E+02	7.852380E+01	2.612412E+01	
799	1.783508E+02	3.165471E+01	3.271576E+01	
800	-4.668209E+01	-9.456446E+00	1.742288E+01	
801	1.498202E+02	6.647792E+01	4.933471E+01	
802	8.018378E+02	6.797435E+02	2.387084E+02	
803	-3.905191E+01	-1.825344E+01	7.610967E+00	
804	-7.845083E+00	2.306849E+01	-1.880940E+01	
805	9.516078E+01	8.243014E+01	-8.894166E+00	
806	5.095502E+02	8.295615E+01	6.871892E+01	
807	1.366613E+02	1.602824E+02	-5.135511E+01	
808	2.134514E+01	-8.781543E+00	-7.007004E+00	
809	7.485741E+00	1.163261E+00	3.312826E+00	
810	6.287647E+01	4.238518E+02	-5.577358E+01	
811	1.197780E+02	6.228782E+01	-2.838641E+01	
812	1.724297E+02	4.562372E+01	3.310094E+01	
813	1.296730E+02	2.322891E+01	-1.578922E+01	
814	6.073222E+01	8.422296E+01	-4.458737E+01	
815	2.281981E+02	4.454228E+02	-2.626697E+01	
816	1.042450E+02	7.497992E+01	-3.363108E+00	
817	3.207355E+02	1.616368E+02	1.611864E+02	
818	1.166148E+02	5.062461E+01	-1.890199E+01	
819	8.153969E+01	1.719893E+02	-8.905161E+01	
820	1.398568E+02	2.771442E+02	1.644062E+00	
821	1.530497E+02	-1.919541E-01	5.656370E+00	
822	1.014542E+02	6.195534E+01	-4.471712E+01	
823	9.716543E+01	7.025176E+01	-2.894371E+01	
824	8.075679E+01	1.727343E+01	-2.460415E+01	
825	2.041306E+02	1.225804E+00	6.844165E+00	
826	9.052275E+01	4.974769E+01	-5.409715E+01	
827	1.341296E+02	4.054799E+01	-1.481371E+01	
828	2.299663E+00	-6.903277E+00	-4.736927E+00	
829	1.430694E+02	4.364513E+02	-1.711416E+01	
830	1.232969E+02	3.413574E+01	-2.103640E+01	
831	7.866655E+01	3.344994E+00	-5.627886E+00	
832	-1.502283E+01	-3.785921E+00	7.266812E+00	
833	7.922775E+01	1.802646E+02	-7.637551E+01	
834	7.647280E+01	8.924420E+00	-2.624888E+01	
835	7.389436E+01	1.885213E+02	-7.386076E+01	
836	9.248458E+01	7.096944E+01	-1.017804E+01	
837	1.224561E+02	4.498274E+01	-3.243952E+01	
838	1.505433E+02	4.523447E+02	-4.366055E+01	
839	6.950352E+02	1.309788E+03	2.910180E+02	
840	1.837648E+02	4.769639E+02	-1.188443E+02	
841	5.507058E+02	6.482984E+02	6.344458E+01	
842	1.623859E+02	9.643706E+01	4.982594E+01	
843	9.939178E+01	3.867499E+01	-4.205539E+01	
844	7.756248E+01	6.097094E+01	-3.185497E+01	
845	2.505264E+02	9.975485E+01	1.025534E+02	
846	7.898460E+01	1.290489E+02	-7.073427E+01	
847	1.093837E+02	4.253471E+01	-3.947030E+01	
848	1.401746E+02	3.480646E-01	3.827274E+00	
849	8.254870E+01	-2.402356E-01	-8.349889E+00	
850	2.057278E+01	8.296721E+00	-1.722867E+01	
851	1.212108E+02	1.398087E+01	-3.985735E-01	
852	-1.220682E+02	-3.270780E+01	2.806163E+01	
853	8.408612E+01	3.726559E+01	-3.510549E+01	
854	1.531088E+02	1.830226E+01	1.583524E+01	
855	1.283138E+02	1.436255E+02	-5.437998E+01	
856	1.653630E+02	1.906916E+01	2.542946E+01	
857	1.372706E+02	4.466811E+01	-1.618216E+01	
858	1.408314E+02	9.316612E+01	2.647018E+01	
859	7.358480E+01	3.863015E+01	-3.722145E+01	
860	8.873670E+01	1.645299E+01	-3.390948E+01	
861	9.590281E+01	8.081610E+01	-5.961874E+01	
862	5.540312E+02	5.153246E+02	1.668508E+02	
863	1.815374E+02	1.206672E+01	2.800470E+01	
864	2.159175E+02	5.638332E+01	6.788448E+01	
865	1.001827E+02	5.767230E+01	-5.185584E+01	
866	3.806081E+02	9.589199E+01	6.334957E+01	
867	1.640448E+02	1.297870E+02	7.767629E+01	
868	6.602751E+01	-2.247140E+01	1.128094E+02	
869	-5.768875E+00	1.563224E+02	7.301303E+01	
870	7.236052E+01	-8.101460E+00	5.583801E-01	
871	4.491311E+02	4.971736E+02	8.823273E+01	
872	1.898004E+02	6.652032E+01	6.968498E+01	
873	7.497211E+01	4.319178E+01	-3.476288E+01	
874	1.189557E+02	6.258236E+01	-4.443899E+01	
875	1.380395E+02	3.236691E+02	-2.235289E+01	
876	8.860484E+01	2.443551E+01	-3.331704E+01	
877	6.129884E+01	-9.206389E+01	1.012783E+01	
878	2.760191E+02	2.378607E+02	1.652234E+02	
879	7.395157E+01	9.640847E+01	-6.883791E+01	
880	5.379769E+02	5.622310E+02	5.428753E+01	
881	7.699497E+01	7.911369E+01	-4.620317E+01	
882	1.299078E+02	1.234829E+02	-3.068289E+01	
883	5.319589E+02	7.190558E+02	5.623535E+01	
884	-4.566690E+01	-1.817379E+01	9.851476E+00	
885	9.344382E+01	5.600738E+01	-2.688299E+01	
886	1.338724E+02	2.236220E+01	-6.378293E+00	
887	1.905720E+02	6.075588E+02	3.973422E+00	
888	1.233212E+02	2.363649E+01	-2.046361E+01	
889	9.929340E+01	4.522609E+02	-1.064324E+02	
890	1.470961E+02	1.606446E+02	-2.616943E+01	
891	1.309572E+02	9.657468E+01	6.245445E+01	
892	5.240999E+01	-3.231908E+00	-4.790532E+00	
893	1.908836E+02	2.064950E+01	2.425324E+01	
894	3.105210E+02	5.108236E+02	4.666400E+01	
895	-1.097309E+01	-2.111193E+01	-1.882064E+00	
896	1.190940E+02	1.643768E+02	-5.229353E+01	
897	1.607682E+02	3.886967E+01	2.872107E+01	
898	-6.364016E+01	-2.170717E+01	1.555525E+01	
899	1.280095E+02	7.356764E+01	-4.351860E+01	
900	4.243122E+02	2.426113E+02	1.651201E+02	
901	-1.509465E+00	-1.346030E+01	8.170029E-01	
902	9.648954E+01	3.748788E+01	-4.230297E+01	
903	4.044943E+01	-8.783374E+00	-6.463028E+00	
904	1.417108E+02	3.253318E+02	-5.769281E+01	
905	7.786905E+01	1.226480E+02	-7.132763E+01	
906	1.367373E+02	9.529722E+01	-2.330926E+01	
907	1.492113E+02	1.157301E+01	1.451983E+01	
908	5.914185E+01	1.531361E+01	-5.402259E+00	
909	1.058620E+02	7.666279E+01	-6.298670E+01	
910	1.592659E+02	5.086477E+01	1.720061E+01	
911	1.517296E+02	4.715909E+01	3.049085E+00	
912	1.464633E+01	-5.834060E+01	2.941698E+01	
913	1.511876E+02	4.963830E+02	-1.467799E+01	
914	1.037172E+01	1.206933E+00	8.458887E-01	
915	8.904821E+01	1.711693E+02	-9.030955E+01	
916	1.568215E+02	5.108633E+02	-4.925019E+01	
917	3.053349E+02	5.643607E+02	6.023788E+01	
918	7.898761E+01	7.432360E+01	-1.785370E+01	
919	4.403368E+02	4.781351E+02	6.932388E+01	
920	1.587246E+02	1.594272E+02	-1.940875E+01	
921	5.547264E+01	7.644891E+01	-4.326591E+01	
922	-2.272444E+01	-9.599246E-01	-4.440197E+00	
923	1.142507E+02	2.172690E+01	-1.792738E+01	
924	1.868031E+02	7.702173E+02	-5.106523E+01	
925	4.815987E+01	5.587828E+01	-3.415165E+01	
926	1.099803E+02	2.259377E+01	-2.246008E+01	
927	2.716939E+02	1.415088E+02	1.329138E+02	
928	4.784222E+02	3.394418E+02	1.627428E+02	
929	5.243227E+02	5.020164E+02	6.597481E+01	
930	9.792830E+01	8.628863E+01	-7.093902E+01	
931	8.549450E+01	1.144052E+02	-6.977251E+01	
932	3.423879E+02	4.223443E+02	3.758420E+01	
933	1.110724E+02	8.721224E+01	-2.659432E+01	
934	1.639743E+02	4.075506E+02	-4.958407E+01	
935	7.824051E+01	2.461402E+02	-7.218075E+01	
936	-3.164554E+01	-1.054678E+01	3.668478E+00	
937	1.034460E+02	1.142251E+02	-6.828738E+01	
938	-1.073320E+02	4.198571E+01	8.495233E-01	
939	8.484618E+01	1.158908E+02	-6.560534E+01	
940	4.649833E+01	1.319911E+01	-1.862706E+01	
941	3.998958E+02	3.075286E+02	1.460272E+02	
942	1.317856E+02	2.174380E+01	-6.656390E+00	
943	7.723415E+01	7.959592E+01	-4.653325E+01	
944	8.757814E+01	8.442306E+00	-5.387655E+00	
945	4.410965E+02	6.376817E+02	1.146743E+02	
946	1.644964E+02	1.438360E+01	1.044918E+01	
947	2.582235E+02	1.243122E+02	1.266825E+02	
948	1.108895E+02	2.285903E+02	-6.008592E+01	
949	2.609612E+02	2.044456E+02	1.620777E+02	
950	5.080514E+01	-8.089443E+00	2.353666E-01	
951	1.394587E+02	1.680811E+01	2.646821E+00	
952	7.932289E+01	1.915673E+01	-3.828232E+01	
953	5.308118E+01	6.955864E+01	-3.890457E+01	
954	3.005916E+02	5.217618E+02	5.544565E+01	
955	1.778857E+02	9.305104E+01	6.150441E+01	
956	1.513188E+02	6.013566E+01	5.336500E-01	
957	1.026363E+02	5.653190E+01	-3.046521E+01	
958	7.477186E+01	6.263364E+01	-5.176613E+01	
959	1.423693E+02	1.600897E+02	-1.020277E+01	
960	1.039800E+02	5.840443E+01	-3.903892E+01	
961	2.382172E+02	5.998334E+02	-4.630120E+01	
962	1.485986E+01	5.257449E+02	-5.245930E+01	
963	1.045253E+02	7.683572E+00	-1.933731E+01	
964	1.240477E+02	4.953610E+02	-3.997675E+01	
965	1.160687E+02	6.298296E+01	-1.510389E+00	
966	3.602617E+02	4.404564E+02	6.383581E+01	
967	1.085108E+02	7.548342E+01	-4.809268E+01	
968	7.558391E+01	9.312302E+01	-6.272691E+01	
969	1.142022E+02	2.434310E+00	-1.259452E+01	
970	3.635039E+01	1.182529E+02	-6.329585E+01	
971	1.224323E+02	9.258056E+01	1.362703E+01	
972	1.384168E+02	5.929202E+02	8.755140E-01	
973	8.677069E+01	1.060862E+02	-6.091260E+01	
974	7.832192E+01	2.640154E+02	-9.465348E+01	
975	6.682818E+01	1.380316E+02	-5.994600E+01	
976	6.372636E+01	1.327558E+02	-6.255054E+01	
977	1.469478E+02	4.116797E+02	-1.126460E+01	
978	1.305175E+02	8.354703E+00	-1.965025E+00	
979	1.059436E+01	1.180129E+01	-1.218534E+01	
980	8.349399E+01	1.737002E+02	-7.629822E+01	
981	7.977176E+01	3.152707E+02	-9.687277E+01	
982	9.070004E+01	4.426165E+01	-5.814284E+01	
983	-1.519354E+01	-1.074225E+01	2.859309E+00	
984	7.862312E+01	6.867582E+01	-3.371707E+01	
985	1.299967E+02	2.601173E+01	-2.178092E+01	
986	1.607197E+01	4.037143E+02	-3.659533E+01	
987	1.381920E+02	2.432642E+02	-2.725842E+01	
988	-1.829965E+00	-1.540956E+01	-1.366141E+00	
989	7.903566E+01	2.340679E+02	-9.238272E+01	
990	7.381089E+01	6.646393E+01	-2.473406E+01	
991	3.645836E+01	4.302127E+02	-4.134238E+01	
992	6.226503E+01	5.957142E+01	-2.812064E+01	
993	1.175016E+02	2.930304E+01	-3.021543E+01	
994	1.453612E+02	4.943640E+02	-6.715960E+00	
995	6.642269E+01	5.975596E+01	-2.979671E+01	
996	1.611986E+02	1.149847E+02	2.678095E+01	
997	3.348820E+02	5.061264E+02	3.383155E+01	
998	8.742081E+01	9.682305E+01	-7.296086E+01	
999	-1.297250E+01	-1.109405E+01	6.743307E+00	
1000	8.901351E+01	8.085506E+01	-2.693628E+00	
1001	7.075986E+01	7.402789E+01	-4.028832E+01	
1002	9.945878E+01	1.748191E+01	-1.856520E+01	
1003	-8.339104E+01	-2.503794E+01	2.143853E+01	
1004	2.572584E+02	1.230068E+02	1.258255E+02	
1005	7.726736E+01	2.782395E+02	-7.132670E+01	
1006	1.106456E+02	7.044441E+01	-6.792744E+00	
1007	5.414388E+01	4.697238E+01	-5.764685E+00	
1008	1.358676E+02	3.537920E+02	4.060448E+00	
1009	1.007724E+01	-1.146595E+01	-5.486821E+00	
1010	1.116759E+02	6.618860E+01	1.401221E+01	
1011	3.256671E+02	1.132781E+02	1.132298E+02	
1012	1.727873E+02	9.600757E+01	8.117663E+01	
1013	1.071620E+02	4.160075E+00	-1.006415E+01	
1014	1.270130E+02	2.688258E+02	-5.518382E+01	
1015	1.320964E+02	1.811420E+02	-9.543211E+01	
1016	4.614225E+01	3.662210E+02	-5.697884E+01	
1017	1.025041E+02	4.530985E+01	-3.864531E+01	
1018	4.393005E+02	3.047985E+02	1.304282E+02	
1019	6.917616E+01	3.691662E+02	-9.964500E+01	
1020	7.346181E+01	1.169491E+02	-6.693303E+01	
1021	3.332697E+02	2.672710E+02	1.764264E+02	
1022	1.390529E+02	2.504474E+01	-7.720600E+00	
1023	3.669295E+02	3.580870E+02	1.771062E+02	
1024	1.387137E+02	1.179329E+02	8.166744E+01	
1025	1.686650E+02	7.955617E+00	1.649028E+01	
1026	3.229589E+02	7.717804E+01	1.480331E+01	
1027	7.770951E+01	9.373492E+01	-5.781715E+01	
1028	-5.109211E+01	-2.007123E+00	2.682289E+00	
1029	3.775692E+00	-2.394015E+00	-3.764093E+00	
1030	3.427014E+01	-5.499650E+00	8.747987E-01	
1031	6.675932E+01	3.287150E+01	-3.422366E+01	
1032	1.862559E+02	1.733301E+01	3.113679E+01	
1033	1.195529E+02	6.636914E+01	-4.193718E+01	
1034	1.668986E+02	5.104334E+02	-7.862059E+01	
1035	4.485246E+02	4.458971E+02	1.720160E+02	
1036	-4.349980E+01	-4.849771E+00	1.156515E+01	
1037	2.416173E+02	1.732920E+02	1.382113E+02	
1038	5.384124E+00	-1.182999E+01	2.904707E+00	
1039	1.404239E+02	4.249308E+02	-2.415733E+01	
1040	1.091728E+02	-6.724961E+00	1.281855E+00	
1041	-3.927796E+01	-1.774172E+01	1.001712E+01	
1042	8.055215E+01	1.397710E+02	-7.125984E+01	
1043	-4.758467E+00	3.580194E+02	7.467897E+01	
1044	1.019345E+02	7.705927E+00	-1.174435E+01	
1045	2.746954E+02	3.891551E+01	8.541027E+01	
1046	1.236448E+02	5.066293E+01	-3.244068E+01	
1047	1.247676E+02	3.025099E+02	-2.373032E+01	
1048	1.262015E+02	1.955119E+01	-7.275824E+00	
1049	1.394460E+02	4.278767E+02	-7.976058E+00	
1050	1.279866E+02	1.907728E+01	-2.974055E+00	
1051	2.257883E+02	3.305599E+02	-1.225434E+02	
1052	2.090321E+02	2.917649E+02	-1.270629E+02	
1053	5.393794E+01	1.132202E+01	-1.588174E+01	
1054	1.423405E+02	2.580801E+01	7.489450E-01	
1055	8.806877E+01	1.575094E+02	-7.912652E+01	
1056	1.078978E+02	2.218809E+02	-6.879774E+01	
1057	3.973599E+01	-3.884194E+00	-6.273502E+00	
1058	1.221371E+02	1.797149E+01	-9.751745E+00	
1059	1.534463E+02	1.027895E+00	8.395883E+00	
1060	7.267682E+01	6.300155E+01	-2.379350E+01	
1061	1.405980E+02	3.718306E+01	7.382039E+00	
1062	-5.044881E+01	-6.577823E+00	1.874522E+01	
1063	6.094001E+01	4.817714E+01	-3.885369E+01	
1064	1.266041E+02	2.470530E+01	-2.197760E+01	
1065	1.493298E+02	5.073545E+02	3.884467E+00	
1066	2.691840E+02	3.472433E+02	-5.367812E+01	
1067	1.515632E+02	9.489280E+01	-8.208096E+00	
1068	1.394820E+02	2.141002E+02	-2.664669E+01	
1069	5.344283E+01	5.444072E+01	-3.185606E+01	
1070	3.743698E+02	2.543535E+02	1.783979E+02	
1071	-1.178341E+02	-2.574598E+01	1.765853E+01	
1072	5.137008E+01	5.654451E+01	-3.358226E+01	
1073	5.958540E+01	8.442504E+01	-4.501497E+01	
1074	-4.492632E+01	2.224301E+02	-1.123386E+02	
1075	1.126004E+02	4.379568E+01	-3.395799E+01	
1076	3.229767E+02	3.929769E+02	6.565123E+00	
1077	1.524521E+02	9.038981E+01	7.047036E+01	
1078	1.166601E+02	3.171582E+02	-1.242823E+02	
1079	1.182771E+02	2.467294E+01	-2.248627E+01	
1080	1.444631E+02	3.241825E+02	-5.105027E+01	
1081	1.447292E+02	4.091839E+01	2.152793E+01	
1082	8.814904E+01	9.756963E+01	-5.401164E+01	
1083	1.674657E+02	5.766609E+01	3.156727E+01	
1084	4.110119E+00	-1.002007E+01	-5.665493E+00	
1085	9.009755E+01	7.501407E+01	-1.835512E+01	
1086	1.073243E+02	7.129412E+01	-3.313201E+01	
1087	1.411918E+02	4.502116E+02	-1.947123E+01	
1088	1.141452E+02	8.442258E+01	3.135818E+01	
1089	1.222549E+02	6.189807E+01	-5.181519E+00	
1090	3.346799E+02	2.194353E+02	1.515993E+02	
1091	1.189400E+02	1.392403E+02	-6.070401E+01	
1092	4.514062E+01	5.080111E+01	-3.059103E+01	
1093	9.199085E+01	1.305604E+02	-8.072804E+01	
1094	1.244092E+02	1.036602E+02	2.640101E+01	
1095	8.205451E+01	2.134477E+02	-7.296910E+01	
1096	1.435506E+02	3.541431E+02	-1.708368E+01	
1097	-5.384706E+01	-2.410853E+01	4.585462E+00	
1098	1.163598E+02	5.741636E+01	-1.368714E+01	
1099	2.522659E+02	4.699110E+02	1.001082E+01	
1100	2.062225E+02	3.434155E+01	5.470401E+01	
1101	1.707833E+02	1.399745E+02	1.065548E+02	
1102	1.308796E+02	5.089163E+01	-4.424497E+00	
1103	2.573196E+02	6.328122E+01	7.615794E+01	
1104	1.436262E+02	2.568183E+01	5.706769E-01	
1105	2.127719E+02	9.348938E+01	1.043166E+02	
1106	9.943372E+01	5.108695E+02	2.862764E-01	
1107	2.118788E+02	6.786764E+02	-3.594673E+01	
1108	4.643142E+00	1.127073E+01	-1.438626E+01	
1109	8.975728E+01	6.174461E+01	-3.743463E+01	
1110	8.517357E+01	-5.460837E+00	-3.851759E+00	
1111	1.071734E+02	6.620598E+01	-3.938814E+01	
1112	1.435550E+02	4.348710E+02	-6.215018E+00	
1113	1.214351E+02	6.498062E+01	-3.568828E+01	
1114	1.432270E+02	3.192613E+01	-6.331180E+00	
1115	1.058746E+02	1.928133E+01	-1.560161E+01	
1116	1.259370E+02	-8.072044E+00	5.233574E+00	
1117	1.535944E+02	4.415862E+01	3.794048E+01	
1118	9.880289E+00	-1.169970E+01	2.881842E+00	
1119	1.368132E+02	3.546063E+02	-2.357757E+01	
1120	1.386403E+02	1.031223E+02	5.551361E+01	
1121	2.045039E+02	3.346508E+01	5.412323E+01	
1122	1.072360E+02	8.292590E+01	-5.583685E+01	
1123	1.450907E+02	3.032179E+01	-5.418285E+00	
1124	5.809983E+01	-1.266456E+01	-6.566412E+00	
1125	8.367759E+01	5.993813E+01	-2.445047E+01	
1126	3.596437E+02	5.002566E+01	2.959037E+01	
1127	-2.595091E+01	-1.279846E+01	4.362398E+00	
1128	1.305275E+02	7.703722E+01	9.038358E+00	
1129	1.680903E+02	4.921084E+02	-3.981671E+01	
1130	1.302368E+02	5.178651E+01	-1.518050E+01	
1131	1.011442E+02	7.787160E+01	4.622356E+00	
1132	7.504760E+01	2.686489E+02	-9.000440E+01	
1133	4.660585E+01	4.034214E+02	-3.430445E+01	
1134	1.484243E+02	7.983046E+01	-1.337774E+01	
1135	9.962583E+00	-4.938555E+00	-5.361531E+00	
1136	1.326566E+02	2.087400E+01	-9.572627E+00	
1137	1.259803E+02	1.847492E+01	-5.116477E+00	
1138	9.410540E+01	-3.762701E+00	-6.114548E-01	
1139	1.167976E+02	2.272263E+02	-9.630297E+01	
1140	1.474682E+02	3.548274E+01	7.440561E-01	
1141	1.766038E+02	7.549610E+01	1.188836E+01	
1142	1.383493E+02	4.637526E+02	-1.035932E+01	
1143	2.057289E+02	1.597240E+02	1.396312E+02	
1144	5.666517E+01	9.030664E+01	-5.027318E+01	
1145	3.120212E+02	3.915790E+02	2.532254E+01	
1146	7.425527E+01	5.172746E+01	-5.416368E+01	
1147	1.436145E+02	5.311895E+02	-1.107535E+01	
1148	6.251889E+01	1.043468E+01	-1.815125E+01	
1149	6.829249E+01	2.918011E+02	2.126456E+01	
1150	1.132704E+02	7.686376E+00	-2.350565E+00	
1151	9.069481E+01	3.864815E+02	-6.180733E+01	
1152	6.519748E+01	7.515503E+00	-1.319288E+01	
1153	9.573097E+01	8.503519E+01	-5.345070E+01	
1154	9.902188E+01	7.075021E+01	-1.878488E+01	
1155	1.614820E+02	5.649283E+02	-2.055082E+01	
1156	4.153760E+01	1.097674E+02	-8.137523E+01	
1157	1.016250E+02	8.248342E+01	1.754245E+01	
1158	4.735255E+02	5.231042E+02	9.734292E+01	
1159	1.267981E+02	4.320266E+01	-1.443885E+01	
1160	4.628949E+01	-8.708922E+00	-1.934659E-01	
1161	9.783296E+01	7.555328E+01	-4.097201E+01	
1162	1.516219E+02	1.061048E+02	8.174704E-01	
1163	3.707794E+01	9.591448E+00	-3.494579E+01	
1164	-1.692061E+02	-4.821438E+01	4.182074E+01	
1165	-1.440958E+02	-4.220566E+01	3.321682E+01	
1166	7.916911E+01	-6.863920E+00	-5.922724E+00	
1167	9.941270E+01	2.745529E+01	-2.864146E+01	
1168	1.406139E+02	5.029749E+01	-1.392055E+00	
1169	8.997678E+01	-1.034730E+01	1.644454E+00	
1170	1.634701E+02	4.824324E+02	-1.087998E+01	
1171	-1.025044E+01	-3.228175E+00	4.936319E+00	
1172	3.671362E+02	1.130860E+02	1.307249E+02	
1173	1.338056E+02	1.661980E+01	-2.442771E+00	
1174	-4.356098E+01	-7.367370E+00	1.246473E+01	
1175	1.471748E+02	4.342579E+01	-7.707951E+00	
1176	2.212970E+02	3.607564E+01	4.750284E+01	
1177	1.308719E+02	5.193724E+01	-2.315778E+01	
1178	2.350467E+01	-6.279511E+00	-5.734840E+00	
1179	8.579029E+01	1.381576E+01	-1.151209E+01	
1180	7.641524E+01	-4.764179E+01	3.824624E+00	
1181	3.980087E+01	4.757440E+01	-4.427190E+01	
1182	1.392897E+02	2.150355E+01	-3.565070E+00	
1183	2.180153E+02	4.747183E+02	1.093038E+01	
1184	-4.904274E+01	-8.453368E+01	6.481963E+00	
1185	1.397240E+02	6.486520E+01	8.914365E+00	
1186	7.900658E+01	6.222039E+00	-1.383425E+01	
1187	1.288819E+02	5.697475E+01	-1.216349E+00	
1188	7.661544E+01	7.042565E+01	-4.035675E+01	
1189	6.580795E+01	6.192895E+01	-3.184539E+01	
1190	9.178029E+01	9.361423E+01	-6.221820E+01	
1191	1.165418E+02	-1.825231E+00	-4.612234E-01	
1192	9.771659E+01	1.133286E+02	-7.254284E+01	
1193	8.293127E+01	-1.037236E+01	1.107086E+00	
1194	3.478467E+02	6.549086E+01	1.923540E+01	
1195	6.010491E+01	6.036150E+01	-3.539967E+01	
1196	1.013669E+02	-2.645880E+01	4.835255E+00	
1197	7.457275E+01	2.230633E+02	-7.096863E+01	
1198	6.971015E+01	1.917587E+02	-8.772676E+01	
1199	6.641000E+01	1.125412E+02	5.205543E+01	
1200	1.129000E+02	2.561335E+01	-3.204040E+01	
1201	-9.223840E+01	-3.007113E+01	2.384315E+01	
1202	1.300970E+02	1.670365E+01	-2.151205E+00	
1203	1.394518E+02	5.587972E+01	-2.012496E+01	
1204	2.688465E+02	3.655439E+02	-2.289689E+01	
1205	-2.568758E+01	9.564500E+00	1.007538E+01	
1206	1.538586E+02	2.116869E+02	-1.124361E+00	
1207	1.385542E+01	-5.809700E+00	-5.022138E+00	
1208	1.219608E+02	8.194615E+00	-2.538045E+00	
1209	9.324196E+01	7.473343E+01	-6.322979E+01	
1210	7.940801E+01	2.684391E+00	-1.117525E+01	
1211	1.010795E+02	4.192748E+00	-9.605623E+00	
1212	1.885631E+02	1.167606E+02	9.579810E+01	
1213	1.329225E+02	1.317291E+01	3.759562E-03	
1214	1.112482E+02	4.239103E+01	-2.773131E+01	
1215	5.432447E+01	6.446307E+01	-3.749036E+01	
1216	9.712603E+01	1.105230E+02	-6.087004E+01	
1217	3.945140E+01	2.675666E+02	-1.077972E+02	
1218	1.487611E+02	4.695345E+02	-5.211707E+00	
1219	1.107644E+02	1.917205E+01	-8.988520E+00	
1220	5.613110E+01	-4.936192E+00	-9.109840E-01	
1221	2.161741E+02	4.462166E+02	-7.911385E+01	
1222	5.933348E+01	5.834000E+01	-2.901769E+01	
1223	1.263703E+02	1.843427E+01	-9.107714E+00	
1224	8.563021E+01	1.488699E+02	-6.621410E+01	
1225	6.509821E+02	7.788048E+02	1.790784E+02	
1226	1.323787E+02	2.763202E+00	3.113966E+00	
1227	1.371627E+02	5.305467E+01	-7.020330E+00	
1228	1.087905E+02	9.576007E+01	3.342113E+01	
1229	5.443371E+02	5.379675E+02	3.336766E+01	
1230	7.312734E+01	6.763649E+01	-3.777813E+01	
1231	1.641956E+02	4.660034E+02	-1.437759E+00	
1232	1.103560E+02	6.506195E+01	6.576868E+00	
1233	4.793166E+01	-1.097930E+01	-9.363771E+00	
1234	2.305361E+02	2.429856E+01	4.174777E+01	
1235	-2.947112E+01	-5.798663E+00	7.750978E+00	
1236	1.310148E+02	1.109282E+02	5.545083E+01	
1237	1.445923E+02	3.302730E+01	-6.164932E+00	
1238	9.659156E+01	3.690258E+00	-1.799936E+01	
1239	1.255549E+02	1.074484E+02	4.333059E+01	
1240	1.372177E+02	2.692839E+01	-2.374794E+01	
1241	8.549569E+01	1.170190E+02	-5.869244E+01	
1242	1.004291E+02	5.990348E+01	-1.556592E+01	
1243	1.049545E+02	2.349933E+01	-1.138553E+01	
1244	1.334385E+02	4.095076E+01	-1.955931E+01	
1245	-3.006334E+01	-5.050889E+00	1.265457E+01	
1246	-2.629439E+01	-1.590809E+01	1.261753E+01	
1247	1.291527E+02	3.342208E+01	-6.591180E+00	
1248	2.852276E+01	-1.089224E+01	-3.490985E+00	
1249	5.348633E+01	2.428828E+02	-6.685631E+01	
1250	1.349784E+02	3.076279E+02	-1.307982E+02	
1251	6.344302E+01	1.394938E+02	-6.848432E+01	
1252	7.277296E+01	2.234520E+02	-8.374066E+01	
1253	4.066589E+01	1.641843E+02	-5.946588E+01	
1254	3.544864E+01	-1.049354E+01	-5.161130E+00	
1255	1.451189E+02	4.552084E+02	3.739658E+00	
1256	7.746034E+01	1.152683E+02	-5.752648E+01	
1257	5.552077E+01	1.892584E+02	-7.153041E+01	
1258	1.707946E+02	3.714776E+01	4.405529E+01	
1259	1.268384E+02	3.474666E+02	-1.474381E+01	
1260	-7.224160E+01	-2.490637E+01	1.686835E+01	
1261	4.990621E+01	-8.997360E+00	-4.504155E+00	
1262	8.255049E+01	5.851873E+01	-5.258249E+01	
1263	1.348508E+02	3.186217E+01	-2.030773E+01	
1264	1.027860E+02	1.883114E+01	-1.006415E+01	
1265	5.570509E+01	3.906643E+01	-3.605295E+01	
1266	8.574764E+01	-3.845917E+01	-5.466442E-01	
1267	1.671555E+02	1.336082E+02	9.250343E+01	
1268	-4.673107E+01	-2.666848E+01	2.405458E+00	
1269	1.906298E+02	1.178136E+02	1.169885E+02	
1270	7.167845E+01	1.186088E+01	-3.038525E+00	
1271	9.501477E+01	7.285369E+01	-4.726953E+01	
1272	1.822428E+02	4.813728E+01	4.864310E+01	
1273	5.984267E+00	3.142796E+01	-3.989452E+01	
1274	8.917443E+01	5.396555E+01	-5.309336E+01	
1275	1.422234E+02	4.451708E+02	-4.036843E+01	
1276	3.010892E+02	1.006851E+02	1.059739E+02	
1277	9.221437E+01	1.982060E+01	-1.974950E+01	
1278	1.964783E+01	1.266541E+01	-2.431747E+01	
1279	1.215000E+02	1.674404E+01	-8.267647E+00	
1280	3.008885E+01	-9.066083E+00	-7.481561E-01	
1281	1.246308E+02	1.801281E+01	-8.495586E+00	
1282	1.386029E+02	4.081378E+02	-6.805982E+00	
1283	6.595930E+01	8.700116E+01	-5.242950E+01	
1284	1.333271E+02	1.911416E+02	-1.638749E+02	
1285	8.399613E+01	2.183087E+02	-8.398949E+01	
1286	2.197209E+02	6.800444E+01	5.278105E+00	
1287	8.572029E+01	4.225219E+01	-3.294401E+01	
1288	2.249050E+01	1.996423E+02	5.077329E+00	
1289	1.422012E+02	1.765284E+01	-1.723304E+01	
1290	1.389433E+02	1.692655E+01	7.841236E+00	
1291	1.516811E+02	4.705843E+02	-5.926174E+00	
1292	-2.480526E+00	-3.458303E+00	-5.595456E+00	
1293	1.091048E+02	2.084823E+01	-1.511005E+01	
1294	6.193433E+01	1.108221E+02	-5.420408E+01	
1295	1.224332E+02	5.638553E+01	1.386305E+01	
1296	1.754869E+02	3.084415E+02	-8.333205E+01	
1297	1.088947E+02	6.077233E+01	-4.686181E+01	
1298	6.894014E+01	1.616973E+02	-7.182090E+01	
1299	1.781770E+02	4.493275E+02	-4.202846E-01	
1300	6.561710E+01	3.511828E+00	-2.130622E+00	
1301	1.264104E+02	2.521146E+00	8.790182E+00	
1302	1.395476E+02	3.530301E+01	-9.065382E+00	
1303	1.111974E+02	1.674083E+00	-6.169653E+00	
1304	9.917966E+01	1.378185E+01	-2.785730E+01	
1305	1.898489E+02	5.074619E+02	1.334159E+01	
1306	1.301697E+02	3.227660E+01	-1.628162E+01	
1307	1.430825E+02	2.611795E+01	3.157917E-01	
1308	1.223062E+02	3.508753E+01	-2.760501E+01	
1309	5.211255E+01	1.701150E+01	-2.143915E+01	
1310	1.821130E+02	6.736436E+01	4.830931E+01	
1311	6.756791E+01	8.883563E+01	-6.321116E+01	
1312	1.471228E+02	4.626283E+02	-1.928631E+00	
1313	6.381150E+01	1.055817E+02	-5.220199E+01	
1314	9.010414E+01	7.216528E+01	-4.680640E+01	
1315	5.107019E+02	4.946537E+02	4.991369E+01	
1316	8.383293E+01	7.137981E+01	-3.741936E+01	
1317	1.486428E+02	4.767286E+00	9.934465E+00	
1318	1.791154E+02	4.773753E+02	1.780870E+01	
1319	8.180649E+01	9.363294E+01	-5.231152E+01	
1320	1.393276E+02	1.801127E+01	-8.708103E-01	
1321	5.154743E+01	5.427743E+00	-1.641537E+01	
1322	2.721450E+02	4.135737E+01	5.370106E+01	
1323	8.693568E+01	3.707485E+02	-6.215233E+01	
1324	8.644062E+01	6.982097E+01	-2.629646E+01	
1325	5.065822E+01	6.392447E+01	-3.876727E+01	
1326	9.679303E+01	1.264213E+01	-9.765132E+00	
1327	1.092619E+02	3.912850E+01	-3.817692E+01	
1328	6.733887E+02	2.390970E+02	1.397422E+02	
1329	1.345931E+02	9.950391E+01	4.301615E+01	
1330	2.309493E+02	3.181362E+02	-8.975022E+01	
1331	1.448953E+02	4.600214E+02	-8.187501E+00	
1332	1.041060E+02	9.312628E+01	1.149458E+01	
1333	8.697077E+01	7.406204E+01	-4.004908E+01	
1334	9.359474E+01	1.339151E+01	-1.233375E+01	
1335	1.189624E+02	4.736720E+01	-3.344965E+01	
1336	1.222985E+01	-8.099636E+00	2.606795E+00	
1337	7.746855E+01	6.229059E+01	-5.158654E+01	
1338	4.037420E+01	4.322930E+02	-8.387646E+01	
1339	6.732147E+01	1.436619E+01	-2.560444E+01	
1340	1.848915E+02	1.029012E+02	9.625311E+01	
1341	3.082550E+02	4.944533E+02	5.119913E+01	
1342	2.243633E+02	1.336567E+02	1.121771E+02	
1343	6.229240E+01	6.026414E+01	-2.715905E+01	
1344	1.958159E+02	1.658487E+02	1.215186E+02	
1345	1.641307E+02	5.526232E+01	5.356091E+01	
1346	2.253877E+02	2.986606E+01	3.844218E+01	
1347	4.074439E+02	3.784066E+02	1.438750E+02	
1348	1.668449E+01	-8.365905E+00	-2.851083E+00	
1349	2.109658E+02	1.716112E+02	1.366161E+02	
1350	5.371381E+02	5.561644E+02	1.222510E+01	
1351	4.038868E+01	4.395932E+02	-3.087201E+01	
1352	4.186907E+01	-4.181574E+00	-1.451652E+00	
1353	2.238340E+02	4.434254E+02	-1.449272E+02	
1354	1.887750E+02	6.668696E+02	-1.099268E+02	
1355	1.140533E+02	1.141695E+01	-5.454677E+00	
1356	3.019866E+01	4.458950E+02	-3.219749E+01	
1357	6.134436E+01	4.338080E+02	1.438230E+01	
1358	5.905486E+01	1.093903E+02	-5.773795E+01	
1359	-1.190695E+02	-3.444087E+01	2.911781E+01	
1360	4.811481E+01	4.508444E+02	-6.153435E-01	
1361	1.966498E+02	8.475556E+01	7.057353E+01	
1362	-1.060819E+01	-1.232004E+01	9.158247E+00	
1363	1.006884E+02	-1.705597E+00	-6.812732E+00	
1364	6.664918E+01	6.225468E+01	-2.513949E+01	
1365	2.179880E+02	7.512287E+01	9.123077E+01	
1366	4.496486E+01	1.766336E+02	-8.189418E+01	
1367	1.603589E+02	4.233155E+01	1.320784E+01	
1368	1.333491E+02	2.853555E+00	3.264545E+00	
1369	-2.154681E+02	-1.625294E+02	1.667070E+02	
1370	1.206629E+02	3.754359E-01	-8.172340E-01	
1371	1.280540E+02	5.134985E+00	-4.595444E-01	
1372	1.332957E+02	2.030954E+01	-3.622915E+00	
1373	3.676900E+01	1.223208E+02	5.601617E+00	
1374	6.289745E+01	1.738740E+01	-2.165576E+01	
1375	1.042325E+02	1.196728E+01	-1.007847E+01	
1376	1.381751E+02	5.147084E+01	2.770419E+01	
1377	8.856551E+01	5.410944E+02	-5.661363E+01	
1378	6.067436E+01	1.429964E+02	-7.035387E+01	
1379	8.493835E+01	1.661093E+02	-7.798130E+01	
1380	1.743404E+02	4.844989E+02	6.954514E+00	
1381	1.229142E+02	2.260783E+01	-3.008545E+00	
1382	2.235081E+02	2.114093E+01	3.955003E+01	
1383	8.822620E+01	1.005349E+01	-2.102707E+01	
1384	7.979363E+01	1.351977E+02	-7.018065E+01	
1385	1.460423E+02	4.800916E+02	-1.279040E+01	
1386	7.127834E+01	3.844306E+00	-1.567326E+01	
1387	7.690010E+01	1.631843E+02	-7.535091E+01	
1388	1.334014E+02	1.659945E+01	-3.515802E+00	
1389	1.384338E+02	2.136948E+01	-1.395008E+00	
1390	1.319769E+02	1.531801E+01	-1.874274E+00	
1391	1.003494E+02	1.273556E+01	-1.844515E+01	
1392	9.943226E+00	-1.701599E+01	-4.016414E+00	
1393	1.010211E+02	5.952685E+00	-9.753654E-01	
1394	2.642276E+00	-8.369304E+00	6.376990E+00	
1395	7.846332E+01	1.470253E+01	-2.462308E+01	
1396	1.519425E+02	3.366377E+01	1.665259E+01	
1397	4.611900E+01	-4.141621E+00	-3.619123E+00	
1398	1.396224E+02	3.199857E+01	-1.565447E+00	
1399	1.067519E+02	3.700282E+01	-2.730880E+01	
1400	1.040219E+02	9.127004E+01	4.520248E+00	
1401	6.437730E+00	2.657579E+01	-2.710584E+01	
1402	7.851073E+01	3.177558E+00	-1.390122E+01	
1403	1.197929E+02	2.396231E+00	1.921047E+00	
1404	1.010143E+02	5.825924E+01	-4.597876E+01	
1405	1.097365E+01	-5.623500E+00	3.023046E-01	
1406	8.911635E+01	6.735817E+01	-1.573899E+01	
1407	1.602402E+02	5.824297E+02	-3.933061E+01	
1408	1.507038E+02	4.463537E+02	-3.523410E+01	
1409	3.607600E+01	9.698019E+01	-8.000492E+01	
1410	1.584385E+02	2.777346E+01	1.731291E+01	
1411	1.687838E+02	5.238549E+02	-2.370262E+01	
1412	-5.544122E+00	3.348106E+02	1.278597E+01	
1413	2.338676E+02	4.282979E+02	2.317202E+01	
1414	1.193977E+02	1.808370E+01	-7.223423E+00	
1415	1.153844E+02	-2.908577E+01	-2.602537E+01	
1416	1.685848E+02	8.431399E+01	4.069919E+01	
1417	3.010564E+02	1.224647E+02	1.339045E+02	
1418	1.350189E+02	5.017191E+01	1.140653E+01	
1419	9.632732E+01	8.414532E+01	-5.546646E+01	
1420	1.254118E+02	1.705702E+01	-1.614203E+01	
1421	1.458147E+02	5.316761E+01	8.675042E+00	
1422	1.479830E+02	1.581356E+01	9.790385E+00	
1423	1.317651E+02	1.727152E+01	-1.014435E+01	
1424	1.428359E+02	4.625522E+02	-2.053945E+01	
1425	7.585370E+01	5.559148E+01	-2.654997E+01	
1426	3.286979E+01	2.007685E+02	-4.677908E+01	
1427	1.177742E+02	4.858224E+02	-8.408457E+01	
1428	1.301381E+02	1.608686E+01	-5.263707E+00	
1429	9.597856E+01	8.573172E+01	-4.965097E+01	
1430	2.830866E+01	6.758200E+01	-3.966787E+01	
1431	1.751095E+02	2.358946E+01	2.723270E+01	
1432	6.762093E+01	6.263102E+01	-2.299645E+01	
1433	1.098466E+02	1.403747E+01	-9.782442E+00	
1434	8.098755E+01	7.919962E+01	-5.045309E+01	
1435	2.385298E+01	4.093709E+02	-4.459705E+01	
1436	2.677490E+02	8.267486E+01	1.195153E+02	
1437	1.861946E+02	8.557595E+00	3.433257E+01	
1438	2.988227E+02	6.503119E+02	1.101633E+02	
1439	2.020124E+02	4.316755E+01	4.716560E+01	
1440	1.897918E+02	4.756644E+02	2.133764E+00	
1441	1.553925E+02	6.587901E+01	2.147592E+01	
1442	4.984643E+01	-1.073148E+01	-6.896998E+00	
1443	1.951984E+02	2.597442E+01	4.096083E+01	
1444	-2.948015E+01	2.286519E+02	3.859729E+01	
1445	-1.275323E+01	3.405808E+02	-1.145845E+01	
1446	-4.181606E+01	5.343954E+02	-8.485642E+01	
1447	5.199000E+02	1.688833E+03	-2.151201E+02	
1448	-7.837177E+01	2.233283E+02	1.176301E+02	
1449	-1.978832E+02	-8.948331E+00	1.647443E+02	
1450	8.282068E+01	1.084550E+02	-5.416708E+01	
1451	5.262649E+01	5.048198E+01	-3.092276E+01	
1452	1.519305E+00	-7.198608E+01	5.696468E+00	
1453	2.384255E+02	1.489926E+02	-2.430432E+01	
1454	4.665014E+01	4.794588E+01	-2.952013E+01	
1455	-7.893259E-01	8.403234E+01	-1.329364E+01	
1456	3.219722E+00	1.463900E+02	8.868657E+00	
1457	5.719536E+01	1.157615E+02	-1.600485E+01	
1458	5.028303E+02	2.864998E+02	4.074388E+01	
1459	4.750379E+02	2.244122E+02	2.861486E+01	
1460	7.744461E+00	1.687212E+02	2.133952E+01	
1461	5.459665E+00	1.332966E+02	8.087622E+00	
1462	-1.165422E+01	1.648436E+01	-2.961533E+00	
1463	1.216127E+02	6.864788E+01	-6.124105E+01	
1464	8.194060E+00	1.469186E+02	8.319225E+00	
1465	-5.498245E+00	2.834799E+01	2.660441E+00	
1466	-2.183522E+00	9.536826E+01	-3.636355E+00	
1467	3.188566E+02	1.047318E+02	-1.157025E+02	
1468	6.867656E+01	1.114512E+02	-2.021158E+01	
1469	4.364675E+02	1.317993E+02	-2.922331E+01	
1470	2.230675E+01	2.005759E+02	2.260876E+01	
1471	5.031294E+01	1.037169E+02	-5.354770E+01	
1472	-3.032598E+01	-1.034505E+02	2.526862E+01	
1473	-1.235732E+00	5.134589E+01	-6.615687E+00	
1474	8.928629E+00	5.750708E+01	-1.405823E+01	
1475	2.905866E+01	7.519958E+01	-3.880067E+01	
1476	4.212446E+02	1.661733E+02	-7.794642E+01	
1477	3.598234E+02	1.188414E+02	-3.196121E+01	
1478	2.315631E+01	1.196844E+02	-1.894276E+01	
1479	6.400915E+01	1.260576E+02	3.300227E+01	
1480	6.777206E+01	7.648760E+01	-1.565343E+01	
1481	-1.228823E+02	-1.974791E+02	1.180424E+01	
1482	2.699991E+02	5.425319E+01	-1.544047E+02	
1483	2.260142E+01	1.173053E+02	-1.835055E+01	
1484	2.003725E+01	1.633065E+02	-1.090041E+01	
1485	3.460913E+01	1.362040E+02	-2.497353E+00	
1486	4.388448E+02	1.983577E+02	-8.205640E+00	
1487	4.763147E+01	2.241212E+02	8.281629E+01	
1488	3.498190E+02	1.012406E+02	-7.491676E+01	
1489	2.440785E+02	1.462727E+02	-5.755269E+01	
1490	1.584208E+02	6.646309E+01	-6.975765E+01	
1491	7.852380E+01	1.499494E+02	2.612412E+01	
1492	3.165471E+01	1.783508E+02	3.271576E+01	
1493	-9.456446E+00	-4.668209E+01	1.742288E+01	
1494	6.647792E+01	1.498202E+02	4.933471E+01	
1495	6.797435E+02	8.018378E+02	2.387084E+02	
1496	-1.825344E+01	-3.905191E+01	7.610967E+00	
1497	2.306849E+01	-7.845083E+00	-1.880940E+01	
1498	8.243014E+01	9.516077E+01	-8.894165E+00	
1499	8.295615E+01	5.095502E+02	6.871892E+01	
1500	1.602824E+02	1.366613E+02	-5.135511E+01	
1501	-8.781543E+00	2.134514E+01	-7.007004E+00	
1502	1.163261E+00	7.485741E+00	3.312826E+00	
1503	4.238518E+02	6.287647E+01	-5.577358E+01	
1504	6.228782E+01	1.197780E+02	-2.838641E+01	
1505	4.562372E+01	1.724297E+02	3.310094E+01	
1506	2.322891E+01	1.296730E+02	-1.578922E+01	
1507	8.422296E+01	6.073222E+01	-4.458737E+01	
1508	4.454228E+02	2.281981E+02	-2.626697E+01	
1509	7.497992E+01	1.042450E+02	-3.363109E+00	
1510	1.616368E+02	3.207355E+02	1.611864E+02	
1511	5.062461E+01	1.166148E+02	-1.890199E+01	
1512	1.719893E+02	8.153969E+01	-8.905161E+01	
1513	2.771442E+02	1.398568E+02	1.644062E+00	
1514	-1.919541E-01	1.530497E+02	5.656370E+00	
1515	6.195534E+01	1.014542E+02	-4.471712E+01	
1516	7.025176E+01	9.716543E+01	-2.894371E+01	
1517	1.727343E+01	8.075679E+01	-2.460415E+01	
1518	1.225804E+00	2.041306E+02	6.844165E+00	
1519	4.974769E+01	9.052275E+01	-5.409715E+01	
1520	4.054799E+01	1.341296E+02	-1.481371E+01	
1521	-6.903277E+00	2.299663E+00	-4.736927E+00	
1522	4.364513E+02	1.430694E+02	-1.711416E+01	
1523	3.413574E+01	1.232969E+02	-2.103640E+01	
1524	3.344994E+00	7.866655E+01	-5.627886E+00	
1525	-3.785921E+00	-1.502283E+01	7.266812E+00	
1526	1.802646E+02	7.922775E+01	-7.637551E+01	
1527	8.924420E+00	7.647280E+01	-2.624888E+01	
1528	1.885213E+02	7.389436E+01	-7.386076E+01	
1529	7.096944E+01	9.248458E+01	-1.017805E+01	
1530	4.498274E+01	1.224561E+02	-3.243952E+01	
1531	4.523447E+02	1.505433E+02	-4.366055E+01	
1532	1.309788E+03	6.950352E+02	2.910180E+02	
1533	4.769639E+02	1.837648E+02	-1.188443E+02	
1534	6.482984E+02	5.507058E+02	6.344458E+01	
1535	9.643706E+01	1.623859E+02	4.982594E+01	
1536	3.867499E+01	9.939178E+01	-4.205539E+01	
1537	6.097094E+01	7.756248E+01	-3.185497E+01	
1538	9.975485E+01	2.505264E+02	1.025534E+02	
1539	1.290489E+02	7.898460E+01	-7.073427E+01	
1540	4.253471E+01	1.093837E+02	-3.947030E+01	
1541	3.480646E-01	1.401746E+02	3.827274E+00	
1542	-2.402356E-01	8.254870E+01	-8.349889E+00	
1543	8.296721E+00	2.057278E+01	-1.722867E+01	
1544	1.398087E+01	1.212108E+02	-3.985735E-01	
1545	-3.270780E+01	-1.220682E+02	2.806163E+01	
1546	3.726559E+01	8.408612E+01	-3.510549E+01	
1547	1.830226E+01	1.531088E+02	1.583524E+01	
1548	1.436255E+02	1.283138E+02	-5.437998E+01	
1549	1.906916E+01	1.653630E+02	2.542946E+01	
1550	4.466811E+01	1.372706E+02	-1.618216E+01	
1551	9.316612E+01	1.408314E+02	2.647019E+01	
1552	3.863015E+01	7.358480E+01	-3.722145E+01	
1553	1.645299E+01	8.873670E+01	-3.390948E+01	
1554	8.081610E+01	9.590281E+01	-5.961874E+01	
1555	5.153246E+02	5.540312E+02	1.668508E+02	
1556	1.206672E+01	1.815374E+02	2.800470E+01	
1557	5.638332E+01	2.159175E+02	6.788448E+01	
1558	5.767230E+01	1.001827E+02	-5.185584E+01	
1559	9.589199E+01	3.806081E+02	6.334957E+01	
1560	1.297870E+02	1.640448E+02	7.767629E+01	
1561	-2.247140E+01	6.602751E+01	1.128094E+02	
1562	1.563224E+02	-5.768875E+00	7.301303E+01	
1563	-8.101460E+00	7.236052E+01	5.583801E-01	
1564	4.971736E+02	4.491311E+02	8.823273E+01	
1565	6.652032E+01	1.898004E+02	6.968498E+01	
1566	4.319178E+01	7.497211E+01	-3.476288E+01	
1567	6.258236E+01	1.189557E+02	-4.443899E+01	
1568	3.236691E+02	1.380395E+02	-2.235289E+01	
1569	2.443551E+01	8.860484E+01	-3.331704E+01	
1570	-9.206389E+01	6.129884E+01	1.012783E+01	
1571	2.378607E+02	2.760191E+02	1.652234E+02	
1572	9.640847E+01	7.395157E+01	-6.883791E+01	
1573	5.622310E+02	5.379769E+02	5.428753E+01	
1574	7.911369E+01	7.699497E+01	-4.620317E+01	
1575	1.234829E+02	1.299078E+02	-3.068289E+01	
1576	7.190558E+02	5.319589E+02	5.623535E+01	
1577	-1.817379E+01	-4.566690E+01	9.851476E+00	
1578	5.600738E+01	9.344382E+01	-2.688299E+01	
1579	2.236220E+01	1.338724E+02	-6.378293E+00	
1580	6.075588E+02	1.905720E+02	3.973422E+00	
1581	2.363649E+01	1.233212E+02	-2.046361E+01	
1582	4.522609E+02	9.929340E+01	-1.064324E+02	
1583	1.606446E+02	1.470961E+02	-2.616943E+01	
1584	9.657468E+01	1.309572E+02	6.245445E+01	
1585	-3.231908E+00	5.240999E+01	-4.790532E+00	
1586	2.064950E+01	1.908836E+02	2.425324E+01	
1587	5.108236E+02	3.105210E+02	4.666400E+01	
1588	-2.111193E+01	-1.097309E+01	-1.882064E+00	
1589	1.643768E+02	1.190940E+02	-5.229353E+01	
1590	3.886967E+01	1.607682E+02	2.872107E+01	
1591	-2.170717E+01	-6.364016E+01	1.555525E+01	
1592	7.356764E+01	1.280095E+02	-4.351860E+01	
1593	2.426113E+02	4.243122E+02	1.651201E+02	
1594	-1.346030E+01	-1.509465E+00	8.170029E-01	
1595	3.748788E+01	9.648954E+01	-4.230297E+01	
1596	-8.783374E+00	4.044943E+01	-6.463028E+00	
1597	3.253318E+02	1.417108E+02	-5.769281E+01	
1598	1.226480E+02	7.786905E+01	-7.132763E+01	
1599	9.529722E+01	1.367373E+02	-2.330926E+01	
1600	1.157301E+01	1.492113E+02	1.451983E+01	
1601	1.531361E+01	5.914185E+01	-5.402259E+00	
1602	7.666279E+01	1.058620E+02	-6.298670E+01	
1603	5.086477E+01	1.592659E+02	1.720061E+01	
1604	4.715909E+01	1.517296E+02	3.049085E+00	
1605	-5.834060E+01	1.464633E+01	2.941698E+01	
1606	4.963830E+02	1.511876E+02	-1.467799E+01	
1607	1.206933E+00	1.037172E+01	8.458887E-01	
1608	1.711693E+02	8.904821E+01	-9.030955E+01	
1609	5.108633E+02	1.568215E+02	-4.925019E+01	
1610	5.643607E+02	3.053349E+02	6.023788E+01	
1611	7.432359E+01	7.898759E+01	-1.785370E+01	
1612	4.781351E+02	4.403368E+02	6.932388E+01	
1613	1.594272E+02	1.587246E+02	-1.940875E+01	
1614	7.644891E+01	5.547264E+01	-4.326591E+01	
1615	-9.599246E-01	-2.272444E+01	-4.440197E+00	
1616	2.172690E+01	1.142507E+02	-1.792738E+01	
1617	7.702173E+02	1.868031E+02	-5.106523E+01	
1618	5.587828E+01	4.815987E+01	-3.415165E+01	
1619	2.259377E+01	1.099803E+02	-2.246008E+01	
1620	1.415088E+02	2.716939E+02	1.329138E+02	
1621	3.394418E+02	4.784222E+02	1.627428E+02	
1622	5.020164E+02	5.243227E+02	6.597481E+01	
1623	8.628863E+01	9.792830E+01	-7.093902E+01	
1624	1.144052E+02	8.549450E+01	-6.977251E+01	
1625	4.223443E+02	3.423879E+02	3.758420E+01	
1626	8.721224E+01	1.110724E+02	-2.659432E+01	
1627	4.075506E+02	1.639743E+02	-4.958407E+01	
1628	2.461402E+02	7.824051E+01	-7.218075E+01	
1629	-1.054678E+01	-3.164554E+01	3.668478E+00	
1630	1.142251E+02	1.034460E+02	-6.828738E+01	
1631	4.198571E+01	-1.073320E+02	8.495233E-01	
1632	1.158908E+02	8.484618E+01	-6.560534E+01	
1633	1.319911E+01	4.649833E+01	-1.862706E+01	
1634	3.075286E+02	3.998958E+02	1.460272E+02	
1635	2.174380E+01	1.317856E+02	-6.656390E+00	
1636	7.959592E+01	7.723415E+01	-4.653325E+01	
1637	8.442306E+00	8.757814E+01	-5.387655E+00	
1638	6.376817E+02	4.410965E+02	1.146743E+02	
1639	1.438360E+01	1.644964E+02	1.044918E+01	
1640	1.243122E+02	2.582235E+02	1.266825E+02	
1641	2.285903E+02	1.108895E+02	-6.008592E+01	
1642	2.044456E+02	2.609612E+02	1.620777E+02	
1643	-8.089443E+00	5.080514E+01	2.353666E-01	
1644	1.680811E+01	1.394587E+02	2.646821E+00	
1645	1.915673E+01	7.932289E+01	-3.828232E+01	
1646	6.955864E+01	5.308118E+01	-3.890457E+01	
1647	5.217618E+02	3.005916E+02	5.544565E+01	
1648	9.305104E+01	1.778857E+02	6.150441E+01	
1649	6.013566E+01	1.513188E+02	5.336500E-01	
1650	5.653190E+01	1.026363E+02	-3.046521E+01	
1651	6.263364E+01	7.477186E+01	-5.176613E+01	
1652	1.600897E+02	1.423693E+02	-1.020277E+01	
1653	5.840443E+01	1.039800E+02	-3.903892E+01	
1654	5.998334E+02	2.382172E+02	-4.630120E+01	
1655	5.257449E+02	1.485986E+01	-5.245930E+01	
1656	7.683572E+00	1.045253E+02	-1.933731E+01	
1657	4.953610E+02	1.240477E+02	-3.997675E+01	
1658	6.298296E+01	1.160687E+02	-1.510390E+00	
1659	4.404564E+02	3.602617E+02	6.383581E+01	
1660	7.548342E+01	1.085108E+02	-4.809268E+01	
1661	9.312302E+01	7.558391E+01	-6.272691E+01	
1662	2.434310E+00	1.142022E+02	-1.259452E+01	
1663	1.182529E+02	3.635039E+01	-6.329585E+01	
1664	9.258056E+01	1.224323E+02	1.362703E+01	
1665	5.929202E+02	1.384168E+02	8.755140E-01	
1666	1.060862E+02	8.677069E+01	-6.091260E+01	
1667	2.640154E+02	7.832192E+01	-9.465348E+01	
1668	1.380316E+02	6.682818E+01	-5.994600E+01	
1669	1.327558E+02	6.372636E+01	-6.255054E+01	
1670	4.116797E+02	1.469478E+02	-1.126460E+01	
1671	8.354703E+00	1.305175E+02	-1.965025E+00	
1672	1.180129E+01	1.059436E+01	-1.218534E+01	
1673	1.737002E+02	8.349399E+01	-7.629822E+01	
1674	3.152707E+02	7.977176E+01	-9.687277E+01	
1675	4.426165E+01	9.070004E+01	-5.814284E+01	
1676	-1.074225E+01	-1.519354E+01	2.859309E+00	
1677	6.867582E+01	7.862312E+01	-3.371707E+01	
1678	2.601173E+01	1.299967E+02	-2.178092E+01	
1679	4.037143E+02	1.607197E+01	-3.659533E+01	
1680	2.432642E+02	1.381920E+02	-2.725842E+01	
1681	-1.540956E+01	-1.829965E+00	-1.366141E+00	
1682	2.340679E+02	7.903566E+01	-9.238272E+01	
1683	6.646392E+01	7.381089E+01	-2.473406E+01	
1684	4.302127E+02	3.645836E+01	-4.134238E+01	
1685	5.957142E+01	6.226503E+01	-2.812064E+01	
1686	2.930304E+01	1.175016E+02	-3.021543E+01	
1687	4.943640E+02	1.453612E+02	-6.715960E+00	
1688	5.975596E+01	6.642269E+01	-2.979671E+01	
1689	1.149847E+02	1.611986E+02	2.678095E+01	
1690	5.061264E+02	3.348820E+02	3.383155E+01	
1691	9.682305E+01	8.742081E+01	-7.296086E+01	
1692	-1.109405E+01	-1.297250E+01	6.743307E+00	
1693	8.085510E+01	8.901353E+01	-2.693617E+00	
1694	7.402789E+01	7.075986E+01	-4.028832E+01	
1695	1.748191E+01	9.945878E+01	-1.856520E+01	
1696	-2.503794E+01	-8.339104E+01	2.143853E+01	
1697	1.230068E+02	2.572584E+02	1.258255E+02	
1698	2.782395E+02	7.726736E+01	-7.132670E+01	
1699	7.044441E+01	1.106456E+02	-6.792745E+00	
1700	4.697238E+01	5.414388E+01	-5.764685E+00	
1701	3.537920E+02	1.358676E+02	4.060448E+00	
1702	-1.146595E+01	1.007724E+01	-5.486821E+00	
1703	6.618860E+01	1.116759E+02	1.401221E+01	
1704	1.132781E+02	3.256671E+02	1.132298E+02	
1705	9.600757E+01	1.727873E+02	8.117663E+01	
1706	4.160075E+00	1.071620E+02	-1.006415E+01	
1707	2.688258E+02	1.270130E+02	-5.518382E+01	
1708	1.811420E+02	1.320964E+02	-9.543211E+01	
1709	3.662210E+02	4.614225E+01	-5.697884E+01	
1710	4.530985E+01	1.025041E+02	-3.864531E+01	
1711	3.047985E+02	4.393005E+02	1.304282E+02	
1712	3.691662E+02	6.917616E+01	-9.964500E+01	
1713	1.169491E+02	7.346181E+01	-6.693303E+01	
1714	2.672710E+02	3.332697E+02	1.764264E+02	
1715	2.504474E+01	1.390529E+02	-7.720600E+00	
1716	3.580870E+02	3.669295E+02	1.771062E+02	
1717	1.179329E+02	1.387137E+02	8.166744E+01	
1718	7.955617E+00	1.686650E+02	1.649028E+01	
1719	7.717804E+01	3.229589E+02	1.480331E+01	
1720	9.373492E+01	7.770951E+01	-5.781715E+01	
1721	-2.007123E+00	-5.109211E+01	2.682289E+00	
1722	-2.394015E+00	3.775692E+00	-3.764093E+00	
1723	-5.499650E+00	3.427014E+01	8.747987E-01	
1724	3.287150E+01	6.675932E+01	-3.422366E+01	
1725	1.733301E+01	1.862559E+02	3.113679E+01	
1726	6.636914E+01	1.195529E+02	-4.193718E+01	
1727	5.104334E+02	1.668986E+02	-7.862059E+01	
1728	4.458971E+02	4.485246E+02	1.720160E+02	
1729	-4.849771E+00	-4.349980E+01	1.156515E+01	
1730	1.732920E+02	2.416173E+02	1.382113E+02	
1731	-1.182999E+01	5.384124E+00	2.904707E+00	
1732	4.249308E+02	1.404239E+02	-2.415733E+01	
1733	-6.724961E+00	1.091728E+02	1.281855E+00	
1734	-1.774172E+01	-3.927796E+01	1.001712E+01	
1735	1.397710E+02	8.055215E+01	-7.125984E+01	
1736	3.580194E+02	-4.758467E+00	7.467897E+01	
1737	7.705927E+00	1.019345E+02	-1.174435E+01	
1738	3.891551E+01	2.746954E+02	8.541027E+01	
1739	5.066293E+01	1.236448E+02	-3.244068E+01	
1740	3.025099E+02	1.247676E+02	-2.373032E+01	
1741	1.955119E+01	1.262015E+02	-7.275824E+00	
1742	4.278767E+02	1.394460E+02	-7.976058E+00	
1743	1.907728E+01	1.279866E+02	-2.974055E+00	
1744	3.305599E+02	2.257883E+02	-1.225434E+02	
1745	2.917649E+02	2.090321E+02	-1.270629E+02	
1746	1.132202E+01	5.393794E+01	-1.588174E+01	
1747	2.580801E+01	1.423405E+02	7.489450E-01	
1748	1.575094E+02	8.806877E+01	-7.912652E+01	
1749	2.218809E+02	1.078978E+02	-6.879774E+01	
1750	-3.884194E+00	3.973599E+01	-6.273502E+00	
1751	1.797149E+01	1.221371E+02	-9.751745E+00	
1752	1.027895E+00	1.534463E+02	8.395883E+00	
1753	6.300155E+01	7.267682E+01	-2.379350E+01	
1754	3.718306E+01	1.405980E+02	7.382039E+00	
1755	-6.577823E+00	-5.044881E+01	1.874522E+01	
1756	4.817714E+01	6.094001E+01	-3.885369E+01	
1757	2.470530E+01	1.266041E+02	-2.197760E+01	
1758	5.073545E+02	1.493298E+02	3.884467E+00	
1759	3.472433E+02	2.691840E+02	-5.367812E+01	
1760	9.489280E+01	1.515632E+02	-8.208096E+00	
1761	2.141002E+02	1.394820E+02	-2.664669E+01	
1762	5.444072E+01	5.344283E+01	-3.185606E+01	
1763	2.543535E+02	3.743698E+02	1.783979E+02	
1764	-2.574598E+01	-1.178341E+02	1.765853E+01	
1765	5.654451E+01	5.137008E+01	-3.358226E+01	
1766	8.442504E+01	5.958540E+01	-4.501497E+01	
1767	2.224301E+02	-4.492632E+01	-1.123386E+02	
1768	4.379568E+01	1.126004E+02	-3.395799E+01	
1769	3.929769E+02	3.229767E+02	6.565123E+00	
1770	9.038981E+01	1.524521E+02	7.047036E+01	
1771	3.171582E+02	1.166601E+02	-1.242823E+02	
1772	2.467294E+01	1.182771E+02	-2.248627E+01	
1773	3.241825E+02	1.444631E+02	-5.105027E+01	
1774	4.091839E+01	1.447292E+02	2.152793E+01	
1775	9.756963E+01	8.814904E+01	-5.401164E+01	
1776	5.766609E+01	1.674657E+02	3.156727E+01	
1777	-1.002007E+01	4.110119E+00	-5.665493E+00	
1778	7.501408E+01	9.009756E+01	-1.835511E+01	
1779	7.129412E+01	1.073243E+02	-3.313201E+01	
1780	4.502116E+02	1.411918E+02	-1.947123E+01	
1781	8.442258E+01	1.141452E+02	3.135818E+01	
1782	6.189807E+01	1.222549E+02	-5.181519E+00	
1783	2.194353E+02	3.346799E+02	1.515993E+02	
1784	1.392403E+02	1.189400E+02	-6.070401E+01	
1785	5.080111E+01	4.514062E+01	-3.059103E+01	
1786	1.305604E+02	9.199085E+01	-8.072804E+01	
1787	1.036602E+02	1.244092E+02	2.640101E+01	
1788	2.134477E+02	8.205451E+01	-7.296910E+01	
1789	3.541431E+02	1.435506E+02	-1.708368E+01	
1790	-2.410853E+01	-5.384706E+01	4.585462E+00	
1791	5.741636E+01	1.163598E+02	-1.368714E+01	
1792	4.699110E+02	2.522659E+02	1.001082E+01	
1793	3.434155E+01	2.062225E+02	5.470401E+01	
1794	1.399745E+02	1.707833E+02	1.065548E+02	
1795	5.089163E+01	1.308796E+02	-4.424497E+00	
1796	6.328122E+01	2.573196E+02	7.615794E+01	
1797	2.568183E+01	1.436262E+02	5.706769E-01	
1798	9.348938E+01	2.127719E+02	1.043166E+02	
1799	5.108695E+02	9.943372E+01	2.862764E-01	
1800	6.786764E+02	2.118788E+02	-3.594673E+01	
1801	1.127073E+01	4.643142E+00	-1.438626E+01	
1802	6.174461E+01	8.975728E+01	-3.743463E+01	
1803	-5.460837E+00	8.517357E+01	-3.851759E+00	
1804	6.620598E+01	1.071734E+02	-3.938814E+01	
1805	4.348710E+02	1.435550E+02	-6.215018E+00	
1806	6.498062E+01	1.214351E+02	-3.568828E+01	
1807	3.192613E+01	1.432270E+02	-6.331180E+00	
1808	1.928133E+01	1.058746E+02	-1.560161E+01	
1809	-8.072044E+00	1.259370E+02	5.233574E+00	
1810	4.415862E+01	1.535944E+02	3.794048E+01	
1811	-1.169970E+01	9.880289E+00	2.881842E+00	
1812	3.546063E+02	1.368132E+02	-2.357757E+01	
1813	1.031223E+02	1.386403E+02	5.551361E+01	
1814	3.346508E+01	2.045039E+02	5.412323E+01	
1815	8.292590E+01	1.072360E+02	-5.583685E+01	
1816	3.032179E+01	1.450907E+02	-5.418285E+00	
1817	-1.266456E+01	5.809983E+01	-6.566412E+00	
1818	5.993813E+01	8.367759E+01	-2.445047E+01	
1819	5.002566E+01	3.596437E+02	2.959037E+01	
1820	-1.279846E+01	-2.595091E+01	4.362398E+00	
1821	7.703722E+01	1.305275E+02	9.038358E+00	
1822	4.921084E+02	1.680903E+02	-3.981671E+01	
1823	5.178651E+01	1.302368E+02	-1.518050E+01	
1824	7.787161E+01	1.011442E+02	4.622358E+00	
1825	2.686489E+02	7.504760E+01	-9.000440E+01	
1826	4.034214E+02	4.660585E+01	-3.430445E+01	
1827	7.983046E+01	1.484243E+02	-1.337774E+01	
1828	-4.938555E+00	9.962583E+00	-5.361531E+00	
1829	2.087400E+01	1.326566E+02	-9.572627E+00	
1830	1.847492E+01	1.259803E+02	-5.116477E+00	
1831	-3.762701E+00	9.410540E+01	-6.114548E-01	
1832	2.272263E+02	1.167976E+02	-9.630297E+01	
1833	3.548274E+01	1.474682E+02	7.440561E-01	
1834	7.549610E+01	1.766038E+02	1.188836E+01	
1835	4.637526E+02	1.383493E+02	-1.035932E+01	
1836	1.597240E+02	2.057289E+02	1.396312E+02	
1837	9.030664E+01	5.666517E+01	-5.027318E+01	
1838	3.915790E+02	3.120212E+02	2.532254E+01	
1839	5.172746E+01	7.425527E+01	-5.416368E+01	
1840	5.311895E+02	1.436145E+02	-1.107535E+01	
1841	1.043468E+01	6.251889E+01	-1.815125E+01	
1842	2.918011E+02	6.829249E+01	2.126456E+01	
1843	7.686376E+00	1.132704E+02	-2.350565E+00	
1844	3.864815E+02	9.069481E+01	-6.180733E+01	
1845	7.515503E+00	6.519748E+01	-1.319288E+01	
1846	8.503519E+01	9.573097E+01	-5.345070E+01	
1847	7.075021E+01	9.902188E+01	-1.878488E+01	
1848	5.649283E+02	1.614820E+02	-2.055082E+01	
1849	1.097674E+02	4.153760E+01	-8.137523E+01	
1850	8.248342E+01	1.016250E+02	1.754245E+01	
1851	5.231042E+02	4.735255E+02	9.734292E+01	
1852	4.320266E+01	1.267981E+02	-1.443885E+01	
1853	-8.708922E+00	4.628949E+01	-1.934659E-01	
1854	7.555328E+01	9.783296E+01	-4.097201E+01	
1855	1.061048E+02	1.516219E+02	8.174704E-01	
1856	9.591448E+00	3.707794E+01	-3.494579E+01	
1857	-4.821438E+01	-1.692061E+02	4.182074E+01	
1858	-4.220566E+01	-1.440958E+02	3.321682E+01	
1859	-6.863920E+00	7.916911E+01	-5.922724E+00	
1860	2.745529E+01	9.941270E+01	-2.864146E+01	
1861	5.029749E+01	1.406139E+02	-1.392055E+00	
1862	-1.034730E+01	8.997678E+01	1.644454E+00	
1863	4.824324E+02	1.634701E+02	-1.087998E+01	
1864	-3.228175E+00	-1.025044E+01	4.936319E+00	
1865	1.130860E+02	3.671362E+02	1.307249E+02	
1866	1.661980E+01	1.338056E+02	-2.442771E+00	
1867	-7.367370E+00	-4.356098E+01	1.246473E+01	
1868	4.342579E+01	1.471748E+02	-7.707951E+00	
1869	3.607564E+01	2.212970E+02	4.750284E+01	
1870	5.193724E+01	1.308719E+02	-2.315778E+01	
1871	-6.279511E+00	2.350467E+01	-5.734840E+00	
1872	1.381576E+01	8.579029E+01	-1.151209E+01	
1873	-4.764179E+01	7.641524E+01	3.824624E+00	
1874	4.757440E+01	3.980087E+01	-4.427190E+01	
1875	2.150355E+01	1.392897E+02	-3.565070E+00	
1876	4.747183E+02	2.180153E+02	1.093038E+01	
1877	-8.453368E+01	-4.904274E+01	6.481963E+00	
1878	6.486520E+01	1.397240E+02	8.914365E+00	
1879	6.222039E+00	7.900658E+01	-1.383425E+01	
1880	5.697475E+01	1.288819E+02	-1.216349E+00	
1881	7.042565E+01	7.661544E+01	-4.035675E+01	
1882	6.192895E+01	6.580795E+01	-3.184539E+01	
1883	9.361423E+01	9.178029E+01	-6.221820E+01	
1884	-1.825231E+00	1.165418E+02	-4.612234E-01	
1885	1.133286E+02	9.771659E+01	-7.254284E+01	
1886	-1.037236E+01	8.293127E+01	1.107086E+00	
1887	6.549086E+01	3.478467E+02	1.923540E+01	
1888	6.036150E+01	6.010491E+01	-3.539967E+01	
1889	-2.645880E+01	1.013669E+02	4.835255E+00	
1890	2.230633E+02	7.457275E+01	-7.096863E+01	
1891	1.917587E+02	6.971015E+01	-8.772676E+01	
1892	1.125412E+02	6.641000E+01	5.205543E+01	
1893	2.561335E+01	1.129000E+02	-3.204040E+01	
1894	-3.007113E+01	-9.223840E+01	2.384315E+01	
1895	1.670365E+01	1.300970E+02	-2.151205E+00	
1896	5.587972E+01	1.394518E+02	-2.012496E+01	
1897	3.655439E+02	2.688465E+02	-2.289689E+01	
1898	9.564500E+00	-2.568758E+01	1.007538E+01	
1899	2.116869E+02	1.538586E+02	-1.124361E+00	
1900	-5.809700E+00	1.385542E+01	-5.022138E+00	
1901	8.194615E+00	1.219608E+02	-2.538045E+00	
1902	7.473343E+01	9.324196E+01	-6.322979E+01	
1903	2.684391E+00	7.940801E+01	-1.117525E+01	
1904	4.192748E+00	1.010795E+02	-9.605623E+00	
1905	1.167606E+02	1.885631E+02	9.579810E+01	
1906	1.317291E+01	1.329225E+02	3.759577E-03	
1907	4.239103E+01	1.112482E+02	-2.773131E+01	
1908	6.446307E+01	5.432447E+01	-3.749036E+01	
1909	1.105230E+02	9.712603E+01	-6.087004E+01	
1910	2.675666E+02	3.945140E+01	-1.077972E+02	
1911	4.695345E+02	1.487611E+02	-5.211707E+00	
1912	1.917205E+01	1.107644E+02	-8.988520E+00	
1913	-4.936192E+00	5.613110E+01	-9.109840E-01	
1914	4.462166E+02	2.161741E+02	-7.911385E+01	
1915	5.834000E+01	5.933348E+01	-2.901769E+01	
1916	1.843427E+01	1.263703E+02	-9.107714E+00	
1917	1.488699E+02	8.563021E+01	-6.621410E+01	
1918	7.788048E+02	6.509821E+02	1.790784E+02	
1919	2.763202E+00	1.323787E+02	3.113966E+00	
1920	5.305467E+01	1.371627E+02	-7.020330E+00	
1921	9.576007E+01	1.087905E+02	3.342113E+01	
1922	5.379675E+02	5.443371E+02	3.336766E+01	
1923	6.763649E+01	7.312734E+01	-3.777813E+01	
1924	4.660034E+02	1.641956E+02	-1.437759E+00	
1925	6.506195E+01	1.103560E+02	6.576868E+00	
1926	-1.097930E+01	4.793166E+01	-9.363771E+00	
1927	2.429856E+01	2.305361E+02	4.174777E+01	
1928	-5.798663E+00	-2.947112E+01	7.750978E+00	
1929	1.109282E+02	1.310148E+02	5.545083E+01	
1930	3.302730E+01	1.445923E+02	-6.164932E+00	
1931	3.690258E+00	9.659156E+01	-1.799936E+01	
1932	1.074484E+02	1.255549E+02	4.333059E+01	
1933	2.692839E+01	1.372177E+02	-2.374794E+01	
1934	1.170190E+02	8.549569E+01	-5.869244E+01	
1935	5.990348E+01	1.004291E+02	-1.556592E+01	
1936	2.349933E+01	1.049545E+02	-1.138553E+01	
1937	4.095076E+01	1.334385E+02	-1.955931E+01	
1938	-5.050889E+00	-3.006334E+01	1.265457E+01	
1939	-1.590809E+01	-2.629439E+01	1.261753E+01	
1940	3.342208E+01	1.291527E+02	-6.591180E+00	
1941	-1.089224E+01	2.852276E+01	-3.490985E+00	
1942	2.428828E+02	5.348633E+01	-6.685631E+01	
1943	3.076279E+02	1.349784E+02	-1.307982E+02	
1944	1.394938E+02	6.344302E+01	-6.848432E+01	
1945	2.234520E+02	7.277296E+01	-8.374066E+01	
1946	1.641843E+02	4.066589E+01	-5.946588E+01	
1947	-1.049354E+01	3.544864E+01	-5.161130E+00	
1948	4.552084E+02	1.451189E+02	3.739658E+00	
1949	1.152683E+02	7.746034E+01	-5.752648E+01	
1950	1.892584E+02	5.552077E+01	-7.153041E+01	
1951	3.714776E+01	1.707946E+02	4.405529E+01	
1952	3.474666E+02	1.268384E+02	-1.474381E+01	
1953	-2.490637E+01	-7.224160E+01	1.686835E+01	
1954	-8.997360E+00	4.990621E+01	-4.504155E+00	
1955	5.851873E+01	8.255049E+01	-5.258249E+01	
1956	3.186217E+01	1.348508E+02	-2.030773E+01	
1957	1.883114E+01	1.027860E+02	-1.006415E+01	
1958	3.906643E+01	5.570509E+01	-3.605295E+01	
1959	-3.845917E+01	8.574764E+01	-5.466442E-01	
1960	1.336082E+02	1.671555E+02	9.250343E+01	
1961	-2.666848E+01	-4.673107E+01	2.405458E+00	
1962	1.178136E+02	1.906298E+02	1.169885E+02	
1963	1.186088E+01	7.167845E+01	-3.038525E+00	
1964	7.285369E+01	9.501477E+01	-4.726953E+01	
1965	4.813728E+01	1.822428E+02	4.864310E+01	
1966	3.142796E+01	5.984267E+00	-3.989452E+01	
1967	5.396555E+01	8.917443E+01	-5.309336E+01	
1968	4.451708E+02	1.422234E+02	-4.036843E+01	
1969	1.006851E+02	3.010892E+02	1.059739E+02	
1970	1.982060E+01	9.221437E+01	-1.974950E+01	
1971	1.266541E+01	1.964783E+01	-2.431747E+01	
1972	1.674404E+01	1.215000E+02	-8.267647E+00	
1973	-9.066083E+00	3.008885E+01	-7.481561E-01	
1974	1.801281E+01	1.246308E+02	-8.495586E+00	
1975	4.081378E+02	1.386029E+02	-6.805982E+00	
1976	8.700116E+01	6.595930E+01	-5.242950E+01	
1977	1.911416E+02	1.333271E+02	-1.638749E+02	
1978	2.183087E+02	8.399613E+01	-8.398949E+01	
1979	6.800444E+01	2.197209E+02	5.278105E+00	
1980	4.225219E+01	8.572029E+01	-3.294401E+01	
1981	1.996423E+02	2.249050E+01	5.077329E+00	
1982	1.765284E+01	1.422012E+02	-1.723304E+01	
1983	1.692655E+01	1.389433E+02	7.841236E+00	
1984	4.705843E+02	1.516811E+02	-5.926174E+00	
1985	-3.458303E+00	-2.480526E+00	-5.595456E+00	
1986	2.084823E+01	1.091048E+02	-1.511005E+01	
1987	1.108221E+02	6.193433E+01	-5.420408E+01	
1988	5.638553E+01	1.224332E+02	1.386305E+01	
1989	3.084415E+02	1.754869E+02	-8.333205E+01	
1990	6.077233E+01	1.088947E+02	-4.686181E+01	
1991	1.616973E+02	6.894014E+01	-7.182090E+01	
1992	4.493275E+02	1.781770E+02	-4.202847E-01	
1993	3.511828E+00	6.561710E+01	-2.130622E+00	
1994	2.521146E+00	1.264104E+02	8.790182E+00	
1995	3.530301E+01	1.395476E+02	-9.065382E+00	
1996	1.674083E+00	1.111974E+02	-6.169653E+00	
1997	1.378185E+01	9.917966E+01	-2.785730E+01	
1998	5.074619E+02	1.898489E+02	1.334159E+01	
1999	3.227660E+01	1.301697E+02	-1.628162E+01	
2000	2.611795E+01	1.430825E+02	3.157917E-01	
2001	3.508753E+01	1.223062E+02	-2.760501E+01	
2002	1.701150E+01	5.211255E+01	-2.143915E+01	
2003	6.736436E+01	1.821130E+02	4.830931E+01	
2004	8.883563E+01	6.756791E+01	-6.321116E+01	
2005	4.626283E+02	1.471228E+02	-1.928631E+00	
2006	1.055817E+02	6.381150E+01	-5.220199E+01	
2007	7.216528E+01	9.010414E+01	-4.680640E+01	
2008	4.946537E+02	5.107019E+02	4.991369E+01	
2009	7.137981E+01	8.383293E+01	-3.741936E+01	
2010	4.767286E+00	1.486428E+02	9.934465E+00	
2011	4.773753E+02	1.791154E+02	1.780870E+01	
2012	9.363294E+01	8.180649E+01	-5.231152E+01	
2013	1.801127E+01	1.393276E+02	-8.708103E-01	
2014	5.427743E+00	5.154743E+01	-1.641537E+01	
2015	4.135737E+01	2.721450E+02	5.370106E+01	
2016	3.707485E+02	8.693568E+01	-6.215233E+01	
2017	6.982097E+01	8.644062E+01	-2.629646E+01	
2018	6.392447E+01	5.065822E+01	-3.876727E+01	
2019	1.264213E+01	9.679303E+01	-9.765132E+00	
2020	3.912850E+01	1.092619E+02	-3.817692E+01	
2021	2.390970E+02	6.733887E+02	1.397422E+02	
2022	9.950391E+01	1.345931E+02	4.301615E+01	
2023	3.181362E+02	2.309493E+02	-8.975022E+01	
2024	4.600214E+02	1.448953E+02	-8.187501E+00	
2025	9.312628E+01	1.041060E+02	1.149458E+01	
2026	7.406204E+01	8.697077E+01	-4.004908E+01	
2027	1.339151E+01	9.359474E+01	-1.233375E+01	
2028	4.736720E+01	1.189624E+02	-3.344965E+01	
2029	-8.099636E+00	1.222985E+01	2.606795E+00	
2030	6.229059E+01	7.746855E+01	-5.158654E+01	
2031	4.322930E+02	4.037420E+01	-8.387646E+01	
2032	1.436619E+01	6.732147E+01	-2.560444E+01	
2033	1.029012E+02	1.848915E+02	9.625311E+01	
2034	4.944533E+02	3.082550E+02	5.119913E+01	
2035	1.336567E+02	2.243633E+02	1.121771E+02	
2036	6.026414E+01	6.229240E+01	-2.715905E+01	
2037	1.658487E+02	1.958159E+02	1.215186E+02	
2038	5.526232E+01	1.641307E+02	5.356091E+01	
2039	2.986606E+01	2.253877E+02	3.844218E+01	
2040	3.784066E+02	4.074439E+02	1.438750E+02	
2041	-8.365905E+00	1.668449E+01	-2.851083E+00	
2042	1.716112E+02	2.109658E+02	1.366161E+02	
2043	5.561644E+02	5.371381E+02	1.222510E+01	
2044	4.395932E+02	4.038868E+01	-3.087201E+01	
2045	-4.181574E+00	4.186907E+01	-1.451652E+00	
2046	4.434254E+02	2.238340E+02	-1.449272E+02	
2047	6.668696E+02	1.887750E+02	-1.099268E+02	
2048	1.141695E+01	1.140533E+02	-5.454677E+00	
2049	4.458950E+02	3.019866E+01	-3.219749E+01	
2050	4.338080E+02	6.134436E+01	1.438230E+01	
2051	1.093903E+02	5.905486E+01	-5.773795E+01	
2052	-3.444087E+01	-1.190695E+02	2.911781E+01	
2053	4.508444E+02	4.811481E+01	-6.153435E-01	
2054	8.475556E+01	1.966498E+02	7.057353E+01	
2055	-1.232004E+01	-1.060819E+01	9.158247E+00	
2056	-1.705597E+00	1.006884E+02	-6.812732E+00	
2057	6.225468E+01	6.664919E+01	-2.513949E+01	
2058	7.512287E+01	2.179880E+02	9.123077E+01	
2059	1.766336E+02	4.496486E+01	-8.189418E+01	
2060	4.233155E+01	1.603589E+02	1.320784E+01	
2061	2.853555E+00	1.333491E+02	3.264545E+00	
2062	-1.625294E+02	-2.154681E+02	1.667070E+02	
2063	3.754359E-01	1.206629E+02	-8.172340E-01	
2064	5.134985E+00	1.280540E+02	-4.595444E-01	
2065	2.030954E+01	1.332957E+02	-3.622915E+00	
2066	1.223208E+02	3.676900E+01	5.601617E+00	
2067	1.738740E+01	6.289745E+01	-2.165576E+01	
2068	1.196728E+01	1.042325E+02	-1.007847E+01	
2069	5.147084E+01	1.381751E+02	2.770419E+01	
2070	5.410944E+02	8.856551E+01	-5.661363E+01	
2071	1.429964E+02	6.067436E+01	-7.035387E+01	
2072	1.661093E+02	8.493835E+01	-7.798130E+01	
2073	4.844989E+02	1.743404E+02	6.954514E+00	
2074	2.260783E+01	1.229142E+02	-3.008545E+00	
2075	2.114093E+01	2.235081E+02	3.955003E+01	
2076	1.005349E+01	8.822620E+01	-2.102707E+01	
2077	1.351977E+02	7.979363E+01	-7.018065E+01	
2078	4.800916E+02	1.460423E+02	-1.279040E+01	
2079	3.844306E+00	7.127834E+01	-1.567326E+01	
2080	1.631843E+02	7.690010E+01	-7.535091E+01	
2081	1.659945E+01	1.334014E+02	-3.515802E+00	
2082	2.136948E+01	1.384338E+02	-1.395008E+00	
2083	1.531801E+01	1.319769E+02	-1.874274E+00	
2084	1.273556E+01	1.003494E+02	-1.844515E+01	
2085	-1.701599E+01	9.943226E+00	-4.016414E+00	
2086	5.952685E+00	1.010211E+02	-9.753654E-01	
2087	-8.369304E+00	2.642276E+00	6.376990E+00	
2088	1.470253E+01	7.846332E+01	-2.462308E+01	
2089	3.366377E+01	1.519425E+02	1.665259E+01	
2090	-4.141621E+00	4.611900E+01	-3.619123E+00	
2091	3.199857E+01	1.396224E+02	-1.565447E+00	
2092	3.700282E+01	1.067519E+02	-2.730880E+01	
2093	9.127003E+01	1.040219E+02	4.520252E+00	
2094	2.657579E+01	6.437730E+00	-2.710584E+01	
2095	3.177558E+00	7.851073E+01	-1.390122E+01	
2096	2.396231E+00	1.197929E+02	1.921047E+00	
2097	5.825924E+01	1.010143E+02	-4.597876E+01	
2098	-5.623500E+00	1.097365E+01	3.023046E-01	
2099	6.735817E+01	8.911635E+01	-1.573899E+01	
2100	5.824297E+02	1.602402E+02	-3.933061E+01	
2101	4.463537E+02	1.507038E+02	-3.523410E+01	
2102	9.698019E+01	3.607600E+01	-8.000492E+01	
2103	2.777346E+01	1.584385E+02	1.731291E+01	
2104	5.238549E+02	1.687838E+02	-2.370262E+01	
2105	3.348106E+02	-5.544122E+00	1.278597E+01	
2106	4.282979E+02	2.338676E+02	2.317202E+01	
2107	1.808370E+01	1.193977E+02	-7.223423E+00	
2108	-2.908577E+01	1.153844E+02	-2.602537E+01	
2109	8.431399E+01	1.685848E+02	4.069919E+01	
2110	1.224647E+02	3.010564E+02	1.339045E+02	
2111	5.017191E+01	1.350189E+02	1.140653E+01	
2112	8.414532E+01	9.632732E+01	-5.546646E+01	
2113	1.705702E+01	1.254118E+02	-1.614203E+01	
2114	5.316761E+01	1.458147E+02	8.675042E+00	
2115	1.581356E+01	1.479830E+02	9.790385E+00	
2116	1.727152E+01	1.317651E+02	-1.014435E+01	
2117	4.625522E+02	1.428359E+02	-2.053945E+01	
2118	5.559148E+01	7.585370E+01	-2.654997E+01	
2119	2.007685E+02	3.286979E+01	-4.677908E+01	
2120	4.858224E+02	1.177742E+02	-8.408457E+01	
2121	1.608686E+01	1.301381E+02	-5.263707E+00	
2122	8.573172E+01	9.597856E+01	-4.965097E+01	
2123	6.758200E+01	2.830866E+01	-3.966787E+01	
2124	2.358946E+01	1.751095E+02	2.723270E+01	
2125	6.263102E+01	6.762093E+01	-2.299645E+01	
2126	1.403747E+01	1.098466E+02	-9.782442E+00	
2127	7.919962E+01	8.098755E+01	-5.045309E+01	
2128	4.093709E+02	2.385298E+01	-4.459705E+01	
2129	8.267486E+01	2.677490E+02	1.195153E+02	
2130	8.557595E+00	1.861946E+02	3.433257E+01	
2131	6.503119E+02	2.988227E+02	1.101633E+02	
2132	4.316755E+01	2.020124E+02	4.716560E+01	
2133	4.756644E+02	1.897918E+02	2.133764E+00	
2134	6.587901E+01	1.553925E+02	2.147592E+01	
2135	-1.073148E+01	4.984643E+01	-6.896998E+00	
2136	2.597442E+01	1.951984E+02	4.096083E+01	
2137	2.286519E+02	-2.948015E+01	3.859729E+01	
2138	3.405808E+02	-1.275323E+01	-1.145845E+01	
2139	5.343954E+02	-4.181606E+01	-8.485642E+01	
2140	1.688833E+03	5.199000E+02	-2.151201E+02	
2141	2.233283E+02	-7.837177E+01	1.176301E+02	
2142	-8.948331E+00	-1.978832E+02	1.647443E+02	
