quadrangle
//Number_of_Node
1589
//Number_of_Element
1489
//Number_of_Region
2
//Factor
1000.0
15,14,1,2,
16,15,2,3,
17,16,3,4,
18,17,4,5,
19,18,5,6,
20,19,6,7,
21,20,7,8,
22,21,8,9,
23,22,9,10,
24,23,10,11,
29,28,14,15,
30,29,15,16,
31,30,16,17,
32,31,17,18,
33,32,18,19,
34,33,19,20,
35,34,20,21,
36,35,21,22,
37,36,22,23,
38,37,23,24,
44,43,28,29,
45,44,29,30,
46,45,30,31,
47,46,31,32,
48,47,32,33,
49,48,33,34,
50,49,34,35,
51,50,35,36,
52,51,36,37,
53,52,37,38,
60,59,43,44,
61,60,44,45,
62,61,45,46,
63,62,46,47,
64,63,47,48,
65,64,48,49,
66,65,49,50,
67,66,50,51,
68,67,51,52,
69,68,52,53,
76,75,59,60,
77,76,60,61,
78,77,61,62,
79,78,62,63,
80,79,63,64,
81,80,64,65,
82,81,65,66,
83,82,66,67,
84,83,67,68,
85,84,68,69,
92,91,75,76,
93,92,76,77,
94,93,77,78,
95,94,78,79,
96,95,79,80,
97,96,80,81,
98,97,81,82,
99,98,82,83,
100,99,83,84,
101,100,84,85,
108,107,91,92,
109,108,92,93,
110,109,93,94,
111,110,94,95,
112,111,95,96,
113,112,96,97,
114,113,97,98,
115,114,98,99,
116,115,99,100,
117,116,100,101,
124,123,107,108,
125,124,108,109,
126,125,109,110,
127,126,110,111,
128,127,111,112,
129,128,112,113,
130,129,113,114,
131,130,114,115,
132,131,115,116,
133,132,116,117,
140,139,123,124,
141,140,124,125,
142,141,125,126,
143,142,126,127,
144,143,127,128,
145,144,128,129,
146,145,129,130,
147,146,130,131,
148,147,131,132,
149,148,132,133,
156,155,139,140,
157,156,140,141,
158,157,141,142,
159,158,142,143,
160,159,143,144,
161,160,144,145,
162,161,145,146,
163,162,146,147,
164,163,147,148,
165,164,148,149,
172,171,155,156,
173,172,156,157,
174,173,157,158,
175,174,158,159,
176,175,159,160,
177,176,160,161,
178,177,161,162,
179,178,162,163,
180,179,163,164,
181,180,164,165,
188,187,171,172,
189,188,172,173,
190,189,173,174,
191,190,174,175,
192,191,175,176,
193,192,176,177,
194,193,177,178,
195,194,178,179,
196,195,179,180,
197,196,180,181,
204,203,187,188,
205,204,188,189,
206,205,189,190,
207,206,190,191,
208,207,191,192,
209,208,192,193,
210,209,193,194,
211,210,194,195,
212,211,195,196,
213,212,196,197,
220,219,203,204,
221,220,204,205,
222,221,205,206,
223,222,206,207,
224,223,207,208,
225,224,208,209,
226,225,209,210,
227,226,210,211,
228,227,211,212,
229,228,212,213,
236,235,219,220,
237,236,220,221,
238,237,221,222,
239,238,222,223,
240,239,223,224,
241,240,224,225,
242,241,225,226,
243,242,226,227,
244,243,227,228,
245,244,228,229,
252,251,235,236,
253,252,236,237,
254,253,237,238,
255,254,238,239,
256,255,239,240,
257,256,240,241,
258,257,241,242,
259,258,242,243,
260,259,243,244,
261,260,244,245,
268,267,251,252,
269,268,252,253,
270,269,253,254,
271,270,254,255,
272,271,255,256,
273,272,256,257,
274,273,257,258,
275,274,258,259,
276,275,259,260,
277,276,260,261,
284,283,267,268,
285,284,268,269,
286,285,269,270,
287,286,270,271,
288,287,271,272,
289,288,272,273,
290,289,273,274,
291,290,274,275,
292,291,275,276,
293,292,276,277,
300,299,283,284,
301,300,284,285,
302,301,285,286,
303,302,286,287,
304,303,287,288,
305,304,288,289,
306,305,289,290,
307,306,290,291,
308,307,291,292,
309,308,292,293,
316,315,299,300,
317,316,300,301,
318,317,301,302,
319,318,302,303,
320,319,303,304,
321,320,304,305,
322,321,305,306,
323,322,306,307,
324,323,307,308,
325,324,308,309,
332,331,315,316,
333,332,316,317,
334,333,317,318,
335,334,318,319,
336,335,319,320,
337,336,320,321,
338,337,321,322,
339,338,322,323,
340,339,323,324,
341,340,324,325,
348,347,331,332,
349,348,332,333,
350,349,333,334,
351,350,334,335,
352,351,335,336,
353,352,336,337,
354,353,337,338,
355,354,338,339,
356,355,339,340,
357,356,340,341,
364,363,347,348,
365,364,348,349,
366,365,349,350,
367,366,350,351,
368,367,351,352,
369,368,352,353,
370,369,353,354,
371,370,354,355,
372,371,355,356,
373,372,356,357,
102,101,85,86,
103,102,86,87,
104,103,87,88,
105,104,88,89,
106,105,89,90,
118,117,101,102,
119,118,102,103,
120,119,103,104,
121,120,104,105,
122,121,105,106,
134,133,117,118,
135,134,118,119,
136,135,119,120,
137,136,120,121,
138,137,121,122,
150,149,133,134,
151,150,134,135,
152,151,135,136,
153,152,136,137,
154,153,137,138,
166,165,149,150,
167,166,150,151,
168,167,151,152,
169,168,152,153,
170,169,153,154,
182,181,165,166,
183,182,166,167,
184,183,167,168,
185,184,168,169,
186,185,169,170,
198,197,181,182,
199,198,182,183,
200,199,183,184,
201,200,184,185,
202,201,185,186,
214,213,197,198,
215,214,198,199,
216,215,199,200,
217,216,200,201,
218,217,201,202,
230,229,213,214,
231,230,214,215,
232,231,215,216,
233,232,216,217,
234,233,217,218,
246,245,229,230,
247,246,230,231,
248,247,231,232,
249,248,232,233,
250,249,233,234,
262,261,245,246,
263,262,246,247,
264,263,247,248,
265,264,248,249,
266,265,249,250,
278,277,261,262,
279,278,262,263,
280,279,263,264,
281,280,264,265,
282,281,265,266,
294,293,277,278,
295,294,278,279,
296,295,279,280,
297,296,280,281,
298,297,281,282,
310,309,293,294,
311,310,294,295,
312,311,295,296,
313,312,296,297,
314,313,297,298,
326,325,309,310,
327,326,310,311,
328,327,311,312,
329,328,312,313,
330,329,313,314,
342,341,325,326,
343,342,326,327,
344,343,327,328,
345,344,328,329,
346,345,329,330,
358,357,341,342,
359,358,342,343,
360,359,343,344,
361,360,344,345,
362,361,345,346,
374,373,357,358,
375,374,358,359,
376,375,359,360,
377,376,360,361,
378,377,361,362,
25,24,11,12,
26,25,12,13,
39,38,24,25,
40,39,25,26,
41,40,26,27,
54,53,38,39,
55,54,39,40,
56,55,40,41,
57,56,41,42,
70,69,53,54,
71,70,54,55,
72,71,55,56,
73,72,56,57,
74,73,57,58,
86,85,69,70,
87,86,70,71,
88,87,71,72,
89,88,72,73,
90,89,73,74,
380,379,385,386,
381,380,386,387,
382,381,387,388,
383,382,388,389,
384,383,389,390,
386,385,391,392,
387,386,392,393,
388,387,393,394,
389,388,394,395,
390,389,395,396,
392,391,397,398,
393,392,398,399,
394,393,399,400,
395,394,400,401,
396,395,401,402,
398,397,403,404,
399,398,404,405,
400,399,405,406,
401,400,406,407,
402,401,407,408,
404,403,409,410,
405,404,410,411,
406,405,411,412,
407,406,412,413,
408,407,413,414,
410,409,415,416,
411,410,416,417,
412,411,417,418,
413,412,418,419,
414,413,419,420,
416,415,421,422,
417,416,422,423,
418,417,423,424,
419,418,424,425,
420,419,425,426,
422,421,427,428,
423,422,428,429,
424,423,429,430,
425,424,430,431,
426,425,431,432,
428,427,433,434,
429,428,434,435,
430,429,435,436,
431,430,436,437,
432,431,437,438,
434,433,439,440,
435,434,440,441,
436,435,441,442,
437,436,442,443,
438,437,443,444,
440,439,445,446,
441,440,446,447,
442,441,447,448,
443,442,448,449,
444,443,449,450,
446,445,451,452,
447,446,452,453,
448,447,453,454,
449,448,454,455,
450,449,455,456,
452,451,457,458,
453,452,458,459,
454,453,459,460,
455,454,460,461,
456,455,461,462,
458,457,463,464,
459,458,464,465,
460,459,465,466,
461,460,466,467,
462,461,467,468,
464,463,469,470,
465,464,470,471,
466,465,471,472,
467,466,472,473,
468,467,473,474,
470,469,475,476,
471,470,476,477,
472,471,477,478,
473,472,478,479,
474,473,479,480,
476,475,481,482,
477,476,482,483,
478,477,483,484,
479,478,484,485,
480,479,485,486,
482,481,487,488,
483,482,488,489,
484,483,489,490,
485,484,490,491,
486,485,491,492,
488,487,493,494,
489,488,494,495,
490,489,495,496,
491,490,496,497,
492,491,497,498,
494,493,499,500,
495,494,500,501,
496,495,501,502,
497,496,502,503,
498,497,503,504,
500,499,505,506,
501,500,506,507,
502,501,507,508,
503,502,508,509,
504,503,509,510,
506,505,511,512,
507,506,512,513,
508,507,513,514,
509,508,514,515,
510,509,515,516,
512,511,517,518,
513,512,518,519,
514,513,519,520,
515,514,520,521,
516,515,521,522,
523,11,532,533,
524,523,533,534,
525,524,534,535,
526,525,535,536,
527,526,536,537,
528,527,537,538,
529,528,538,539,
530,529,539,540,
531,530,540,541,
379,531,541,385,
533,532,542,543,
534,533,543,544,
535,534,544,545,
536,535,545,546,
537,536,546,547,
538,537,547,548,
539,538,548,549,
540,539,549,550,
541,540,550,551,
385,541,551,391,
543,542,552,553,
544,543,553,554,
545,544,554,555,
546,545,555,556,
547,546,556,557,
548,547,557,558,
549,548,558,559,
550,549,559,560,
551,550,560,561,
391,551,561,397,
553,552,562,563,
554,553,563,564,
555,554,564,565,
556,555,565,566,
557,556,566,567,
558,557,567,568,
559,558,568,569,
560,559,569,570,
561,560,570,571,
397,561,571,403,
563,562,572,573,
564,563,573,574,
565,564,574,575,
566,565,575,576,
567,566,576,577,
568,567,577,578,
569,568,578,579,
570,569,579,580,
571,570,580,581,
403,571,581,409,
573,572,582,583,
574,573,583,584,
575,574,584,585,
576,575,585,586,
577,576,586,587,
578,577,587,588,
579,578,588,589,
580,579,589,590,
581,580,590,591,
409,581,591,415,
583,582,592,593,
584,583,593,594,
585,584,594,595,
586,585,595,596,
587,586,596,597,
588,587,597,598,
589,588,598,599,
590,589,599,600,
591,590,600,601,
415,591,601,421,
593,592,602,603,
594,593,603,604,
595,594,604,605,
596,595,605,606,
597,596,606,607,
598,597,607,608,
599,598,608,609,
600,599,609,610,
601,600,610,611,
421,601,611,427,
603,602,612,613,
604,603,613,614,
605,604,614,615,
606,605,615,616,
607,606,616,617,
608,607,617,618,
609,608,618,619,
610,609,619,620,
611,610,620,621,
427,611,621,433,
613,612,622,623,
614,613,623,624,
615,614,624,625,
616,615,625,626,
617,616,626,627,
618,617,627,628,
619,618,628,629,
620,619,629,630,
621,620,630,631,
433,621,631,439,
623,622,632,633,
624,623,633,634,
625,624,634,635,
626,625,635,636,
627,626,636,637,
628,627,637,638,
629,628,638,639,
630,629,639,640,
631,630,640,641,
439,631,641,445,
633,632,642,643,
634,633,643,644,
635,634,644,645,
636,635,645,646,
637,636,646,647,
638,637,647,648,
639,638,648,649,
640,639,649,650,
641,640,650,651,
445,641,651,451,
643,642,652,653,
644,643,653,654,
645,644,654,655,
646,645,655,656,
647,646,656,657,
648,647,657,658,
649,648,658,659,
650,649,659,660,
651,650,660,661,
451,651,661,457,
653,652,662,663,
654,653,663,664,
655,654,664,665,
656,655,665,666,
657,656,666,667,
658,657,667,668,
659,658,668,669,
660,659,669,670,
661,660,670,671,
457,661,671,463,
663,662,672,673,
664,663,673,674,
665,664,674,675,
666,665,675,676,
667,666,676,677,
668,667,677,678,
669,668,678,679,
670,669,679,680,
671,670,680,681,
463,671,681,469,
673,672,682,683,
674,673,683,684,
675,674,684,685,
676,675,685,686,
677,676,686,687,
678,677,687,688,
679,678,688,689,
680,679,689,690,
681,680,690,691,
469,681,691,475,
683,682,692,693,
684,683,693,694,
685,684,694,695,
686,685,695,696,
687,686,696,697,
688,687,697,698,
689,688,698,699,
690,689,699,700,
691,690,700,701,
475,691,701,481,
693,692,702,703,
694,693,703,704,
695,694,704,705,
696,695,705,706,
697,696,706,707,
698,697,707,708,
699,698,708,709,
700,699,709,710,
701,700,710,711,
481,701,711,487,
703,702,712,713,
704,703,713,714,
705,704,714,715,
706,705,715,716,
707,706,716,717,
708,707,717,718,
709,708,718,719,
710,709,719,720,
711,710,720,721,
487,711,721,493,
713,712,722,723,
714,713,723,724,
715,714,724,725,
716,715,725,726,
717,716,726,727,
718,717,727,728,
719,718,728,729,
720,719,729,730,
721,720,730,731,
493,721,731,499,
723,722,732,733,
724,723,733,734,
725,724,734,735,
726,725,735,736,
727,726,736,737,
728,727,737,738,
729,728,738,739,
730,729,739,740,
731,730,740,741,
499,731,741,505,
733,732,742,743,
734,733,743,744,
735,734,744,745,
736,735,745,746,
737,736,746,747,
738,737,747,748,
739,738,748,749,
740,739,749,750,
741,740,750,751,
505,741,751,511,
743,742,752,753,
744,743,753,754,
745,744,754,755,
746,745,755,756,
747,746,756,757,
748,747,757,758,
749,748,758,759,
750,749,759,760,
751,750,760,761,
511,751,761,517,
2,1,762,763,
3,2,763,764,
4,3,764,765,
5,4,765,766,
6,5,766,767,
7,6,767,768,
8,7,768,769,
9,8,769,770,
10,9,770,771,
11,10,771,532,
763,762,772,773,
764,763,773,774,
765,764,774,775,
766,765,775,776,
767,766,776,777,
768,767,777,778,
769,768,778,779,
770,769,779,780,
771,770,780,781,
532,771,781,542,
773,772,782,783,
774,773,783,784,
775,774,784,785,
776,775,785,786,
777,776,786,787,
778,777,787,788,
779,778,788,789,
780,779,789,790,
781,780,790,791,
542,781,791,552,
783,782,792,793,
784,783,793,794,
785,784,794,795,
786,785,795,796,
787,786,796,797,
788,787,797,798,
789,788,798,799,
790,789,799,800,
791,790,800,801,
552,791,801,562,
793,792,802,803,
794,793,803,804,
795,794,804,805,
796,795,805,806,
797,796,806,807,
798,797,807,808,
799,798,808,809,
800,799,809,810,
801,800,810,811,
562,801,811,572,
803,802,812,813,
804,803,813,814,
805,804,814,815,
806,805,815,816,
807,806,816,817,
808,807,817,818,
809,808,818,819,
810,809,819,820,
811,810,820,821,
572,811,821,582,
813,812,822,823,
814,813,823,824,
815,814,824,825,
816,815,825,826,
817,816,826,827,
818,817,827,828,
819,818,828,829,
820,819,829,830,
821,820,830,831,
582,821,831,592,
823,822,832,833,
824,823,833,834,
825,824,834,835,
826,825,835,836,
827,826,836,837,
828,827,837,838,
829,828,838,839,
830,829,839,840,
831,830,840,841,
592,831,841,602,
833,832,842,843,
834,833,843,844,
835,834,844,845,
836,835,845,846,
837,836,846,847,
838,837,847,848,
839,838,848,849,
840,839,849,850,
841,840,850,851,
602,841,851,612,
843,842,852,853,
844,843,853,854,
845,844,854,855,
846,845,855,856,
847,846,856,857,
848,847,857,858,
849,848,858,859,
850,849,859,860,
851,850,860,861,
612,851,861,622,
853,852,862,863,
854,853,863,864,
855,854,864,865,
856,855,865,866,
857,856,866,867,
858,857,867,868,
859,858,868,869,
860,859,869,870,
861,860,870,871,
622,861,871,632,
863,862,872,873,
864,863,873,874,
865,864,874,875,
866,865,875,876,
867,866,876,877,
868,867,877,878,
869,868,878,879,
870,869,879,880,
871,870,880,881,
632,871,881,642,
873,872,882,883,
874,873,883,884,
875,874,884,885,
876,875,885,886,
877,876,886,887,
878,877,887,888,
879,878,888,889,
880,879,889,890,
881,880,890,891,
642,881,891,652,
883,882,892,893,
884,883,893,894,
885,884,894,895,
886,885,895,896,
887,886,896,897,
888,887,897,898,
889,888,898,899,
890,889,899,900,
891,890,900,901,
652,891,901,662,
893,892,902,903,
894,893,903,904,
895,894,904,905,
896,895,905,906,
897,896,906,907,
898,897,907,908,
899,898,908,909,
900,899,909,910,
901,900,910,911,
662,901,911,672,
903,902,912,913,
904,903,913,914,
905,904,914,915,
906,905,915,916,
907,906,916,917,
908,907,917,918,
909,908,918,919,
910,909,919,920,
911,910,920,921,
672,911,921,682,
913,912,922,923,
914,913,923,924,
915,914,924,925,
916,915,925,926,
917,916,926,927,
918,917,927,928,
919,918,928,929,
920,919,929,930,
921,920,930,931,
682,921,931,692,
923,922,932,933,
924,923,933,934,
925,924,934,935,
926,925,935,936,
927,926,936,937,
928,927,937,938,
929,928,938,939,
930,929,939,940,
931,930,940,941,
692,931,941,702,
933,932,942,943,
934,933,943,944,
935,934,944,945,
936,935,945,946,
937,936,946,947,
938,937,947,948,
939,938,948,949,
940,939,949,950,
941,940,950,951,
702,941,951,712,
943,942,952,953,
944,943,953,954,
945,944,954,955,
946,945,955,956,
947,946,956,957,
948,947,957,958,
949,948,958,959,
950,949,959,960,
951,950,960,961,
712,951,961,722,
953,952,962,963,
954,953,963,964,
955,954,964,965,
956,955,965,966,
957,956,966,967,
958,957,967,968,
959,958,968,969,
960,959,969,970,
961,960,970,971,
722,961,971,732,
963,962,972,973,
964,963,973,974,
965,964,974,975,
966,965,975,976,
967,966,976,977,
968,967,977,978,
969,968,978,979,
970,969,979,980,
971,970,980,981,
732,971,981,742,
973,972,982,983,
974,973,983,984,
975,974,984,985,
976,975,985,986,
977,976,986,987,
978,977,987,988,
979,978,988,989,
980,979,989,990,
981,980,990,991,
742,981,991,752,
999,998,992,993,
1000,999,993,994,
1001,1000,994,995,
1002,1001,995,996,
1003,1002,996,997,
1005,1004,998,999,
1006,1005,999,1000,
1007,1006,1000,1001,
1008,1007,1001,1002,
1009,1008,1002,1003,
1011,1010,1004,1005,
1012,1011,1005,1006,
1013,1012,1006,1007,
1014,1013,1007,1008,
1015,1014,1008,1009,
1017,1016,1010,1011,
1018,1017,1011,1012,
1019,1018,1012,1013,
1020,1019,1013,1014,
1021,1020,1014,1015,
1023,1022,1016,1017,
1024,1023,1017,1018,
1025,1024,1018,1019,
1026,1025,1019,1020,
1027,1026,1020,1021,
1029,1028,1022,1023,
1030,1029,1023,1024,
1031,1030,1024,1025,
1032,1031,1025,1026,
1033,1032,1026,1027,
1035,1034,1028,1029,
1036,1035,1029,1030,
1037,1036,1030,1031,
1038,1037,1031,1032,
1039,1038,1032,1033,
1041,1040,1034,1035,
1042,1041,1035,1036,
1043,1042,1036,1037,
1044,1043,1037,1038,
1045,1044,1038,1039,
1047,1046,1040,1041,
1048,1047,1041,1042,
1049,1048,1042,1043,
1050,1049,1043,1044,
1051,1050,1044,1045,
1053,1052,1046,1047,
1054,1053,1047,1048,
1055,1054,1048,1049,
1056,1055,1049,1050,
1057,1056,1050,1051,
1059,1058,1052,1053,
1060,1059,1053,1054,
1061,1060,1054,1055,
1062,1061,1055,1056,
1063,1062,1056,1057,
1065,1064,1058,1059,
1066,1065,1059,1060,
1067,1066,1060,1061,
1068,1067,1061,1062,
1069,1068,1062,1063,
1071,1070,1064,1065,
1072,1071,1065,1066,
1073,1072,1066,1067,
1074,1073,1067,1068,
1075,1074,1068,1069,
1077,1076,1070,1071,
1078,1077,1071,1072,
1079,1078,1072,1073,
1080,1079,1073,1074,
1081,1080,1074,1075,
1083,1082,1076,1077,
1084,1083,1077,1078,
1085,1084,1078,1079,
1086,1085,1079,1080,
1087,1086,1080,1081,
1089,1088,1082,1083,
1090,1089,1083,1084,
1091,1090,1084,1085,
1092,1091,1085,1086,
1093,1092,1086,1087,
1095,1094,1088,1089,
1096,1095,1089,1090,
1097,1096,1090,1091,
1098,1097,1091,1092,
1099,1098,1092,1093,
1101,1100,1094,1095,
1102,1101,1095,1096,
1103,1102,1096,1097,
1104,1103,1097,1098,
1105,1104,1098,1099,
1107,1106,1100,1101,
1108,1107,1101,1102,
1109,1108,1102,1103,
1110,1109,1103,1104,
1111,1110,1104,1105,
1113,1112,1106,1107,
1114,1113,1107,1108,
1115,1114,1108,1109,
1116,1115,1109,1110,
1117,1116,1110,1111,
1119,1118,1112,1113,
1120,1119,1113,1114,
1121,1120,1114,1115,
1122,1121,1115,1116,
1123,1122,1116,1117,
1125,1124,1118,1119,
1126,1125,1119,1120,
1127,1126,1120,1121,
1128,1127,1121,1122,
1129,1128,1122,1123,
518,517,1124,1125,
519,518,1125,1126,
520,519,1126,1127,
521,520,1127,1128,
522,521,1128,1129,
1141,1140,1130,1131,
1142,1141,1131,1132,
1143,1142,1132,1133,
1144,1143,1133,1134,
1145,1144,1134,1135,
1146,1145,1135,1136,
1147,1146,1136,1137,
1148,1147,1137,1138,
1149,1148,1138,1139,
998,1149,1139,992,
1151,1150,1140,1141,
1152,1151,1141,1142,
1153,1152,1142,1143,
1154,1153,1143,1144,
1155,1154,1144,1145,
1156,1155,1145,1146,
1157,1156,1146,1147,
1158,1157,1147,1148,
1159,1158,1148,1149,
1004,1159,1149,998,
1161,1160,1150,1151,
1162,1161,1151,1152,
1163,1162,1152,1153,
1164,1163,1153,1154,
1165,1164,1154,1155,
1166,1165,1155,1156,
1167,1166,1156,1157,
1168,1167,1157,1158,
1169,1168,1158,1159,
1010,1169,1159,1004,
1171,1170,1160,1161,
1172,1171,1161,1162,
1173,1172,1162,1163,
1174,1173,1163,1164,
1175,1174,1164,1165,
1176,1175,1165,1166,
1177,1176,1166,1167,
1178,1177,1167,1168,
1179,1178,1168,1169,
1016,1179,1169,1010,
1181,1180,1170,1171,
1182,1181,1171,1172,
1183,1182,1172,1173,
1184,1183,1173,1174,
1185,1184,1174,1175,
1186,1185,1175,1176,
1187,1186,1176,1177,
1188,1187,1177,1178,
1189,1188,1178,1179,
1022,1189,1179,1016,
1191,1190,1180,1181,
1192,1191,1181,1182,
1193,1192,1182,1183,
1194,1193,1183,1184,
1195,1194,1184,1185,
1196,1195,1185,1186,
1197,1196,1186,1187,
1198,1197,1187,1188,
1199,1198,1188,1189,
1028,1199,1189,1022,
1201,1200,1190,1191,
1202,1201,1191,1192,
1203,1202,1192,1193,
1204,1203,1193,1194,
1205,1204,1194,1195,
1206,1205,1195,1196,
1207,1206,1196,1197,
1208,1207,1197,1198,
1209,1208,1198,1199,
1034,1209,1199,1028,
1211,1210,1200,1201,
1212,1211,1201,1202,
1213,1212,1202,1203,
1214,1213,1203,1204,
1215,1214,1204,1205,
1216,1215,1205,1206,
1217,1216,1206,1207,
1218,1217,1207,1208,
1219,1218,1208,1209,
1040,1219,1209,1034,
1221,1220,1210,1211,
1222,1221,1211,1212,
1223,1222,1212,1213,
1224,1223,1213,1214,
1225,1224,1214,1215,
1226,1225,1215,1216,
1227,1226,1216,1217,
1228,1227,1217,1218,
1229,1228,1218,1219,
1046,1229,1219,1040,
1231,1230,1220,1221,
1232,1231,1221,1222,
1233,1232,1222,1223,
1234,1233,1223,1224,
1235,1234,1224,1225,
1236,1235,1225,1226,
1237,1236,1226,1227,
1238,1237,1227,1228,
1239,1238,1228,1229,
1052,1239,1229,1046,
1241,1240,1230,1231,
1242,1241,1231,1232,
1243,1242,1232,1233,
1244,1243,1233,1234,
1245,1244,1234,1235,
1246,1245,1235,1236,
1247,1246,1236,1237,
1248,1247,1237,1238,
1249,1248,1238,1239,
1058,1249,1239,1052,
1251,1250,1240,1241,
1252,1251,1241,1242,
1253,1252,1242,1243,
1254,1253,1243,1244,
1255,1254,1244,1245,
1256,1255,1245,1246,
1257,1256,1246,1247,
1258,1257,1247,1248,
1259,1258,1248,1249,
1064,1259,1249,1058,
1261,1260,1250,1251,
1262,1261,1251,1252,
1263,1262,1252,1253,
1264,1263,1253,1254,
1265,1264,1254,1255,
1266,1265,1255,1256,
1267,1266,1256,1257,
1268,1267,1257,1258,
1269,1268,1258,1259,
1070,1269,1259,1064,
1271,1270,1260,1261,
1272,1271,1261,1262,
1273,1272,1262,1263,
1274,1273,1263,1264,
1275,1274,1264,1265,
1276,1275,1265,1266,
1277,1276,1266,1267,
1278,1277,1267,1268,
1279,1278,1268,1269,
1076,1279,1269,1070,
1281,1280,1270,1271,
1282,1281,1271,1272,
1283,1282,1272,1273,
1284,1283,1273,1274,
1285,1284,1274,1275,
1286,1285,1275,1276,
1287,1286,1276,1277,
1288,1287,1277,1278,
1289,1288,1278,1279,
1082,1289,1279,1076,
1291,1290,1280,1281,
1292,1291,1281,1282,
1293,1292,1282,1283,
1294,1293,1283,1284,
1295,1294,1284,1285,
1296,1295,1285,1286,
1297,1296,1286,1287,
1298,1297,1287,1288,
1299,1298,1288,1289,
1088,1299,1289,1082,
1301,1300,1290,1291,
1302,1301,1291,1292,
1303,1302,1292,1293,
1304,1303,1293,1294,
1305,1304,1294,1295,
1306,1305,1295,1296,
1307,1306,1296,1297,
1308,1307,1297,1298,
1309,1308,1298,1299,
1094,1309,1299,1088,
1311,1310,1300,1301,
1312,1311,1301,1302,
1313,1312,1302,1303,
1314,1313,1303,1304,
1315,1314,1304,1305,
1316,1315,1305,1306,
1317,1316,1306,1307,
1318,1317,1307,1308,
1319,1318,1308,1309,
1100,1319,1309,1094,
1321,1320,1310,1311,
1322,1321,1311,1312,
1323,1322,1312,1313,
1324,1323,1313,1314,
1325,1324,1314,1315,
1326,1325,1315,1316,
1327,1326,1316,1317,
1328,1327,1317,1318,
1329,1328,1318,1319,
1106,1329,1319,1100,
1331,1330,1320,1321,
1332,1331,1321,1322,
1333,1332,1322,1323,
1334,1333,1323,1324,
1335,1334,1324,1325,
1336,1335,1325,1326,
1337,1336,1326,1327,
1338,1337,1327,1328,
1339,1338,1328,1329,
1112,1339,1329,1106,
1341,1340,1330,1331,
1342,1341,1331,1332,
1343,1342,1332,1333,
1344,1343,1333,1334,
1345,1344,1334,1335,
1346,1345,1335,1336,
1347,1346,1336,1337,
1348,1347,1337,1338,
1349,1348,1338,1339,
1118,1349,1339,1112,
1351,1350,1340,1341,
1352,1351,1341,1342,
1353,1352,1342,1343,
1354,1353,1343,1344,
1355,1354,1344,1345,
1356,1355,1345,1346,
1357,1356,1346,1347,
1358,1357,1347,1348,
1359,1358,1348,1349,
1124,1359,1349,1118,
753,752,1350,1351,
754,753,1351,1352,
755,754,1352,1353,
756,755,1353,1354,
757,756,1354,1355,
758,757,1355,1356,
759,758,1356,1357,
760,759,1357,1358,
761,760,1358,1359,
517,761,1359,1124,
1371,1370,1360,1361,
1372,1371,1361,1362,
1373,1372,1362,1363,
1374,1373,1363,1364,
1375,1374,1364,1365,
1376,1375,1365,1366,
1377,1376,1366,1367,
1378,1377,1367,1368,
1379,1378,1368,1369,
1140,1379,1369,1130,
1381,1380,1370,1371,
1382,1381,1371,1372,
1383,1382,1372,1373,
1384,1383,1373,1374,
1385,1384,1374,1375,
1386,1385,1375,1376,
1387,1386,1376,1377,
1388,1387,1377,1378,
1389,1388,1378,1379,
1150,1389,1379,1140,
1391,1390,1380,1381,
1392,1391,1381,1382,
1393,1392,1382,1383,
1394,1393,1383,1384,
1395,1394,1384,1385,
1396,1395,1385,1386,
1397,1396,1386,1387,
1398,1397,1387,1388,
1399,1398,1388,1389,
1160,1399,1389,1150,
1401,1400,1390,1391,
1402,1401,1391,1392,
1403,1402,1392,1393,
1404,1403,1393,1394,
1405,1404,1394,1395,
1406,1405,1395,1396,
1407,1406,1396,1397,
1408,1407,1397,1398,
1409,1408,1398,1399,
1170,1409,1399,1160,
1411,1410,1400,1401,
1412,1411,1401,1402,
1413,1412,1402,1403,
1414,1413,1403,1404,
1415,1414,1404,1405,
1416,1415,1405,1406,
1417,1416,1406,1407,
1418,1417,1407,1408,
1419,1418,1408,1409,
1180,1419,1409,1170,
1421,1420,1410,1411,
1422,1421,1411,1412,
1423,1422,1412,1413,
1424,1423,1413,1414,
1425,1424,1414,1415,
1426,1425,1415,1416,
1427,1426,1416,1417,
1428,1427,1417,1418,
1429,1428,1418,1419,
1190,1429,1419,1180,
1431,1430,1420,1421,
1432,1431,1421,1422,
1433,1432,1422,1423,
1434,1433,1423,1424,
1435,1434,1424,1425,
1436,1435,1425,1426,
1437,1436,1426,1427,
1438,1437,1427,1428,
1439,1438,1428,1429,
1200,1439,1429,1190,
1441,1440,1430,1431,
1442,1441,1431,1432,
1443,1442,1432,1433,
1444,1443,1433,1434,
1445,1444,1434,1435,
1446,1445,1435,1436,
1447,1446,1436,1437,
1448,1447,1437,1438,
1449,1448,1438,1439,
1210,1449,1439,1200,
1451,1450,1440,1441,
1452,1451,1441,1442,
1453,1452,1442,1443,
1454,1453,1443,1444,
1455,1454,1444,1445,
1456,1455,1445,1446,
1457,1456,1446,1447,
1458,1457,1447,1448,
1459,1458,1448,1449,
1220,1459,1449,1210,
1461,1460,1450,1451,
1462,1461,1451,1452,
1463,1462,1452,1453,
1464,1463,1453,1454,
1465,1464,1454,1455,
1466,1465,1455,1456,
1467,1466,1456,1457,
1468,1467,1457,1458,
1469,1468,1458,1459,
1230,1469,1459,1220,
1471,1470,1460,1461,
1472,1471,1461,1462,
1473,1472,1462,1463,
1474,1473,1463,1464,
1475,1474,1464,1465,
1476,1475,1465,1466,
1477,1476,1466,1467,
1478,1477,1467,1468,
1479,1478,1468,1469,
1240,1479,1469,1230,
1481,1480,1470,1471,
1482,1481,1471,1472,
1483,1482,1472,1473,
1484,1483,1473,1474,
1485,1484,1474,1475,
1486,1485,1475,1476,
1487,1486,1476,1477,
1488,1487,1477,1478,
1489,1488,1478,1479,
1250,1489,1479,1240,
1491,1490,1480,1481,
1492,1491,1481,1482,
1493,1492,1482,1483,
1494,1493,1483,1484,
1495,1494,1484,1485,
1496,1495,1485,1486,
1497,1496,1486,1487,
1498,1497,1487,1488,
1499,1498,1488,1489,
1260,1499,1489,1250,
1501,1500,1490,1491,
1502,1501,1491,1492,
1503,1502,1492,1493,
1504,1503,1493,1494,
1505,1504,1494,1495,
1506,1505,1495,1496,
1507,1506,1496,1497,
1508,1507,1497,1498,
1509,1508,1498,1499,
1270,1509,1499,1260,
1511,1510,1500,1501,
1512,1511,1501,1502,
1513,1512,1502,1503,
1514,1513,1503,1504,
1515,1514,1504,1505,
1516,1515,1505,1506,
1517,1516,1506,1507,
1518,1517,1507,1508,
1519,1518,1508,1509,
1280,1519,1509,1270,
1521,1520,1510,1511,
1522,1521,1511,1512,
1523,1522,1512,1513,
1524,1523,1513,1514,
1525,1524,1514,1515,
1526,1525,1515,1516,
1527,1526,1516,1517,
1528,1527,1517,1518,
1529,1528,1518,1519,
1290,1529,1519,1280,
1531,1530,1520,1521,
1532,1531,1521,1522,
1533,1532,1522,1523,
1534,1533,1523,1524,
1535,1534,1524,1525,
1536,1535,1525,1526,
1537,1536,1526,1527,
1538,1537,1527,1528,
1539,1538,1528,1529,
1300,1539,1529,1290,
1541,1540,1530,1531,
1542,1541,1531,1532,
1543,1542,1532,1533,
1544,1543,1533,1534,
1545,1544,1534,1535,
1546,1545,1535,1536,
1547,1546,1536,1537,
1548,1547,1537,1538,
1549,1548,1538,1539,
1310,1549,1539,1300,
1551,1550,1540,1541,
1552,1551,1541,1542,
1553,1552,1542,1543,
1554,1553,1543,1544,
1555,1554,1544,1545,
1556,1555,1545,1546,
1557,1556,1546,1547,
1558,1557,1547,1548,
1559,1558,1548,1549,
1320,1559,1549,1310,
1561,1560,1550,1551,
1562,1561,1551,1552,
1563,1562,1552,1553,
1564,1563,1553,1554,
1565,1564,1554,1555,
1566,1565,1555,1556,
1567,1566,1556,1557,
1568,1567,1557,1558,
1569,1568,1558,1559,
1330,1569,1559,1320,
1571,1570,1560,1561,
1572,1571,1561,1562,
1573,1572,1562,1563,
1574,1573,1563,1564,
1575,1574,1564,1565,
1576,1575,1565,1566,
1577,1576,1566,1567,
1578,1577,1567,1568,
1579,1578,1568,1569,
1340,1579,1569,1330,
1581,1580,1570,1571,
1582,1581,1571,1572,
1583,1582,1572,1573,
1584,1583,1573,1574,
1585,1584,1574,1575,
1586,1585,1575,1576,
1587,1586,1576,1577,
1588,1587,1577,1578,
1589,1588,1578,1579,
1350,1589,1579,1340,
983,982,1580,1581,
984,983,1581,1582,
985,984,1582,1583,
986,985,1583,1584,
987,986,1584,1585,
988,987,1585,1586,
989,988,1586,1587,
990,989,1587,1588,
991,990,1588,1589,
752,991,1589,1350,
0.10000 ,200.00000 ,
4.10000 ,200.00000 ,
8.10000 ,200.00000 ,
12.10000 ,200.00000 ,
16.10000 ,200.00000 ,
20.10000 ,200.00000 ,
24.10000 ,200.00000 ,
28.10000 ,200.00000 ,
32.10000 ,200.00000 ,
36.10000 ,200.00000 ,
40.10000 ,200.00000 ,
42.10000 ,200.20202 ,
44.10000 ,200.83476 ,
0.10000 ,202.00000 ,
4.10000 ,202.00000 ,
8.10000 ,202.00000 ,
12.10000 ,202.00000 ,
16.10000 ,202.00000 ,
20.10000 ,202.00000 ,
24.10000 ,202.00000 ,
28.10000 ,202.00000 ,
32.10000 ,202.00000 ,
36.10000 ,202.00000 ,
40.10000 ,202.00000 ,
42.10000 ,202.00000 ,
44.57214 ,201.05573 ,
46.10000 ,202.00000 ,
0.10000 ,204.00000 ,
4.10000 ,204.00000 ,
8.10000 ,204.00000 ,
12.10000 ,204.00000 ,
16.10000 ,204.00000 ,
20.10000 ,204.00000 ,
24.10000 ,204.00000 ,
28.10000 ,204.00000 ,
32.10000 ,204.00000 ,
36.10000 ,204.00000 ,
40.10000 ,204.00000 ,
42.10000 ,204.00000 ,
44.10000 ,204.00000 ,
47.17107 ,202.92893 ,
48.10000 ,204.00000 ,
0.10000 ,206.00000 ,
4.10000 ,206.00000 ,
8.10000 ,206.00000 ,
12.10000 ,206.00000 ,
16.10000 ,206.00000 ,
20.10000 ,206.00000 ,
24.10000 ,206.00000 ,
28.10000 ,206.00000 ,
32.10000 ,206.00000 ,
36.10000 ,206.00000 ,
40.10000 ,206.00000 ,
42.10000 ,206.00000 ,
44.10000 ,206.00000 ,
46.10000 ,206.00000 ,
49.04427 ,205.52786 ,
49.26524 ,206.00000 ,
0.10000 ,208.00000 ,
4.10000 ,208.00000 ,
8.10000 ,208.00000 ,
12.10000 ,208.00000 ,
16.10000 ,208.00000 ,
20.10000 ,208.00000 ,
24.10000 ,208.00000 ,
28.10000 ,208.00000 ,
32.10000 ,208.00000 ,
36.10000 ,208.00000 ,
40.10000 ,208.00000 ,
42.10000 ,208.00000 ,
44.10000 ,208.00000 ,
46.10000 ,208.00000 ,
48.10000 ,208.00000 ,
49.89798 ,208.00000 ,
0.10000 ,210.00000 ,
4.10000 ,210.00000 ,
8.10000 ,210.00000 ,
12.10000 ,210.00000 ,
16.10000 ,210.00000 ,
20.10000 ,210.00000 ,
24.10000 ,210.00000 ,
28.10000 ,210.00000 ,
32.10000 ,210.00000 ,
36.10000 ,210.00000 ,
40.10000 ,210.00000 ,
42.10000 ,210.00000 ,
44.10000 ,210.00000 ,
46.10000 ,210.00000 ,
48.10000 ,210.00000 ,
50.10000 ,210.00000 ,
0.10000 ,215.00000 ,
4.10000 ,215.00000 ,
8.10000 ,215.00000 ,
12.10000 ,215.00000 ,
16.10000 ,215.00000 ,
20.10000 ,215.00000 ,
24.10000 ,215.00000 ,
28.10000 ,215.00000 ,
32.10000 ,215.00000 ,
36.10000 ,215.00000 ,
40.10000 ,215.00000 ,
42.10000 ,215.00000 ,
44.10000 ,215.00000 ,
46.10000 ,215.00000 ,
48.10000 ,215.00000 ,
50.10000 ,215.00000 ,
0.10000 ,220.00000 ,
4.10000 ,220.00000 ,
8.10000 ,220.00000 ,
12.10000 ,220.00000 ,
16.10000 ,220.00000 ,
20.10000 ,220.00000 ,
24.10000 ,220.00000 ,
28.10000 ,220.00000 ,
32.10000 ,220.00000 ,
36.10000 ,220.00000 ,
40.10000 ,220.00000 ,
42.10000 ,220.00000 ,
44.10000 ,220.00000 ,
46.10000 ,220.00000 ,
48.10000 ,220.00000 ,
50.10000 ,220.00000 ,
0.10000 ,225.00000 ,
4.10000 ,225.00000 ,
8.10000 ,225.00000 ,
12.10000 ,225.00000 ,
16.10000 ,225.00000 ,
20.10000 ,225.00000 ,
24.10000 ,225.00000 ,
28.10000 ,225.00000 ,
32.10000 ,225.00000 ,
36.10000 ,225.00000 ,
40.10000 ,225.00000 ,
42.10000 ,225.00000 ,
44.10000 ,225.00000 ,
46.10000 ,225.00000 ,
48.10000 ,225.00000 ,
50.10000 ,225.00000 ,
0.10000 ,230.00000 ,
4.10000 ,230.00000 ,
8.10000 ,230.00000 ,
12.10000 ,230.00000 ,
16.10000 ,230.00000 ,
20.10000 ,230.00000 ,
24.10000 ,230.00000 ,
28.10000 ,230.00000 ,
32.10000 ,230.00000 ,
36.10000 ,230.00000 ,
40.10000 ,230.00000 ,
42.10000 ,230.00000 ,
44.10000 ,230.00000 ,
46.10000 ,230.00000 ,
48.10000 ,230.00000 ,
50.10000 ,230.00000 ,
0.10000 ,235.00000 ,
4.10000 ,235.00000 ,
8.10000 ,235.00000 ,
12.10000 ,235.00000 ,
16.10000 ,235.00000 ,
20.10000 ,235.00000 ,
24.10000 ,235.00000 ,
28.10000 ,235.00000 ,
32.10000 ,235.00000 ,
36.10000 ,235.00000 ,
40.10000 ,235.00000 ,
42.10000 ,235.00000 ,
44.10000 ,235.00000 ,
46.10000 ,235.00000 ,
48.10000 ,235.00000 ,
50.10000 ,235.00000 ,
0.10000 ,240.00000 ,
4.10000 ,240.00000 ,
8.10000 ,240.00000 ,
12.10000 ,240.00000 ,
16.10000 ,240.00000 ,
20.10000 ,240.00000 ,
24.10000 ,240.00000 ,
28.10000 ,240.00000 ,
32.10000 ,240.00000 ,
36.10000 ,240.00000 ,
40.10000 ,240.00000 ,
42.10000 ,240.00000 ,
44.10000 ,240.00000 ,
46.10000 ,240.00000 ,
48.10000 ,240.00000 ,
50.10000 ,240.00000 ,
0.10000 ,245.00000 ,
4.10000 ,245.00000 ,
8.10000 ,245.00000 ,
12.10000 ,245.00000 ,
16.10000 ,245.00000 ,
20.10000 ,245.00000 ,
24.10000 ,245.00000 ,
28.10000 ,245.00000 ,
32.10000 ,245.00000 ,
36.10000 ,245.00000 ,
40.10000 ,245.00000 ,
42.10000 ,245.00000 ,
44.10000 ,245.00000 ,
46.10000 ,245.00000 ,
48.10000 ,245.00000 ,
50.10000 ,245.00000 ,
0.10000 ,250.00000 ,
4.10000 ,250.00000 ,
8.10000 ,250.00000 ,
12.10000 ,250.00000 ,
16.10000 ,250.00000 ,
20.10000 ,250.00000 ,
24.10000 ,250.00000 ,
28.10000 ,250.00000 ,
32.10000 ,250.00000 ,
36.10000 ,250.00000 ,
40.10000 ,250.00000 ,
42.10000 ,250.00000 ,
44.10000 ,250.00000 ,
46.10000 ,250.00000 ,
48.10000 ,250.00000 ,
50.10000 ,250.00000 ,
0.10000 ,255.00000 ,
4.10000 ,255.00000 ,
8.10000 ,255.00000 ,
12.10000 ,255.00000 ,
16.10000 ,255.00000 ,
20.10000 ,255.00000 ,
24.10000 ,255.00000 ,
28.10000 ,255.00000 ,
32.10000 ,255.00000 ,
36.10000 ,255.00000 ,
40.10000 ,255.00000 ,
42.10000 ,255.00000 ,
44.10000 ,255.00000 ,
46.10000 ,255.00000 ,
48.10000 ,255.00000 ,
50.10000 ,255.00000 ,
0.10000 ,260.00000 ,
4.10000 ,260.00000 ,
8.10000 ,260.00000 ,
12.10000 ,260.00000 ,
16.10000 ,260.00000 ,
20.10000 ,260.00000 ,
24.10000 ,260.00000 ,
28.10000 ,260.00000 ,
32.10000 ,260.00000 ,
36.10000 ,260.00000 ,
40.10000 ,260.00000 ,
42.10000 ,260.00000 ,
44.10000 ,260.00000 ,
46.10000 ,260.00000 ,
48.10000 ,260.00000 ,
50.10000 ,260.00000 ,
0.10000 ,265.00000 ,
4.10000 ,265.00000 ,
8.10000 ,265.00000 ,
12.10000 ,265.00000 ,
16.10000 ,265.00000 ,
20.10000 ,265.00000 ,
24.10000 ,265.00000 ,
28.10000 ,265.00000 ,
32.10000 ,265.00000 ,
36.10000 ,265.00000 ,
40.10000 ,265.00000 ,
42.10000 ,265.00000 ,
44.10000 ,265.00000 ,
46.10000 ,265.00000 ,
48.10000 ,265.00000 ,
50.10000 ,265.00000 ,
0.10000 ,270.00000 ,
4.10000 ,270.00000 ,
8.10000 ,270.00000 ,
12.10000 ,270.00000 ,
16.10000 ,270.00000 ,
20.10000 ,270.00000 ,
24.10000 ,270.00000 ,
28.10000 ,270.00000 ,
32.10000 ,270.00000 ,
36.10000 ,270.00000 ,
40.10000 ,270.00000 ,
42.10000 ,270.00000 ,
44.10000 ,270.00000 ,
46.10000 ,270.00000 ,
48.10000 ,270.00000 ,
50.10000 ,270.00000 ,
0.10000 ,275.00000 ,
4.10000 ,275.00000 ,
8.10000 ,275.00000 ,
12.10000 ,275.00000 ,
16.10000 ,275.00000 ,
20.10000 ,275.00000 ,
24.10000 ,275.00000 ,
28.10000 ,275.00000 ,
32.10000 ,275.00000 ,
36.10000 ,275.00000 ,
40.10000 ,275.00000 ,
42.10000 ,275.00000 ,
44.10000 ,275.00000 ,
46.10000 ,275.00000 ,
48.10000 ,275.00000 ,
50.10000 ,275.00000 ,
0.10000 ,280.00000 ,
4.10000 ,280.00000 ,
8.10000 ,280.00000 ,
12.10000 ,280.00000 ,
16.10000 ,280.00000 ,
20.10000 ,280.00000 ,
24.10000 ,280.00000 ,
28.10000 ,280.00000 ,
32.10000 ,280.00000 ,
36.10000 ,280.00000 ,
40.10000 ,280.00000 ,
42.10000 ,280.00000 ,
44.10000 ,280.00000 ,
46.10000 ,280.00000 ,
48.10000 ,280.00000 ,
50.10000 ,280.00000 ,
0.10000 ,285.00000 ,
4.10000 ,285.00000 ,
8.10000 ,285.00000 ,
12.10000 ,285.00000 ,
16.10000 ,285.00000 ,
20.10000 ,285.00000 ,
24.10000 ,285.00000 ,
28.10000 ,285.00000 ,
32.10000 ,285.00000 ,
36.10000 ,285.00000 ,
40.10000 ,285.00000 ,
42.10000 ,285.00000 ,
44.10000 ,285.00000 ,
46.10000 ,285.00000 ,
48.10000 ,285.00000 ,
50.10000 ,285.00000 ,
0.10000 ,290.00000 ,
4.10000 ,290.00000 ,
8.10000 ,290.00000 ,
12.10000 ,290.00000 ,
16.10000 ,290.00000 ,
20.10000 ,290.00000 ,
24.10000 ,290.00000 ,
28.10000 ,290.00000 ,
32.10000 ,290.00000 ,
36.10000 ,290.00000 ,
40.10000 ,290.00000 ,
42.10000 ,290.00000 ,
44.10000 ,290.00000 ,
46.10000 ,290.00000 ,
48.10000 ,290.00000 ,
50.10000 ,290.00000 ,
0.10000 ,295.00000 ,
4.10000 ,295.00000 ,
8.10000 ,295.00000 ,
12.10000 ,295.00000 ,
16.10000 ,295.00000 ,
20.10000 ,295.00000 ,
24.10000 ,295.00000 ,
28.10000 ,295.00000 ,
32.10000 ,295.00000 ,
36.10000 ,295.00000 ,
40.10000 ,295.00000 ,
42.10000 ,295.00000 ,
44.10000 ,295.00000 ,
46.10000 ,295.00000 ,
48.10000 ,295.00000 ,
50.10000 ,295.00000 ,
0.10000 ,300.00000 ,
4.10000 ,300.00000 ,
8.10000 ,300.00000 ,
12.10000 ,300.00000 ,
16.10000 ,300.00000 ,
20.10000 ,300.00000 ,
24.10000 ,300.00000 ,
28.10000 ,300.00000 ,
32.10000 ,300.00000 ,
36.10000 ,300.00000 ,
40.10000 ,300.00000 ,
42.10000 ,300.00000 ,
44.10000 ,300.00000 ,
46.10000 ,300.00000 ,
48.10000 ,300.00000 ,
50.10000 ,300.00000 ,
80.10000 ,200.00000 ,
84.10000 ,200.00000 ,
88.10000 ,200.00000 ,
92.10000 ,200.00000 ,
96.10000 ,200.00000 ,
100.10000 ,200.00000 ,
80.10000 ,198.00000 ,
84.10000 ,198.00000 ,
88.10000 ,198.00000 ,
92.10000 ,198.00000 ,
96.10000 ,198.00000 ,
100.10000 ,198.00000 ,
80.10000 ,196.00000 ,
84.10000 ,196.00000 ,
88.10000 ,196.00000 ,
92.10000 ,196.00000 ,
96.10000 ,196.00000 ,
100.10000 ,196.00000 ,
80.10000 ,194.00000 ,
84.10000 ,194.00000 ,
88.10000 ,194.00000 ,
92.10000 ,194.00000 ,
96.10000 ,194.00000 ,
100.10000 ,194.00000 ,
80.10000 ,192.00000 ,
84.10000 ,192.00000 ,
88.10000 ,192.00000 ,
92.10000 ,192.00000 ,
96.10000 ,192.00000 ,
100.10000 ,192.00000 ,
80.10000 ,190.00000 ,
84.10000 ,190.00000 ,
88.10000 ,190.00000 ,
92.10000 ,190.00000 ,
96.10000 ,190.00000 ,
100.10000 ,190.00000 ,
80.10000 ,185.00000 ,
84.10000 ,185.00000 ,
88.10000 ,185.00000 ,
92.10000 ,185.00000 ,
96.10000 ,185.00000 ,
100.10000 ,185.00000 ,
80.10000 ,180.00000 ,
84.10000 ,180.00000 ,
88.10000 ,180.00000 ,
92.10000 ,180.00000 ,
96.10000 ,180.00000 ,
100.10000 ,180.00000 ,
80.10000 ,175.00000 ,
84.10000 ,175.00000 ,
88.10000 ,175.00000 ,
92.10000 ,175.00000 ,
96.10000 ,175.00000 ,
100.10000 ,175.00000 ,
80.10000 ,170.00000 ,
84.10000 ,170.00000 ,
88.10000 ,170.00000 ,
92.10000 ,170.00000 ,
96.10000 ,170.00000 ,
100.10000 ,170.00000 ,
80.10000 ,165.00000 ,
84.10000 ,165.00000 ,
88.10000 ,165.00000 ,
92.10000 ,165.00000 ,
96.10000 ,165.00000 ,
100.10000 ,165.00000 ,
80.10000 ,160.00000 ,
84.10000 ,160.00000 ,
88.10000 ,160.00000 ,
92.10000 ,160.00000 ,
96.10000 ,160.00000 ,
100.10000 ,160.00000 ,
80.10000 ,155.00000 ,
84.10000 ,155.00000 ,
88.10000 ,155.00000 ,
92.10000 ,155.00000 ,
96.10000 ,155.00000 ,
100.10000 ,155.00000 ,
80.10000 ,150.00000 ,
84.10000 ,150.00000 ,
88.10000 ,150.00000 ,
92.10000 ,150.00000 ,
96.10000 ,150.00000 ,
100.10000 ,150.00000 ,
80.10000 ,145.00000 ,
84.10000 ,145.00000 ,
88.10000 ,145.00000 ,
92.10000 ,145.00000 ,
96.10000 ,145.00000 ,
100.10000 ,145.00000 ,
80.10000 ,140.00000 ,
84.10000 ,140.00000 ,
88.10000 ,140.00000 ,
92.10000 ,140.00000 ,
96.10000 ,140.00000 ,
100.10000 ,140.00000 ,
80.10000 ,135.00000 ,
84.10000 ,135.00000 ,
88.10000 ,135.00000 ,
92.10000 ,135.00000 ,
96.10000 ,135.00000 ,
100.10000 ,135.00000 ,
80.10000 ,130.00000 ,
84.10000 ,130.00000 ,
88.10000 ,130.00000 ,
92.10000 ,130.00000 ,
96.10000 ,130.00000 ,
100.10000 ,130.00000 ,
80.10000 ,125.00000 ,
84.10000 ,125.00000 ,
88.10000 ,125.00000 ,
92.10000 ,125.00000 ,
96.10000 ,125.00000 ,
100.10000 ,125.00000 ,
80.10000 ,120.00000 ,
84.10000 ,120.00000 ,
88.10000 ,120.00000 ,
92.10000 ,120.00000 ,
96.10000 ,120.00000 ,
100.10000 ,120.00000 ,
80.10000 ,115.00000 ,
84.10000 ,115.00000 ,
88.10000 ,115.00000 ,
92.10000 ,115.00000 ,
96.10000 ,115.00000 ,
100.10000 ,115.00000 ,
80.10000 ,110.00000 ,
84.10000 ,110.00000 ,
88.10000 ,110.00000 ,
92.10000 ,110.00000 ,
96.10000 ,110.00000 ,
100.10000 ,110.00000 ,
80.10000 ,105.00000 ,
84.10000 ,105.00000 ,
88.10000 ,105.00000 ,
92.10000 ,105.00000 ,
96.10000 ,105.00000 ,
100.10000 ,105.00000 ,
80.10000 ,100.00000 ,
84.10000 ,100.00000 ,
88.10000 ,100.00000 ,
92.10000 ,100.00000 ,
96.10000 ,100.00000 ,
100.10000 ,100.00000 ,
44.10000 ,200.00000 ,
48.10000 ,200.00000 ,
52.10000 ,200.00000 ,
56.10000 ,200.00000 ,
60.10000 ,200.00000 ,
64.10000 ,200.00000 ,
68.10000 ,200.00000 ,
72.10000 ,200.00000 ,
76.10000 ,200.00000 ,
40.10000 ,198.00000 ,
44.10000 ,198.00000 ,
48.10000 ,198.00000 ,
52.10000 ,198.00000 ,
56.10000 ,198.00000 ,
60.10000 ,198.00000 ,
64.10000 ,198.00000 ,
68.10000 ,198.00000 ,
72.10000 ,198.00000 ,
76.10000 ,198.00000 ,
40.10000 ,196.00000 ,
44.10000 ,196.00000 ,
48.10000 ,196.00000 ,
52.10000 ,196.00000 ,
56.10000 ,196.00000 ,
60.10000 ,196.00000 ,
64.10000 ,196.00000 ,
68.10000 ,196.00000 ,
72.10000 ,196.00000 ,
76.10000 ,196.00000 ,
40.10000 ,194.00000 ,
44.10000 ,194.00000 ,
48.10000 ,194.00000 ,
52.10000 ,194.00000 ,
56.10000 ,194.00000 ,
60.10000 ,194.00000 ,
64.10000 ,194.00000 ,
68.10000 ,194.00000 ,
72.10000 ,194.00000 ,
76.10000 ,194.00000 ,
40.10000 ,192.00000 ,
44.10000 ,192.00000 ,
48.10000 ,192.00000 ,
52.10000 ,192.00000 ,
56.10000 ,192.00000 ,
60.10000 ,192.00000 ,
64.10000 ,192.00000 ,
68.10000 ,192.00000 ,
72.10000 ,192.00000 ,
76.10000 ,192.00000 ,
40.10000 ,190.00000 ,
44.10000 ,190.00000 ,
48.10000 ,190.00000 ,
52.10000 ,190.00000 ,
56.10000 ,190.00000 ,
60.10000 ,190.00000 ,
64.10000 ,190.00000 ,
68.10000 ,190.00000 ,
72.10000 ,190.00000 ,
76.10000 ,190.00000 ,
40.10000 ,185.00000 ,
44.10000 ,185.00000 ,
48.10000 ,185.00000 ,
52.10000 ,185.00000 ,
56.10000 ,185.00000 ,
60.10000 ,185.00000 ,
64.10000 ,185.00000 ,
68.10000 ,185.00000 ,
72.10000 ,185.00000 ,
76.10000 ,185.00000 ,
40.10000 ,180.00000 ,
44.10000 ,180.00000 ,
48.10000 ,180.00000 ,
52.10000 ,180.00000 ,
56.10000 ,180.00000 ,
60.10000 ,180.00000 ,
64.10000 ,180.00000 ,
68.10000 ,180.00000 ,
72.10000 ,180.00000 ,
76.10000 ,180.00000 ,
40.10000 ,175.00000 ,
44.10000 ,175.00000 ,
48.10000 ,175.00000 ,
52.10000 ,175.00000 ,
56.10000 ,175.00000 ,
60.10000 ,175.00000 ,
64.10000 ,175.00000 ,
68.10000 ,175.00000 ,
72.10000 ,175.00000 ,
76.10000 ,175.00000 ,
40.10000 ,170.00000 ,
44.10000 ,170.00000 ,
48.10000 ,170.00000 ,
52.10000 ,170.00000 ,
56.10000 ,170.00000 ,
60.10000 ,170.00000 ,
64.10000 ,170.00000 ,
68.10000 ,170.00000 ,
72.10000 ,170.00000 ,
76.10000 ,170.00000 ,
40.10000 ,165.00000 ,
44.10000 ,165.00000 ,
48.10000 ,165.00000 ,
52.10000 ,165.00000 ,
56.10000 ,165.00000 ,
60.10000 ,165.00000 ,
64.10000 ,165.00000 ,
68.10000 ,165.00000 ,
72.10000 ,165.00000 ,
76.10000 ,165.00000 ,
40.10000 ,160.00000 ,
44.10000 ,160.00000 ,
48.10000 ,160.00000 ,
52.10000 ,160.00000 ,
56.10000 ,160.00000 ,
60.10000 ,160.00000 ,
64.10000 ,160.00000 ,
68.10000 ,160.00000 ,
72.10000 ,160.00000 ,
76.10000 ,160.00000 ,
40.10000 ,155.00000 ,
44.10000 ,155.00000 ,
48.10000 ,155.00000 ,
52.10000 ,155.00000 ,
56.10000 ,155.00000 ,
60.10000 ,155.00000 ,
64.10000 ,155.00000 ,
68.10000 ,155.00000 ,
72.10000 ,155.00000 ,
76.10000 ,155.00000 ,
40.10000 ,150.00000 ,
44.10000 ,150.00000 ,
48.10000 ,150.00000 ,
52.10000 ,150.00000 ,
56.10000 ,150.00000 ,
60.10000 ,150.00000 ,
64.10000 ,150.00000 ,
68.10000 ,150.00000 ,
72.10000 ,150.00000 ,
76.10000 ,150.00000 ,
40.10000 ,145.00000 ,
44.10000 ,145.00000 ,
48.10000 ,145.00000 ,
52.10000 ,145.00000 ,
56.10000 ,145.00000 ,
60.10000 ,145.00000 ,
64.10000 ,145.00000 ,
68.10000 ,145.00000 ,
72.10000 ,145.00000 ,
76.10000 ,145.00000 ,
40.10000 ,140.00000 ,
44.10000 ,140.00000 ,
48.10000 ,140.00000 ,
52.10000 ,140.00000 ,
56.10000 ,140.00000 ,
60.10000 ,140.00000 ,
64.10000 ,140.00000 ,
68.10000 ,140.00000 ,
72.10000 ,140.00000 ,
76.10000 ,140.00000 ,
40.10000 ,135.00000 ,
44.10000 ,135.00000 ,
48.10000 ,135.00000 ,
52.10000 ,135.00000 ,
56.10000 ,135.00000 ,
60.10000 ,135.00000 ,
64.10000 ,135.00000 ,
68.10000 ,135.00000 ,
72.10000 ,135.00000 ,
76.10000 ,135.00000 ,
40.10000 ,130.00000 ,
44.10000 ,130.00000 ,
48.10000 ,130.00000 ,
52.10000 ,130.00000 ,
56.10000 ,130.00000 ,
60.10000 ,130.00000 ,
64.10000 ,130.00000 ,
68.10000 ,130.00000 ,
72.10000 ,130.00000 ,
76.10000 ,130.00000 ,
40.10000 ,125.00000 ,
44.10000 ,125.00000 ,
48.10000 ,125.00000 ,
52.10000 ,125.00000 ,
56.10000 ,125.00000 ,
60.10000 ,125.00000 ,
64.10000 ,125.00000 ,
68.10000 ,125.00000 ,
72.10000 ,125.00000 ,
76.10000 ,125.00000 ,
40.10000 ,120.00000 ,
44.10000 ,120.00000 ,
48.10000 ,120.00000 ,
52.10000 ,120.00000 ,
56.10000 ,120.00000 ,
60.10000 ,120.00000 ,
64.10000 ,120.00000 ,
68.10000 ,120.00000 ,
72.10000 ,120.00000 ,
76.10000 ,120.00000 ,
40.10000 ,115.00000 ,
44.10000 ,115.00000 ,
48.10000 ,115.00000 ,
52.10000 ,115.00000 ,
56.10000 ,115.00000 ,
60.10000 ,115.00000 ,
64.10000 ,115.00000 ,
68.10000 ,115.00000 ,
72.10000 ,115.00000 ,
76.10000 ,115.00000 ,
40.10000 ,110.00000 ,
44.10000 ,110.00000 ,
48.10000 ,110.00000 ,
52.10000 ,110.00000 ,
56.10000 ,110.00000 ,
60.10000 ,110.00000 ,
64.10000 ,110.00000 ,
68.10000 ,110.00000 ,
72.10000 ,110.00000 ,
76.10000 ,110.00000 ,
40.10000 ,105.00000 ,
44.10000 ,105.00000 ,
48.10000 ,105.00000 ,
52.10000 ,105.00000 ,
56.10000 ,105.00000 ,
60.10000 ,105.00000 ,
64.10000 ,105.00000 ,
68.10000 ,105.00000 ,
72.10000 ,105.00000 ,
76.10000 ,105.00000 ,
40.10000 ,100.00000 ,
44.10000 ,100.00000 ,
48.10000 ,100.00000 ,
52.10000 ,100.00000 ,
56.10000 ,100.00000 ,
60.10000 ,100.00000 ,
64.10000 ,100.00000 ,
68.10000 ,100.00000 ,
72.10000 ,100.00000 ,
76.10000 ,100.00000 ,
0.10000 ,198.00000 ,
4.10000 ,198.00000 ,
8.10000 ,198.00000 ,
12.10000 ,198.00000 ,
16.10000 ,198.00000 ,
20.10000 ,198.00000 ,
24.10000 ,198.00000 ,
28.10000 ,198.00000 ,
32.10000 ,198.00000 ,
36.10000 ,198.00000 ,
0.10000 ,196.00000 ,
4.10000 ,196.00000 ,
8.10000 ,196.00000 ,
12.10000 ,196.00000 ,
16.10000 ,196.00000 ,
20.10000 ,196.00000 ,
24.10000 ,196.00000 ,
28.10000 ,196.00000 ,
32.10000 ,196.00000 ,
36.10000 ,196.00000 ,
0.10000 ,194.00000 ,
4.10000 ,194.00000 ,
8.10000 ,194.00000 ,
12.10000 ,194.00000 ,
16.10000 ,194.00000 ,
20.10000 ,194.00000 ,
24.10000 ,194.00000 ,
28.10000 ,194.00000 ,
32.10000 ,194.00000 ,
36.10000 ,194.00000 ,
0.10000 ,192.00000 ,
4.10000 ,192.00000 ,
8.10000 ,192.00000 ,
12.10000 ,192.00000 ,
16.10000 ,192.00000 ,
20.10000 ,192.00000 ,
24.10000 ,192.00000 ,
28.10000 ,192.00000 ,
32.10000 ,192.00000 ,
36.10000 ,192.00000 ,
0.10000 ,190.00000 ,
4.10000 ,190.00000 ,
8.10000 ,190.00000 ,
12.10000 ,190.00000 ,
16.10000 ,190.00000 ,
20.10000 ,190.00000 ,
24.10000 ,190.00000 ,
28.10000 ,190.00000 ,
32.10000 ,190.00000 ,
36.10000 ,190.00000 ,
0.10000 ,185.00000 ,
4.10000 ,185.00000 ,
8.10000 ,185.00000 ,
12.10000 ,185.00000 ,
16.10000 ,185.00000 ,
20.10000 ,185.00000 ,
24.10000 ,185.00000 ,
28.10000 ,185.00000 ,
32.10000 ,185.00000 ,
36.10000 ,185.00000 ,
0.10000 ,180.00000 ,
4.10000 ,180.00000 ,
8.10000 ,180.00000 ,
12.10000 ,180.00000 ,
16.10000 ,180.00000 ,
20.10000 ,180.00000 ,
24.10000 ,180.00000 ,
28.10000 ,180.00000 ,
32.10000 ,180.00000 ,
36.10000 ,180.00000 ,
0.10000 ,175.00000 ,
4.10000 ,175.00000 ,
8.10000 ,175.00000 ,
12.10000 ,175.00000 ,
16.10000 ,175.00000 ,
20.10000 ,175.00000 ,
24.10000 ,175.00000 ,
28.10000 ,175.00000 ,
32.10000 ,175.00000 ,
36.10000 ,175.00000 ,
0.10000 ,170.00000 ,
4.10000 ,170.00000 ,
8.10000 ,170.00000 ,
12.10000 ,170.00000 ,
16.10000 ,170.00000 ,
20.10000 ,170.00000 ,
24.10000 ,170.00000 ,
28.10000 ,170.00000 ,
32.10000 ,170.00000 ,
36.10000 ,170.00000 ,
0.10000 ,165.00000 ,
4.10000 ,165.00000 ,
8.10000 ,165.00000 ,
12.10000 ,165.00000 ,
16.10000 ,165.00000 ,
20.10000 ,165.00000 ,
24.10000 ,165.00000 ,
28.10000 ,165.00000 ,
32.10000 ,165.00000 ,
36.10000 ,165.00000 ,
0.10000 ,160.00000 ,
4.10000 ,160.00000 ,
8.10000 ,160.00000 ,
12.10000 ,160.00000 ,
16.10000 ,160.00000 ,
20.10000 ,160.00000 ,
24.10000 ,160.00000 ,
28.10000 ,160.00000 ,
32.10000 ,160.00000 ,
36.10000 ,160.00000 ,
0.10000 ,155.00000 ,
4.10000 ,155.00000 ,
8.10000 ,155.00000 ,
12.10000 ,155.00000 ,
16.10000 ,155.00000 ,
20.10000 ,155.00000 ,
24.10000 ,155.00000 ,
28.10000 ,155.00000 ,
32.10000 ,155.00000 ,
36.10000 ,155.00000 ,
0.10000 ,150.00000 ,
4.10000 ,150.00000 ,
8.10000 ,150.00000 ,
12.10000 ,150.00000 ,
16.10000 ,150.00000 ,
20.10000 ,150.00000 ,
24.10000 ,150.00000 ,
28.10000 ,150.00000 ,
32.10000 ,150.00000 ,
36.10000 ,150.00000 ,
0.10000 ,145.00000 ,
4.10000 ,145.00000 ,
8.10000 ,145.00000 ,
12.10000 ,145.00000 ,
16.10000 ,145.00000 ,
20.10000 ,145.00000 ,
24.10000 ,145.00000 ,
28.10000 ,145.00000 ,
32.10000 ,145.00000 ,
36.10000 ,145.00000 ,
0.10000 ,140.00000 ,
4.10000 ,140.00000 ,
8.10000 ,140.00000 ,
12.10000 ,140.00000 ,
16.10000 ,140.00000 ,
20.10000 ,140.00000 ,
24.10000 ,140.00000 ,
28.10000 ,140.00000 ,
32.10000 ,140.00000 ,
36.10000 ,140.00000 ,
0.10000 ,135.00000 ,
4.10000 ,135.00000 ,
8.10000 ,135.00000 ,
12.10000 ,135.00000 ,
16.10000 ,135.00000 ,
20.10000 ,135.00000 ,
24.10000 ,135.00000 ,
28.10000 ,135.00000 ,
32.10000 ,135.00000 ,
36.10000 ,135.00000 ,
0.10000 ,130.00000 ,
4.10000 ,130.00000 ,
8.10000 ,130.00000 ,
12.10000 ,130.00000 ,
16.10000 ,130.00000 ,
20.10000 ,130.00000 ,
24.10000 ,130.00000 ,
28.10000 ,130.00000 ,
32.10000 ,130.00000 ,
36.10000 ,130.00000 ,
0.10000 ,125.00000 ,
4.10000 ,125.00000 ,
8.10000 ,125.00000 ,
12.10000 ,125.00000 ,
16.10000 ,125.00000 ,
20.10000 ,125.00000 ,
24.10000 ,125.00000 ,
28.10000 ,125.00000 ,
32.10000 ,125.00000 ,
36.10000 ,125.00000 ,
0.10000 ,120.00000 ,
4.10000 ,120.00000 ,
8.10000 ,120.00000 ,
12.10000 ,120.00000 ,
16.10000 ,120.00000 ,
20.10000 ,120.00000 ,
24.10000 ,120.00000 ,
28.10000 ,120.00000 ,
32.10000 ,120.00000 ,
36.10000 ,120.00000 ,
0.10000 ,115.00000 ,
4.10000 ,115.00000 ,
8.10000 ,115.00000 ,
12.10000 ,115.00000 ,
16.10000 ,115.00000 ,
20.10000 ,115.00000 ,
24.10000 ,115.00000 ,
28.10000 ,115.00000 ,
32.10000 ,115.00000 ,
36.10000 ,115.00000 ,
0.10000 ,110.00000 ,
4.10000 ,110.00000 ,
8.10000 ,110.00000 ,
12.10000 ,110.00000 ,
16.10000 ,110.00000 ,
20.10000 ,110.00000 ,
24.10000 ,110.00000 ,
28.10000 ,110.00000 ,
32.10000 ,110.00000 ,
36.10000 ,110.00000 ,
0.10000 ,105.00000 ,
4.10000 ,105.00000 ,
8.10000 ,105.00000 ,
12.10000 ,105.00000 ,
16.10000 ,105.00000 ,
20.10000 ,105.00000 ,
24.10000 ,105.00000 ,
28.10000 ,105.00000 ,
32.10000 ,105.00000 ,
36.10000 ,105.00000 ,
0.10000 ,100.00000 ,
4.10000 ,100.00000 ,
8.10000 ,100.00000 ,
12.10000 ,100.00000 ,
16.10000 ,100.00000 ,
20.10000 ,100.00000 ,
24.10000 ,100.00000 ,
28.10000 ,100.00000 ,
32.10000 ,100.00000 ,
36.10000 ,100.00000 ,
80.10000 ,0.00000 ,
84.10000 ,0.00000 ,
88.10000 ,0.00000 ,
92.10000 ,0.00000 ,
96.10000 ,0.00000 ,
100.10000 ,0.00000 ,
80.10000 ,2.00000 ,
84.10000 ,2.00000 ,
88.10000 ,2.00000 ,
92.10000 ,2.00000 ,
96.10000 ,2.00000 ,
100.10000 ,2.00000 ,
80.10000 ,4.00000 ,
84.10000 ,4.00000 ,
88.10000 ,4.00000 ,
92.10000 ,4.00000 ,
96.10000 ,4.00000 ,
100.10000 ,4.00000 ,
80.10000 ,6.00000 ,
84.10000 ,6.00000 ,
88.10000 ,6.00000 ,
92.10000 ,6.00000 ,
96.10000 ,6.00000 ,
100.10000 ,6.00000 ,
80.10000 ,8.00000 ,
84.10000 ,8.00000 ,
88.10000 ,8.00000 ,
92.10000 ,8.00000 ,
96.10000 ,8.00000 ,
100.10000 ,8.00000 ,
80.10000 ,10.00000 ,
84.10000 ,10.00000 ,
88.10000 ,10.00000 ,
92.10000 ,10.00000 ,
96.10000 ,10.00000 ,
100.10000 ,10.00000 ,
80.10000 ,15.00000 ,
84.10000 ,15.00000 ,
88.10000 ,15.00000 ,
92.10000 ,15.00000 ,
96.10000 ,15.00000 ,
100.10000 ,15.00000 ,
80.10000 ,20.00000 ,
84.10000 ,20.00000 ,
88.10000 ,20.00000 ,
92.10000 ,20.00000 ,
96.10000 ,20.00000 ,
100.10000 ,20.00000 ,
80.10000 ,25.00000 ,
84.10000 ,25.00000 ,
88.10000 ,25.00000 ,
92.10000 ,25.00000 ,
96.10000 ,25.00000 ,
100.10000 ,25.00000 ,
80.10000 ,30.00000 ,
84.10000 ,30.00000 ,
88.10000 ,30.00000 ,
92.10000 ,30.00000 ,
96.10000 ,30.00000 ,
100.10000 ,30.00000 ,
80.10000 ,35.00000 ,
84.10000 ,35.00000 ,
88.10000 ,35.00000 ,
92.10000 ,35.00000 ,
96.10000 ,35.00000 ,
100.10000 ,35.00000 ,
80.10000 ,40.00000 ,
84.10000 ,40.00000 ,
88.10000 ,40.00000 ,
92.10000 ,40.00000 ,
96.10000 ,40.00000 ,
100.10000 ,40.00000 ,
80.10000 ,45.00000 ,
84.10000 ,45.00000 ,
88.10000 ,45.00000 ,
92.10000 ,45.00000 ,
96.10000 ,45.00000 ,
100.10000 ,45.00000 ,
80.10000 ,50.00000 ,
84.10000 ,50.00000 ,
88.10000 ,50.00000 ,
92.10000 ,50.00000 ,
96.10000 ,50.00000 ,
100.10000 ,50.00000 ,
80.10000 ,55.00000 ,
84.10000 ,55.00000 ,
88.10000 ,55.00000 ,
92.10000 ,55.00000 ,
96.10000 ,55.00000 ,
100.10000 ,55.00000 ,
80.10000 ,60.00000 ,
84.10000 ,60.00000 ,
88.10000 ,60.00000 ,
92.10000 ,60.00000 ,
96.10000 ,60.00000 ,
100.10000 ,60.00000 ,
80.10000 ,65.00000 ,
84.10000 ,65.00000 ,
88.10000 ,65.00000 ,
92.10000 ,65.00000 ,
96.10000 ,65.00000 ,
100.10000 ,65.00000 ,
80.10000 ,70.00000 ,
84.10000 ,70.00000 ,
88.10000 ,70.00000 ,
92.10000 ,70.00000 ,
96.10000 ,70.00000 ,
100.10000 ,70.00000 ,
80.10000 ,75.00000 ,
84.10000 ,75.00000 ,
88.10000 ,75.00000 ,
92.10000 ,75.00000 ,
96.10000 ,75.00000 ,
100.10000 ,75.00000 ,
80.10000 ,80.00000 ,
84.10000 ,80.00000 ,
88.10000 ,80.00000 ,
92.10000 ,80.00000 ,
96.10000 ,80.00000 ,
100.10000 ,80.00000 ,
80.10000 ,85.00000 ,
84.10000 ,85.00000 ,
88.10000 ,85.00000 ,
92.10000 ,85.00000 ,
96.10000 ,85.00000 ,
100.10000 ,85.00000 ,
80.10000 ,90.00000 ,
84.10000 ,90.00000 ,
88.10000 ,90.00000 ,
92.10000 ,90.00000 ,
96.10000 ,90.00000 ,
100.10000 ,90.00000 ,
80.10000 ,95.00000 ,
84.10000 ,95.00000 ,
88.10000 ,95.00000 ,
92.10000 ,95.00000 ,
96.10000 ,95.00000 ,
100.10000 ,95.00000 ,
40.10000 ,0.00000 ,
44.10000 ,0.00000 ,
48.10000 ,0.00000 ,
52.10000 ,0.00000 ,
56.10000 ,0.00000 ,
60.10000 ,0.00000 ,
64.10000 ,0.00000 ,
68.10000 ,0.00000 ,
72.10000 ,0.00000 ,
76.10000 ,0.00000 ,
40.10000 ,2.00000 ,
44.10000 ,2.00000 ,
48.10000 ,2.00000 ,
52.10000 ,2.00000 ,
56.10000 ,2.00000 ,
60.10000 ,2.00000 ,
64.10000 ,2.00000 ,
68.10000 ,2.00000 ,
72.10000 ,2.00000 ,
76.10000 ,2.00000 ,
40.10000 ,4.00000 ,
44.10000 ,4.00000 ,
48.10000 ,4.00000 ,
52.10000 ,4.00000 ,
56.10000 ,4.00000 ,
60.10000 ,4.00000 ,
64.10000 ,4.00000 ,
68.10000 ,4.00000 ,
72.10000 ,4.00000 ,
76.10000 ,4.00000 ,
40.10000 ,6.00000 ,
44.10000 ,6.00000 ,
48.10000 ,6.00000 ,
52.10000 ,6.00000 ,
56.10000 ,6.00000 ,
60.10000 ,6.00000 ,
64.10000 ,6.00000 ,
68.10000 ,6.00000 ,
72.10000 ,6.00000 ,
76.10000 ,6.00000 ,
40.10000 ,8.00000 ,
44.10000 ,8.00000 ,
48.10000 ,8.00000 ,
52.10000 ,8.00000 ,
56.10000 ,8.00000 ,
60.10000 ,8.00000 ,
64.10000 ,8.00000 ,
68.10000 ,8.00000 ,
72.10000 ,8.00000 ,
76.10000 ,8.00000 ,
40.10000 ,10.00000 ,
44.10000 ,10.00000 ,
48.10000 ,10.00000 ,
52.10000 ,10.00000 ,
56.10000 ,10.00000 ,
60.10000 ,10.00000 ,
64.10000 ,10.00000 ,
68.10000 ,10.00000 ,
72.10000 ,10.00000 ,
76.10000 ,10.00000 ,
40.10000 ,15.00000 ,
44.10000 ,15.00000 ,
48.10000 ,15.00000 ,
52.10000 ,15.00000 ,
56.10000 ,15.00000 ,
60.10000 ,15.00000 ,
64.10000 ,15.00000 ,
68.10000 ,15.00000 ,
72.10000 ,15.00000 ,
76.10000 ,15.00000 ,
40.10000 ,20.00000 ,
44.10000 ,20.00000 ,
48.10000 ,20.00000 ,
52.10000 ,20.00000 ,
56.10000 ,20.00000 ,
60.10000 ,20.00000 ,
64.10000 ,20.00000 ,
68.10000 ,20.00000 ,
72.10000 ,20.00000 ,
76.10000 ,20.00000 ,
40.10000 ,25.00000 ,
44.10000 ,25.00000 ,
48.10000 ,25.00000 ,
52.10000 ,25.00000 ,
56.10000 ,25.00000 ,
60.10000 ,25.00000 ,
64.10000 ,25.00000 ,
68.10000 ,25.00000 ,
72.10000 ,25.00000 ,
76.10000 ,25.00000 ,
40.10000 ,30.00000 ,
44.10000 ,30.00000 ,
48.10000 ,30.00000 ,
52.10000 ,30.00000 ,
56.10000 ,30.00000 ,
60.10000 ,30.00000 ,
64.10000 ,30.00000 ,
68.10000 ,30.00000 ,
72.10000 ,30.00000 ,
76.10000 ,30.00000 ,
40.10000 ,35.00000 ,
44.10000 ,35.00000 ,
48.10000 ,35.00000 ,
52.10000 ,35.00000 ,
56.10000 ,35.00000 ,
60.10000 ,35.00000 ,
64.10000 ,35.00000 ,
68.10000 ,35.00000 ,
72.10000 ,35.00000 ,
76.10000 ,35.00000 ,
40.10000 ,40.00000 ,
44.10000 ,40.00000 ,
48.10000 ,40.00000 ,
52.10000 ,40.00000 ,
56.10000 ,40.00000 ,
60.10000 ,40.00000 ,
64.10000 ,40.00000 ,
68.10000 ,40.00000 ,
72.10000 ,40.00000 ,
76.10000 ,40.00000 ,
40.10000 ,45.00000 ,
44.10000 ,45.00000 ,
48.10000 ,45.00000 ,
52.10000 ,45.00000 ,
56.10000 ,45.00000 ,
60.10000 ,45.00000 ,
64.10000 ,45.00000 ,
68.10000 ,45.00000 ,
72.10000 ,45.00000 ,
76.10000 ,45.00000 ,
40.10000 ,50.00000 ,
44.10000 ,50.00000 ,
48.10000 ,50.00000 ,
52.10000 ,50.00000 ,
56.10000 ,50.00000 ,
60.10000 ,50.00000 ,
64.10000 ,50.00000 ,
68.10000 ,50.00000 ,
72.10000 ,50.00000 ,
76.10000 ,50.00000 ,
40.10000 ,55.00000 ,
44.10000 ,55.00000 ,
48.10000 ,55.00000 ,
52.10000 ,55.00000 ,
56.10000 ,55.00000 ,
60.10000 ,55.00000 ,
64.10000 ,55.00000 ,
68.10000 ,55.00000 ,
72.10000 ,55.00000 ,
76.10000 ,55.00000 ,
40.10000 ,60.00000 ,
44.10000 ,60.00000 ,
48.10000 ,60.00000 ,
52.10000 ,60.00000 ,
56.10000 ,60.00000 ,
60.10000 ,60.00000 ,
64.10000 ,60.00000 ,
68.10000 ,60.00000 ,
72.10000 ,60.00000 ,
76.10000 ,60.00000 ,
40.10000 ,65.00000 ,
44.10000 ,65.00000 ,
48.10000 ,65.00000 ,
52.10000 ,65.00000 ,
56.10000 ,65.00000 ,
60.10000 ,65.00000 ,
64.10000 ,65.00000 ,
68.10000 ,65.00000 ,
72.10000 ,65.00000 ,
76.10000 ,65.00000 ,
40.10000 ,70.00000 ,
44.10000 ,70.00000 ,
48.10000 ,70.00000 ,
52.10000 ,70.00000 ,
56.10000 ,70.00000 ,
60.10000 ,70.00000 ,
64.10000 ,70.00000 ,
68.10000 ,70.00000 ,
72.10000 ,70.00000 ,
76.10000 ,70.00000 ,
40.10000 ,75.00000 ,
44.10000 ,75.00000 ,
48.10000 ,75.00000 ,
52.10000 ,75.00000 ,
56.10000 ,75.00000 ,
60.10000 ,75.00000 ,
64.10000 ,75.00000 ,
68.10000 ,75.00000 ,
72.10000 ,75.00000 ,
76.10000 ,75.00000 ,
40.10000 ,80.00000 ,
44.10000 ,80.00000 ,
48.10000 ,80.00000 ,
52.10000 ,80.00000 ,
56.10000 ,80.00000 ,
60.10000 ,80.00000 ,
64.10000 ,80.00000 ,
68.10000 ,80.00000 ,
72.10000 ,80.00000 ,
76.10000 ,80.00000 ,
40.10000 ,85.00000 ,
44.10000 ,85.00000 ,
48.10000 ,85.00000 ,
52.10000 ,85.00000 ,
56.10000 ,85.00000 ,
60.10000 ,85.00000 ,
64.10000 ,85.00000 ,
68.10000 ,85.00000 ,
72.10000 ,85.00000 ,
76.10000 ,85.00000 ,
40.10000 ,90.00000 ,
44.10000 ,90.00000 ,
48.10000 ,90.00000 ,
52.10000 ,90.00000 ,
56.10000 ,90.00000 ,
60.10000 ,90.00000 ,
64.10000 ,90.00000 ,
68.10000 ,90.00000 ,
72.10000 ,90.00000 ,
76.10000 ,90.00000 ,
40.10000 ,95.00000 ,
44.10000 ,95.00000 ,
48.10000 ,95.00000 ,
52.10000 ,95.00000 ,
56.10000 ,95.00000 ,
60.10000 ,95.00000 ,
64.10000 ,95.00000 ,
68.10000 ,95.00000 ,
72.10000 ,95.00000 ,
76.10000 ,95.00000 ,
0.10000 ,0.00000 ,
4.10000 ,0.00000 ,
8.10000 ,0.00000 ,
12.10000 ,0.00000 ,
16.10000 ,0.00000 ,
20.10000 ,0.00000 ,
24.10000 ,0.00000 ,
28.10000 ,0.00000 ,
32.10000 ,0.00000 ,
36.10000 ,0.00000 ,
0.10000 ,2.00000 ,
4.10000 ,2.00000 ,
8.10000 ,2.00000 ,
12.10000 ,2.00000 ,
16.10000 ,2.00000 ,
20.10000 ,2.00000 ,
24.10000 ,2.00000 ,
28.10000 ,2.00000 ,
32.10000 ,2.00000 ,
36.10000 ,2.00000 ,
0.10000 ,4.00000 ,
4.10000 ,4.00000 ,
8.10000 ,4.00000 ,
12.10000 ,4.00000 ,
16.10000 ,4.00000 ,
20.10000 ,4.00000 ,
24.10000 ,4.00000 ,
28.10000 ,4.00000 ,
32.10000 ,4.00000 ,
36.10000 ,4.00000 ,
0.10000 ,6.00000 ,
4.10000 ,6.00000 ,
8.10000 ,6.00000 ,
12.10000 ,6.00000 ,
16.10000 ,6.00000 ,
20.10000 ,6.00000 ,
24.10000 ,6.00000 ,
28.10000 ,6.00000 ,
32.10000 ,6.00000 ,
36.10000 ,6.00000 ,
0.10000 ,8.00000 ,
4.10000 ,8.00000 ,
8.10000 ,8.00000 ,
12.10000 ,8.00000 ,
16.10000 ,8.00000 ,
20.10000 ,8.00000 ,
24.10000 ,8.00000 ,
28.10000 ,8.00000 ,
32.10000 ,8.00000 ,
36.10000 ,8.00000 ,
0.10000 ,10.00000 ,
4.10000 ,10.00000 ,
8.10000 ,10.00000 ,
12.10000 ,10.00000 ,
16.10000 ,10.00000 ,
20.10000 ,10.00000 ,
24.10000 ,10.00000 ,
28.10000 ,10.00000 ,
32.10000 ,10.00000 ,
36.10000 ,10.00000 ,
0.10000 ,15.00000 ,
4.10000 ,15.00000 ,
8.10000 ,15.00000 ,
12.10000 ,15.00000 ,
16.10000 ,15.00000 ,
20.10000 ,15.00000 ,
24.10000 ,15.00000 ,
28.10000 ,15.00000 ,
32.10000 ,15.00000 ,
36.10000 ,15.00000 ,
0.10000 ,20.00000 ,
4.10000 ,20.00000 ,
8.10000 ,20.00000 ,
12.10000 ,20.00000 ,
16.10000 ,20.00000 ,
20.10000 ,20.00000 ,
24.10000 ,20.00000 ,
28.10000 ,20.00000 ,
32.10000 ,20.00000 ,
36.10000 ,20.00000 ,
0.10000 ,25.00000 ,
4.10000 ,25.00000 ,
8.10000 ,25.00000 ,
12.10000 ,25.00000 ,
16.10000 ,25.00000 ,
20.10000 ,25.00000 ,
24.10000 ,25.00000 ,
28.10000 ,25.00000 ,
32.10000 ,25.00000 ,
36.10000 ,25.00000 ,
0.10000 ,30.00000 ,
4.10000 ,30.00000 ,
8.10000 ,30.00000 ,
12.10000 ,30.00000 ,
16.10000 ,30.00000 ,
20.10000 ,30.00000 ,
24.10000 ,30.00000 ,
28.10000 ,30.00000 ,
32.10000 ,30.00000 ,
36.10000 ,30.00000 ,
0.10000 ,35.00000 ,
4.10000 ,35.00000 ,
8.10000 ,35.00000 ,
12.10000 ,35.00000 ,
16.10000 ,35.00000 ,
20.10000 ,35.00000 ,
24.10000 ,35.00000 ,
28.10000 ,35.00000 ,
32.10000 ,35.00000 ,
36.10000 ,35.00000 ,
0.10000 ,40.00000 ,
4.10000 ,40.00000 ,
8.10000 ,40.00000 ,
12.10000 ,40.00000 ,
16.10000 ,40.00000 ,
20.10000 ,40.00000 ,
24.10000 ,40.00000 ,
28.10000 ,40.00000 ,
32.10000 ,40.00000 ,
36.10000 ,40.00000 ,
0.10000 ,45.00000 ,
4.10000 ,45.00000 ,
8.10000 ,45.00000 ,
12.10000 ,45.00000 ,
16.10000 ,45.00000 ,
20.10000 ,45.00000 ,
24.10000 ,45.00000 ,
28.10000 ,45.00000 ,
32.10000 ,45.00000 ,
36.10000 ,45.00000 ,
0.10000 ,50.00000 ,
4.10000 ,50.00000 ,
8.10000 ,50.00000 ,
12.10000 ,50.00000 ,
16.10000 ,50.00000 ,
20.10000 ,50.00000 ,
24.10000 ,50.00000 ,
28.10000 ,50.00000 ,
32.10000 ,50.00000 ,
36.10000 ,50.00000 ,
0.10000 ,55.00000 ,
4.10000 ,55.00000 ,
8.10000 ,55.00000 ,
12.10000 ,55.00000 ,
16.10000 ,55.00000 ,
20.10000 ,55.00000 ,
24.10000 ,55.00000 ,
28.10000 ,55.00000 ,
32.10000 ,55.00000 ,
36.10000 ,55.00000 ,
0.10000 ,60.00000 ,
4.10000 ,60.00000 ,
8.10000 ,60.00000 ,
12.10000 ,60.00000 ,
16.10000 ,60.00000 ,
20.10000 ,60.00000 ,
24.10000 ,60.00000 ,
28.10000 ,60.00000 ,
32.10000 ,60.00000 ,
36.10000 ,60.00000 ,
0.10000 ,65.00000 ,
4.10000 ,65.00000 ,
8.10000 ,65.00000 ,
12.10000 ,65.00000 ,
16.10000 ,65.00000 ,
20.10000 ,65.00000 ,
24.10000 ,65.00000 ,
28.10000 ,65.00000 ,
32.10000 ,65.00000 ,
36.10000 ,65.00000 ,
0.10000 ,70.00000 ,
4.10000 ,70.00000 ,
8.10000 ,70.00000 ,
12.10000 ,70.00000 ,
16.10000 ,70.00000 ,
20.10000 ,70.00000 ,
24.10000 ,70.00000 ,
28.10000 ,70.00000 ,
32.10000 ,70.00000 ,
36.10000 ,70.00000 ,
0.10000 ,75.00000 ,
4.10000 ,75.00000 ,
8.10000 ,75.00000 ,
12.10000 ,75.00000 ,
16.10000 ,75.00000 ,
20.10000 ,75.00000 ,
24.10000 ,75.00000 ,
28.10000 ,75.00000 ,
32.10000 ,75.00000 ,
36.10000 ,75.00000 ,
0.10000 ,80.00000 ,
4.10000 ,80.00000 ,
8.10000 ,80.00000 ,
12.10000 ,80.00000 ,
16.10000 ,80.00000 ,
20.10000 ,80.00000 ,
24.10000 ,80.00000 ,
28.10000 ,80.00000 ,
32.10000 ,80.00000 ,
36.10000 ,80.00000 ,
0.10000 ,85.00000 ,
4.10000 ,85.00000 ,
8.10000 ,85.00000 ,
12.10000 ,85.00000 ,
16.10000 ,85.00000 ,
20.10000 ,85.00000 ,
24.10000 ,85.00000 ,
28.10000 ,85.00000 ,
32.10000 ,85.00000 ,
36.10000 ,85.00000 ,
0.10000 ,90.00000 ,
4.10000 ,90.00000 ,
8.10000 ,90.00000 ,
12.10000 ,90.00000 ,
16.10000 ,90.00000 ,
20.10000 ,90.00000 ,
24.10000 ,90.00000 ,
28.10000 ,90.00000 ,
32.10000 ,90.00000 ,
36.10000 ,90.00000 ,
0.10000 ,95.00000 ,
4.10000 ,95.00000 ,
8.10000 ,95.00000 ,
12.10000 ,95.00000 ,
16.10000 ,95.00000 ,
20.10000 ,95.00000 ,
24.10000 ,95.00000 ,
28.10000 ,95.00000 ,
32.10000 ,95.00000 ,
36.10000 ,95.00000 ,
1,339,block2
340,1489,block2
