nodal
2
1589
1	0.000000E+00	-1.524320E-07	
2	8.162411E-13	-1.523837E-07	
3	5.524583E-11	-1.522438E-07	
4	7.519507E-11	-1.520189E-07	
5	5.258413E-11	-1.517125E-07	
6	-2.962889E-11	-1.513283E-07	
7	-1.965146E-10	-1.508691E-07	
8	-4.933464E-10	-1.503446E-07	
9	-9.788002E-10	-1.497519E-07	
10	-1.914293E-09	-1.491857E-07	
11	-3.908701E-09	-1.485293E-07	
12	-3.326191E-09	-1.543562E-07	
13	-2.176969E-09	-1.567803E-07	
14	0.000000E+00	-1.530888E-07	
15	7.934154E-14	-1.530441E-07	
16	2.373785E-11	-1.529037E-07	
17	3.125478E-11	-1.526720E-07	
18	3.714447E-12	-1.523609E-07	
19	-7.332031E-11	-1.519741E-07	
20	-2.197835E-10	-1.515179E-07	
21	-4.630623E-10	-1.509999E-07	
22	-8.440120E-10	-1.504625E-07	
23	-1.457202E-09	-1.498468E-07	
24	-9.958028E-10	-1.508888E-07	
25	-7.961933E-10	-1.543675E-07	
26	-1.845884E-09	-1.573797E-07	
27	-9.403595E-10	-1.585768E-07	
28	0.000000E+00	-1.537539E-07	
29	1.648181E-13	-1.537069E-07	
30	1.314432E-11	-1.535636E-07	
31	1.501227E-11	-1.533296E-07	
32	-5.239450E-12	-1.530171E-07	
33	-5.821089E-11	-1.526336E-07	
34	-1.527352E-10	-1.521880E-07	
35	-2.907134E-10	-1.517048E-07	
36	-4.661850E-10	-1.512151E-07	
37	-3.429808E-10	-1.510227E-07	
38	4.574591E-10	-1.526163E-07	
39	8.087965E-10	-1.547948E-07	
40	7.965042E-10	-1.569558E-07	
41	-8.597734E-11	-1.594321E-07	
42	6.258550E-10	-1.599246E-07	
43	0.000000E+00	-1.544263E-07	
44	1.243807E-13	-1.543757E-07	
45	1.290276E-11	-1.542283E-07	
46	1.996421E-11	-1.539946E-07	
47	1.803672E-11	-1.536860E-07	
48	4.751211E-12	-1.533132E-07	
49	-1.457501E-11	-1.528934E-07	
50	-1.989528E-11	-1.524603E-07	
51	9.199494E-11	-1.521185E-07	
52	5.771223E-10	-1.522819E-07	
53	1.442768E-09	-1.539301E-07	
54	1.807562E-09	-1.555085E-07	
55	1.952367E-09	-1.571674E-07	
56	1.961239E-09	-1.586543E-07	
57	1.608602E-09	-1.604533E-07	
58	1.845713E-09	-1.605212E-07	
59	0.000000E+00	-1.551058E-07	
60	1.641135E-13	-1.550517E-07	
61	1.915084E-11	-1.549010E-07	
62	3.994290E-11	-1.546702E-07	
63	6.565779E-11	-1.543709E-07	
64	1.030053E-10	-1.540180E-07	
65	1.697573E-10	-1.536365E-07	
66	3.128156E-10	-1.532814E-07	
67	6.433118E-10	-1.531051E-07	
68	1.298388E-09	-1.534930E-07	
69	2.157265E-09	-1.550350E-07	
70	2.519769E-09	-1.562600E-07	
71	2.738224E-09	-1.575810E-07	
72	2.835836E-09	-1.588134E-07	
73	2.867306E-09	-1.598825E-07	
74	2.815875E-09	-1.607280E-07	
75	0.000000E+00	-1.557928E-07	
76	2.019961E-13	-1.557360E-07	
77	2.958646E-11	-1.555837E-07	
78	7.019325E-11	-1.553589E-07	
79	1.299185E-10	-1.550742E-07	
80	2.229462E-10	-1.547493E-07	
81	3.782849E-10	-1.544183E-07	
82	6.530819E-10	-1.541539E-07	
83	1.132825E-09	-1.541203E-07	
84	1.861027E-09	-1.546295E-07	
85	2.685186E-09	-1.560191E-07	
86	3.038817E-09	-1.570101E-07	
87	3.296492E-09	-1.580760E-07	
88	3.461127E-09	-1.590994E-07	
89	3.553535E-09	-1.600007E-07	
90	3.592551E-09	-1.607084E-07	
91	0.000000E+00	-1.575440E-07	
92	4.154641E-13	-1.574862E-07	
93	6.884585E-11	-1.573411E-07	
94	1.728323E-10	-1.571439E-07	
95	3.271696E-10	-1.569132E-07	
96	5.534190E-10	-1.566779E-07	
97	8.823273E-10	-1.564866E-07	
98	1.350693E-09	-1.564212E-07	
99	1.981947E-09	-1.566065E-07	
100	2.744097E-09	-1.571836E-07	
101	3.515556E-09	-1.582023E-07	
102	3.857862E-09	-1.588252E-07	
103	4.144666E-09	-1.594725E-07	
104	4.369995E-09	-1.600908E-07	
105	4.536050E-09	-1.606197E-07	
106	4.651419E-09	-1.609982E-07	
107	0.000000E+00	-1.593437E-07	
108	6.477860E-13	-1.592918E-07	
109	1.102975E-10	-1.591674E-07	
110	2.755372E-10	-1.590113E-07	
111	5.104296E-10	-1.588463E-07	
112	8.322778E-10	-1.587045E-07	
113	1.259368E-09	-1.586324E-07	
114	1.803282E-09	-1.586918E-07	
115	2.454620E-09	-1.589516E-07	
116	3.167941E-09	-1.594568E-07	
117	3.864047E-09	-1.601801E-07	
118	4.181219E-09	-1.605822E-07	
119	4.465296E-09	-1.609796E-07	
120	4.712706E-09	-1.613401E-07	
121	4.925427E-09	-1.616279E-07	
122	5.112068E-09	-1.618059E-07	
123	0.000000E+00	-1.611878E-07	
124	8.643721E-13	-1.611461E-07	
125	1.456064E-10	-1.610501E-07	
126	3.580893E-10	-1.609390E-07	
127	6.479137E-10	-1.608360E-07	
128	1.024174E-09	-1.607702E-07	
129	1.492530E-09	-1.607767E-07	
130	2.049285E-09	-1.608938E-07	
131	2.674799E-09	-1.611513E-07	
132	3.330974E-09	-1.615533E-07	
133	3.968398E-09	-1.620571E-07	
134	4.266833E-09	-1.623162E-07	
135	4.545829E-09	-1.625596E-07	
136	4.804914E-09	-1.627678E-07	
137	5.046925E-09	-1.629206E-07	
138	5.278501E-09	-1.629985E-07	
139	0.000000E+00	-1.630687E-07	
140	1.038601E-12	-1.630385E-07	
141	1.717917E-10	-1.629718E-07	
142	4.155607E-10	-1.629018E-07	
143	7.367706E-10	-1.628488E-07	
144	1.137301E-09	-1.628353E-07	
145	1.614637E-09	-1.628846E-07	
146	2.158680E-09	-1.630168E-07	
147	2.749691E-09	-1.632410E-07	
148	3.359575E-09	-1.635460E-07	
149	3.958155E-09	-1.638921E-07	
150	4.246261E-09	-1.640585E-07	
151	4.524586E-09	-1.642074E-07	
152	4.793837E-09	-1.643275E-07	
153	5.056732E-09	-1.644075E-07	
154	5.318081E-09	-1.644374E-07	
155	0.000000E+00	-1.649771E-07	
156	1.165544E-12	-1.649576E-07	
157	1.891749E-10	-1.649167E-07	
158	4.509939E-10	-1.648799E-07	
159	7.867931E-10	-1.648627E-07	
160	1.193652E-09	-1.648808E-07	
161	1.664986E-09	-1.649482E-07	
162	2.189214E-09	-1.650736E-07	
163	2.749676E-09	-1.652564E-07	
164	3.326717E-09	-1.654815E-07	
165	3.902276E-09	-1.657174E-07	
166	4.186058E-09	-1.658242E-07	
167	4.466494E-09	-1.659156E-07	
168	4.744587E-09	-1.659849E-07	
169	5.022478E-09	-1.660258E-07	
170	5.303397E-09	-1.660329E-07	
171	0.000000E+00	-1.669040E-07	
172	1.249416E-12	-1.668932E-07	
173	1.995020E-10	-1.668728E-07	
174	4.700811E-10	-1.668602E-07	
175	8.102360E-10	-1.668664E-07	
176	1.214395E-09	-1.669012E-07	
177	1.674492E-09	-1.669720E-07	
178	2.179610E-09	-1.670814E-07	
179	2.716587E-09	-1.672247E-07	
180	3.271910E-09	-1.673881E-07	
181	3.834802E-09	-1.675482E-07	
182	4.117479E-09	-1.676169E-07	
183	4.400953E-09	-1.676732E-07	
184	4.686150E-09	-1.677131E-07	
185	4.974656E-09	-1.677330E-07	
186	5.268677E-09	-1.677300E-07	
187	0.000000E+00	-1.688415E-07	
188	1.298842E-12	-1.688374E-07	
189	2.047675E-10	-1.688320E-07	
190	4.783025E-10	-1.688359E-07	
191	8.174001E-10	-1.688561E-07	
192	1.215289E-09	-1.688979E-07	
193	1.663765E-09	-1.689645E-07	
194	2.153243E-09	-1.690554E-07	
195	2.673498E-09	-1.691649E-07	
196	3.215121E-09	-1.692818E-07	
197	3.771515E-09	-1.693900E-07	
198	4.054554E-09	-1.694342E-07	
199	4.341004E-09	-1.694689E-07	
200	4.631626E-09	-1.694917E-07	
201	4.927584E-09	-1.695006E-07	
202	5.230402E-09	-1.694940E-07	
203	0.000000E+00	-1.707838E-07	
204	1.322659E-12	-1.707844E-07	
205	2.066560E-10	-1.707894E-07	
206	4.798626E-10	-1.708042E-07	
207	8.155429E-10	-1.708320E-07	
208	1.206575E-09	-1.708752E-07	
209	1.645175E-09	-1.709344E-07	
210	2.123079E-09	-1.710075E-07	
211	2.632186E-09	-1.710893E-07	
212	3.165640E-09	-1.711716E-07	
213	3.719106E-09	-1.712436E-07	
214	4.003065E-09	-1.712717E-07	
215	4.292047E-09	-1.712929E-07	
216	4.586654E-09	-1.713057E-07	
217	4.887747E-09	-1.713091E-07	
218	5.196414E-09	-1.713022E-07	
219	0.000000E+00	-1.727261E-07	
220	1.328073E-12	-1.727301E-07	
221	2.063707E-10	-1.727426E-07	
222	4.775530E-10	-1.727644E-07	
223	8.091683E-10	-1.727963E-07	
224	1.194196E-09	-1.728383E-07	
225	1.625420E-09	-1.728893E-07	
226	2.095603E-09	-1.729466E-07	
227	2.597998E-09	-1.730059E-07	
228	3.127160E-09	-1.730618E-07	
229	3.679831E-09	-1.731078E-07	
230	3.964853E-09	-1.731249E-07	
231	4.255825E-09	-1.731371E-07	
232	4.553221E-09	-1.731438E-07	
233	4.857707E-09	-1.731445E-07	
234	5.170105E-09	-1.731390E-07	
235	0.000000E+00	-1.746653E-07	
236	1.320053E-12	-1.746719E-07	
237	2.046445E-10	-1.746900E-07	
238	4.729560E-10	-1.747170E-07	
239	8.006586E-10	-1.747516E-07	
240	1.181073E-09	-1.747920E-07	
241	1.607518E-09	-1.748356E-07	
242	2.073417E-09	-1.748795E-07	
243	2.572709E-09	-1.749204E-07	
244	3.100501E-09	-1.749551E-07	
245	3.653804E-09	-1.749807E-07	
246	3.939882E-09	-1.749893E-07	
247	4.232322E-09	-1.749949E-07	
248	4.531513E-09	-1.749973E-07	
249	4.838008E-09	-1.749966E-07	
250	5.152503E-09	-1.749929E-07	
251	0.000000E+00	-1.765986E-07	
252	1.301173E-12	-1.766076E-07	
253	2.018138E-10	-1.766309E-07	
254	4.667109E-10	-1.766631E-07	
255	7.908445E-10	-1.767009E-07	
256	1.168044E-09	-1.767407E-07	
257	1.592090E-09	-1.767787E-07	
258	2.056729E-09	-1.768117E-07	
259	2.556009E-09	-1.768369E-07	
260	3.084892E-09	-1.768531E-07	
261	3.640012E-09	-1.768604E-07	
262	3.927125E-09	-1.768612E-07	
263	4.220580E-09	-1.768607E-07	
264	4.520707E-09	-1.768591E-07	
265	4.828020E-09	-1.768569E-07	
266	5.143195E-09	-1.768546E-07	
267	0.000000E+00	-1.785237E-07	
268	1.272824E-12	-1.785353E-07	
269	1.979129E-10	-1.785645E-07	
270	4.587575E-10	-1.786033E-07	
271	7.794362E-10	-1.786464E-07	
272	1.154470E-09	-1.786882E-07	
273	1.578078E-09	-1.787236E-07	
274	2.044062E-09	-1.787481E-07	
275	2.546087E-09	-1.787594E-07	
276	3.078347E-09	-1.787574E-07	
277	3.636475E-09	-1.787454E-07	
278	3.924667E-09	-1.787376E-07	
279	4.218760E-09	-1.787296E-07	
280	4.519035E-09	-1.787226E-07	
281	4.826013E-09	-1.787176E-07	
282	5.140446E-09	-1.787155E-07	
283	0.000000E+00	-1.804382E-07	
284	1.232996E-12	-1.804529E-07	
285	1.927968E-10	-1.804896E-07	
286	4.486169E-10	-1.805377E-07	
287	7.654319E-10	-1.805897E-07	
288	1.138699E-09	-1.806380E-07	
289	1.563142E-09	-1.806747E-07	
290	2.032485E-09	-1.806938E-07	
291	2.539610E-09	-1.806921E-07	
292	3.077328E-09	-1.806705E-07	
293	3.639638E-09	-1.806351E-07	
294	3.928995E-09	-1.806156E-07	
295	4.223396E-09	-1.805971E-07	
296	4.523034E-09	-1.805813E-07	
297	4.828426E-09	-1.805703E-07	
298	5.140479E-09	-1.805661E-07	
299	0.000000E+00	-1.823393E-07	
300	1.188881E-12	-1.823577E-07	
301	1.863697E-10	-1.824041E-07	
302	4.358860E-10	-1.824654E-07	
303	7.478730E-10	-1.825318E-07	
304	1.118819E-09	-1.825924E-07	
305	1.544184E-09	-1.826362E-07	
306	2.017722E-09	-1.826539E-07	
307	2.531357E-09	-1.826399E-07	
308	3.075891E-09	-1.825954E-07	
309	3.642860E-09	-1.825292E-07	
310	3.933197E-09	-1.824934E-07	
311	4.227375E-09	-1.824587E-07	
312	4.525426E-09	-1.824284E-07	
313	4.827826E-09	-1.824058E-07	
314	5.135460E-09	-1.823942E-07	
315	0.000000E+00	-1.842235E-07	
316	1.115875E-12	-1.842464E-07	
317	1.790097E-10	-1.843055E-07	
318	4.215214E-10	-1.843852E-07	
319	7.276919E-10	-1.844726E-07	
320	1.094775E-09	-1.845528E-07	
321	1.518744E-09	-1.846110E-07	
322	1.994510E-09	-1.846333E-07	
323	2.513755E-09	-1.846087E-07	
324	3.064430E-09	-1.845360E-07	
325	3.634261E-09	-1.844276E-07	
326	3.923840E-09	-1.843680E-07	
327	4.215881E-09	-1.843098E-07	
328	4.510623E-09	-1.842567E-07	
329	4.808053E-09	-1.842130E-07	
330	5.108820E-09	-1.841844E-07	
331	0.000000E+00	-1.860866E-07	
332	1.127516E-12	-1.861152E-07	
333	1.731912E-10	-1.861912E-07	
334	4.106370E-10	-1.862967E-07	
335	7.129435E-10	-1.864123E-07	
336	1.073850E-09	-1.865184E-07	
337	1.489594E-09	-1.865982E-07	
338	1.957910E-09	-1.866339E-07	
339	2.475499E-09	-1.866049E-07	
340	3.028481E-09	-1.864973E-07	
341	3.593887E-09	-1.863266E-07	
342	3.877975E-09	-1.862333E-07	
343	4.162297E-09	-1.861411E-07	
344	4.447133E-09	-1.860554E-07	
345	4.735565E-09	-1.859821E-07	
346	5.027815E-09	-1.859236E-07	
347	0.000000E+00	-1.879231E-07	
348	8.482871E-13	-1.879594E-07	
349	1.750279E-10	-1.880649E-07	
350	4.253278E-10	-1.882078E-07	
351	7.304060E-10	-1.883528E-07	
352	1.081818E-09	-1.884852E-07	
353	1.476047E-09	-1.885887E-07	
354	1.913393E-09	-1.886447E-07	
355	2.398070E-09	-1.886280E-07	
356	2.936537E-09	-1.884930E-07	
357	3.494337E-09	-1.882190E-07	
358	3.759423E-09	-1.880663E-07	
359	4.017622E-09	-1.879237E-07	
360	4.284751E-09	-1.878101E-07	
361	4.563646E-09	-1.877147E-07	
362	4.851889E-09	-1.876255E-07	
363	0.000000E+00	-1.897068E-07	
364	2.043237E-12	-1.897939E-07	
365	2.562419E-10	-1.899613E-07	
366	5.373159E-10	-1.901273E-07	
367	8.450444E-10	-1.902939E-07	
368	1.177658E-09	-1.904446E-07	
369	1.532106E-09	-1.905649E-07	
370	1.905772E-09	-1.906371E-07	
371	2.297062E-09	-1.906346E-07	
372	2.713214E-09	-1.905177E-07	
373	3.182262E-09	-1.901073E-07	
374	3.443999E-09	-1.898205E-07	
375	3.722458E-09	-1.896565E-07	
376	4.010560E-09	-1.895373E-07	
377	4.301977E-09	-1.894374E-07	
378	4.594987E-09	-1.893362E-07	
379	-7.284171E-09	-7.300617E-08	
380	-6.952384E-09	-7.045507E-08	
381	-6.711132E-09	-6.807211E-08	
382	-6.564430E-09	-6.578649E-08	
383	-6.501726E-09	-6.352862E-08	
384	-6.488347E-09	-6.125143E-08	
385	-5.940727E-09	-7.293789E-08	
386	-5.706046E-09	-7.040169E-08	
387	-5.528835E-09	-6.803566E-08	
388	-5.414599E-09	-6.576710E-08	
389	-5.359259E-09	-6.352360E-08	
390	-5.345486E-09	-6.125059E-08	
391	-4.582648E-09	-7.289101E-08	
392	-4.435543E-09	-7.036353E-08	
393	-4.317588E-09	-6.800898E-08	
394	-4.237961E-09	-6.575353E-08	
395	-4.199898E-09	-6.352369E-08	
396	-4.194712E-09	-6.125378E-08	
397	-3.226631E-09	-7.286098E-08	
398	-3.157006E-09	-7.033765E-08	
399	-3.092870E-09	-6.799111E-08	
400	-3.047410E-09	-6.574725E-08	
401	-3.029152E-09	-6.353141E-08	
402	-3.036427E-09	-6.126728E-08	
403	-1.887612E-09	-7.284296E-08	
404	-1.884694E-09	-7.032086E-08	
405	-1.867927E-09	-6.798048E-08	
406	-1.853691E-09	-6.574802E-08	
407	-1.854798E-09	-6.354756E-08	
408	-1.876171E-09	-6.129556E-08	
409	-5.786031E-10	-7.283183E-08	
410	-6.310376E-10	-7.030966E-08	
411	-6.542818E-10	-6.797489E-08	
412	-6.668030E-10	-6.575457E-08	
413	-6.849103E-10	-6.357228E-08	
414	-7.226889E-10	-6.134127E-08	
415	2.495136E-09	-7.279422E-08	
416	2.355123E-09	-7.027761E-08	
417	2.265969E-09	-6.796319E-08	
418	2.207609E-09	-6.578280E-08	
419	2.158728E-09	-6.366452E-08	
420	2.095736E-09	-6.152239E-08	
421	5.202524E-09	-7.268962E-08	
422	5.041556E-09	-7.019873E-08	
423	4.934477E-09	-6.792280E-08	
424	4.863275E-09	-6.580325E-08	
425	4.804833E-09	-6.377885E-08	
426	4.726820E-09	-6.178260E-08	
427	7.493891E-09	-7.245633E-08	
428	7.363223E-09	-7.002216E-08	
429	7.276909E-09	-6.781158E-08	
430	7.220586E-09	-6.577943E-08	
431	7.171887E-09	-6.388084E-08	
432	7.097608E-09	-6.207176E-08	
433	9.367245E-09	-7.205446E-08	
434	9.299801E-09	-6.971077E-08	
435	9.260872E-09	-6.759484E-08	
436	9.240130E-09	-6.567685E-08	
437	9.218412E-09	-6.392949E-08	
438	9.165882E-09	-6.233093E-08	
439	1.085048E-08	-7.146505E-08	
440	1.086301E-08	-6.924205E-08	
441	1.088693E-08	-6.724717E-08	
442	1.091568E-08	-6.546542E-08	
443	1.093446E-08	-6.388566E-08	
444	1.091938E-08	-6.250473E-08	
445	1.198712E-08	-7.068502E-08	
446	1.208457E-08	-6.860583E-08	
447	1.217810E-08	-6.675212E-08	
448	1.226441E-08	-6.512162E-08	
449	1.233332E-08	-6.371648E-08	
450	1.236777E-08	-6.254755E-08	
451	1.282657E-08	-6.972138E-08	
452	1.300644E-08	-6.780089E-08	
453	1.317044E-08	-6.610092E-08	
454	1.331786E-08	-6.462907E-08	
455	1.344292E-08	-6.339737E-08	
456	1.353514E-08	-6.242602E-08	
457	1.341808E-08	-6.858637E-08	
458	1.367397E-08	-6.683172E-08	
459	1.390571E-08	-6.529081E-08	
460	1.411466E-08	-6.397817E-08	
461	1.429882E-08	-6.291236E-08	
462	1.445354E-08	-6.211898E-08	
463	1.380753E-08	-6.729424E-08	
464	1.413145E-08	-6.570612E-08	
465	1.442634E-08	-6.432347E-08	
466	1.469515E-08	-6.316513E-08	
467	1.493902E-08	-6.225335E-08	
468	1.515796E-08	-6.161599E-08	
469	1.403578E-08	-6.585934E-08	
470	1.441958E-08	-6.443353E-08	
471	1.477228E-08	-6.320372E-08	
472	1.509805E-08	-6.219091E-08	
473	1.540044E-08	-6.141879E-08	
474	1.568306E-08	-6.091523E-08	
475	1.413813E-08	-6.429516E-08	
476	1.457423E-08	-6.302405E-08	
477	1.497931E-08	-6.193848E-08	
478	1.535844E-08	-6.106004E-08	
479	1.571695E-08	-6.041221E-08	
480	1.606099E-08	-6.002136E-08	
481	1.414435E-08	-6.261399E-08	
482	1.462602E-08	-6.148784E-08	
483	1.507828E-08	-6.053606E-08	
484	1.550685E-08	-5.977966E-08	
485	1.591824E-08	-5.924082E-08	
486	1.632033E-08	-5.894356E-08	
487	1.407900E-08	-6.082689E-08	
488	1.460042E-08	-5.983485E-08	
489	1.509508E-08	-5.900556E-08	
490	1.556905E-08	-5.835865E-08	
491	1.602960E-08	-5.791438E-08	
492	1.648563E-08	-5.769392E-08	
493	1.396193E-08	-5.894377E-08	
494	1.451814E-08	-5.807467E-08	
495	1.505081E-08	-5.735648E-08	
496	1.556619E-08	-5.680699E-08	
497	1.607194E-08	-5.644417E-08	
498	1.657743E-08	-5.628620E-08	
499	1.380882E-08	-5.697355E-08	
500	1.439559E-08	-5.621645E-08	
501	1.496232E-08	-5.559842E-08	
502	1.551525E-08	-5.513520E-08	
503	1.606215E-08	-5.484228E-08	
504	1.661249E-08	-5.473489E-08	
505	1.363174E-08	-5.492426E-08	
506	1.424547E-08	-5.426884E-08	
507	1.484267E-08	-5.374088E-08	
508	1.542949E-08	-5.335393E-08	
509	1.601353E-08	-5.312103E-08	
510	1.660413E-08	-5.305459E-08	
511	1.343963E-08	-5.280320E-08	
512	1.407722E-08	-5.224001E-08	
513	1.470168E-08	-5.179305E-08	
514	1.531891E-08	-5.147370E-08	
515	1.593624E-08	-5.129261E-08	
516	1.656263E-08	-5.125957E-08	
517	1.323877E-08	-5.061698E-08	
518	1.389754E-08	-5.013760E-08	
519	1.454635E-08	-4.976373E-08	
520	1.519075E-08	-4.950468E-08	
521	1.583768E-08	-4.936882E-08	
522	1.649563E-08	-4.936348E-08	
523	-1.046123E-08	-1.229486E-07	
524	-1.085789E-08	-1.117711E-07	
525	-1.065550E-08	-1.032122E-07	
526	-1.027725E-08	-9.657561E-08	
527	-9.777397E-09	-9.107174E-08	
528	-9.236895E-09	-8.641863E-08	
529	-8.691589E-09	-8.240765E-08	
530	-8.170508E-09	-7.890206E-08	
531	-7.695283E-09	-7.579670E-08	
532	-1.958766E-09	-1.430197E-07	
533	-3.212107E-09	-1.244830E-07	
534	-6.268593E-09	-1.117259E-07	
535	-7.067614E-09	-1.032639E-07	
536	-7.335121E-09	-9.652547E-08	
537	-7.298204E-09	-9.100150E-08	
538	-7.105130E-09	-8.633245E-08	
539	-6.831342E-09	-8.231767E-08	
540	-6.525163E-09	-7.881445E-08	
541	-6.220006E-09	-7.571671E-08	
542	1.605310E-11	-1.384358E-07	
543	-9.298030E-11	-1.243391E-07	
544	-2.263326E-09	-1.121503E-07	
545	-3.853510E-09	-1.033685E-07	
546	-4.590007E-09	-9.657928E-08	
547	-4.937047E-09	-9.099911E-08	
548	-5.043837E-09	-8.630320E-08	
549	-5.009980E-09	-8.227261E-08	
550	-4.895931E-09	-7.876283E-08	
551	-4.743461E-09	-7.566495E-08	
552	1.514629E-09	-1.347306E-07	
553	1.885337E-09	-1.233624E-07	
554	4.979725E-10	-1.122843E-07	
555	-1.070367E-09	-1.035385E-07	
556	-2.120059E-09	-9.666711E-08	
557	-2.738494E-09	-9.104408E-08	
558	-3.085840E-09	-8.631361E-08	
559	-3.252504E-09	-8.226169E-08	
560	-3.303316E-09	-7.873905E-08	
561	-3.283605E-09	-7.563530E-08	
562	2.700179E-09	-1.315982E-07	
563	3.284077E-09	-1.220080E-07	
564	2.476409E-09	-1.120619E-07	
565	1.170224E-09	-1.036133E-07	
566	5.203281E-11	-9.675314E-08	
567	-7.364113E-10	-9.110294E-08	
568	-1.256001E-09	-8.634590E-08	
569	-1.579840E-09	-8.227194E-08	
570	-1.765114E-09	-7.873400E-08	
571	-1.856416E-09	-7.562103E-08	
572	3.647335E-09	-1.288459E-07	
573	4.325149E-09	-1.204872E-07	
574	3.944851E-09	-1.115433E-07	
575	2.957724E-09	-1.035276E-07	
576	1.911445E-09	-9.678532E-08	
577	1.056075E-09	-9.114887E-08	
578	4.280637E-10	-8.638010E-08	
579	-7.800163E-12	-8.228996E-08	
580	-2.959707E-10	-7.873792E-08	
581	-4.755530E-10	-7.561505E-08	
582	5.412703E-09	-1.229438E-07	
583	6.231103E-09	-1.165032E-07	
584	6.383482E-09	-1.094600E-07	
585	5.984384E-09	-1.026220E-07	
586	5.310318E-09	-9.644000E-08	
587	4.589406E-09	-9.102996E-08	
588	3.943045E-09	-8.634011E-08	
589	3.414128E-09	-8.226870E-08	
590	3.005898E-09	-7.871305E-08	
591	2.705601E-09	-7.558174E-08	
592	6.486526E-09	-1.178304E-07	
593	7.343036E-09	-1.125305E-07	
594	7.773180E-09	-1.067640E-07	
595	7.783937E-09	-1.009670E-07	
596	7.494552E-09	-9.547763E-08	
597	7.051321E-09	-9.047390E-08	
598	6.569613E-09	-8.600547E-08	
599	6.119849E-09	-8.204974E-08	
600	5.736492E-09	-7.855346E-08	
601	5.431192E-09	-7.545431E-08	
602	7.142056E-09	-1.131727E-07	
603	8.023265E-09	-1.086618E-07	
604	8.609269E-09	-1.037935E-07	
605	8.884763E-09	-9.882830E-08	
606	8.898569E-09	-9.399788E-08	
607	8.733339E-09	-8.946218E-08	
608	8.472945E-09	-8.530383E-08	
609	8.183693E-09	-8.154605E-08	
610	7.909773E-09	-7.817541E-08	
611	7.676245E-09	-7.515926E-08	
612	7.521343E-09	-1.088085E-07	
613	8.422883E-09	-1.048929E-07	
614	9.109891E-09	-1.006973E-07	
615	9.563012E-09	-9.639142E-08	
616	9.801282E-09	-9.213649E-08	
617	9.870026E-09	-8.806006E-08	
618	9.824508E-09	-8.424577E-08	
619	9.716550E-09	-8.073621E-08	
620	9.587308E-09	-7.754270E-08	
621	9.465295E-09	-7.465591E-08	
622	7.712915E-09	-1.046508E-07	
623	8.631110E-09	-1.012078E-07	
624	9.388227E-09	-9.754055E-08	
625	9.965816E-09	-9.376705E-08	
626	1.036946E-08	-9.000342E-08	
627	1.062368E-08	-8.634909E-08	
628	1.076360E-08	-8.287836E-08	
629	1.082652E-08	-7.963873E-08	
630	1.084589E-08	-7.665436E-08	
631	1.084792E-08	-7.393165E-08	
632	7.774965E-09	-1.006478E-07	
633	8.705340E-09	-9.759303E-08	
634	9.512144E-09	-9.435545E-08	
635	1.017884E-08	-9.102129E-08	
636	1.070467E-08	-8.767718E-08	
637	1.110239E-08	-8.440117E-08	
638	1.139381E-08	-8.125656E-08	
639	1.160469E-08	-7.828947E-08	
640	1.176031E-08	-7.552957E-08	
641	1.188236E-08	-7.299280E-08	
642	7.746908E-09	-9.676686E-08	
643	8.684403E-09	-9.403914E-08	
644	9.525746E-09	-9.116019E-08	
645	1.025628E-08	-8.819577E-08	
646	1.087214E-08	-8.521270E-08	
647	1.137923E-08	-8.227323E-08	
648	1.179067E-08	-7.943084E-08	
649	1.212371E-08	-7.672801E-08	
650	1.239667E-08	-7.419595E-08	
651	1.262641E-08	-7.185590E-08	
652	7.655972E-09	-9.298678E-08	
653	8.595419E-09	-9.053959E-08	
654	9.459374E-09	-8.796610E-08	
655	1.023477E-08	-8.531815E-08	
656	1.091620E-08	-8.264882E-08	
657	1.150544E-08	-8.000877E-08	
658	1.200994E-08	-7.744339E-08	
659	1.244087E-08	-7.499101E-08	
660	1.281108E-08	-7.268243E-08	
661	1.313318E-08	-7.054147E-08	
662	7.521305E-09	-8.929284E-08	
663	8.457838E-09	-8.708984E-08	
664	9.334803E-09	-8.478068E-08	
665	1.014043E-08	-8.240745E-08	
666	1.086857E-08	-8.001341E-08	
667	1.151847E-08	-7.764061E-08	
668	1.209381E-08	-7.532796E-08	
669	1.260153E-08	-7.310984E-08	
670	1.305036E-08	-7.101570E-08	
671	1.344952E-08	-6.907022E-08	
672	7.356618E-09	-8.567448E-08	
673	8.285943E-09	-8.368650E-08	
674	9.168201E-09	-8.160903E-08	
675	9.992681E-09	-7.947705E-08	
676	1.075294E-08	-7.732665E-08	
677	1.144663E-08	-7.519339E-08	
678	1.207498E-08	-7.311095E-08	
679	1.264195E-08	-7.111021E-08	
680	1.315333E-08	-6.921879E-08	
681	1.361572E-08	-6.746119E-08	
682	7.171909E-09	-8.212361E-08	
683	8.090446E-09	-8.032676E-08	
684	8.971895E-09	-7.845445E-08	
685	9.806430E-09	-7.653638E-08	
686	1.058754E-08	-7.460321E-08	
687	1.131194E-08	-7.268551E-08	
688	1.197923E-08	-7.081273E-08	
689	1.259135E-08	-6.901263E-08	
690	1.315196E-08	-6.731086E-08	
691	1.366581E-08	-6.573106E-08	
692	6.974593E-09	-7.863375E-08	
693	7.879521E-09	-7.700806E-08	
694	8.755453E-09	-7.531892E-08	
695	9.593325E-09	-7.359195E-08	
696	1.038671E-08	-7.185365E-08	
697	1.113179E-08	-7.013060E-08	
698	1.182711E-08	-6.844882E-08	
699	1.247327E-08	-6.683327E-08	
700	1.307246E-08	-6.530758E-08	
701	1.362808E-08	-6.389408E-08	
702	6.770229E-09	-7.519933E-08	
703	7.659460E-09	-7.372788E-08	
704	8.526368E-09	-7.220332E-08	
705	9.362559E-09	-7.064813E-08	
706	1.016180E-08	-6.908548E-08	
707	1.091999E-08	-6.753874E-08	
708	1.163503E-08	-6.603100E-08	
709	1.230664E-08	-6.458475E-08	
710	1.293602E-08	-6.322159E-08	
711	1.352564E-08	-6.196230E-08	
712	6.562998E-09	-7.181547E-08	
713	7.435104E-09	-7.048362E-08	
714	8.290489E-09	-6.910773E-08	
715	9.121363E-09	-6.770767E-08	
716	9.921739E-09	-6.630393E-08	
717	1.068743E-08	-6.491723E-08	
718	1.141598E-08	-6.356815E-08	
719	1.210652E-08	-6.227691E-08	
720	1.275961E-08	-6.106316E-08	
721	1.337709E-08	-5.994595E-08	
722	6.356010E-09	-6.847767E-08	
723	7.210126E-09	-6.727266E-08	
724	8.052313E-09	-6.603154E-08	
725	8.875332E-09	-6.477209E-08	
726	9.673484E-09	-6.351253E-08	
727	1.044261E-08	-6.227135E-08	
728	1.118008E-08	-6.106693E-08	
729	1.188467E-08	-5.991744E-08	
730	1.255653E-08	-5.884061E-08	
731	1.319705E-08	-5.785372E-08	
732	6.151496E-09	-6.518178E-08	
733	6.987213E-09	-6.409228E-08	
734	7.815176E-09	-6.297369E-08	
735	8.628658E-09	-6.184199E-08	
736	9.422266E-09	-6.071354E-08	
737	1.019196E-08	-5.960484E-08	
738	1.093502E-08	-5.853237E-08	
739	1.165006E-08	-5.751239E-08	
740	1.233693E-08	-5.656080E-08	
741	1.299673E-08	-5.569308E-08	
742	5.950946E-09	-6.192391E-08	
743	6.768192E-09	-6.093977E-08	
744	7.581392E-09	-5.993278E-08	
745	8.384294E-09	-5.891738E-08	
746	9.171819E-09	-5.790830E-08	
747	9.940079E-09	-5.692034E-08	
748	1.068638E-08	-5.596825E-08	
749	1.140922E-08	-5.506655E-08	
750	1.210828E-08	-5.422941E-08	
751	1.278440E-08	-5.347055E-08	
752	5.755195E-09	-5.870044E-08	
753	6.554124E-09	-5.781248E-08	
754	7.352355E-09	-5.690722E-08	
755	8.144083E-09	-5.599780E-08	
756	8.924541E-09	-5.509751E-08	
757	9.690023E-09	-5.421966E-08	
758	1.043789E-08	-5.337745E-08	
759	1.116660E-08	-5.258380E-08	
760	1.187569E-08	-5.185123E-08	
761	1.256581E-08	-5.119180E-08	
762	0.000000E+00	-1.504716E-07	
763	1.111754E-13	-1.504234E-07	
764	1.871397E-11	-1.502895E-07	
765	9.559429E-12	-1.500722E-07	
766	-4.754661E-11	-1.497640E-07	
767	-1.706317E-10	-1.493641E-07	
768	-3.875101E-10	-1.488670E-07	
769	-7.373446E-10	-1.482648E-07	
770	-1.297126E-09	-1.475023E-07	
771	-2.221396E-09	-1.466855E-07	
772	0.000000E+00	-1.485160E-07	
773	1.730544E-13	-1.484742E-07	
774	4.329378E-12	-1.483506E-07	
775	-1.966135E-11	-1.481395E-07	
776	-8.593802E-11	-1.478299E-07	
777	-2.098739E-10	-1.474137E-07	
778	-4.083907E-10	-1.468768E-07	
779	-6.958495E-10	-1.461817E-07	
780	-1.085823E-09	-1.452643E-07	
781	-1.141964E-09	-1.436815E-07	
782	0.000000E+00	-1.465657E-07	
783	1.381095E-13	-1.465321E-07	
784	3.651925E-12	-1.464209E-07	
785	-1.706787E-11	-1.462147E-07	
786	-6.848796E-11	-1.459002E-07	
787	-1.562309E-10	-1.454617E-07	
788	-2.781589E-10	-1.448708E-07	
789	-4.139010E-10	-1.440660E-07	
790	-4.273563E-10	-1.428682E-07	
791	1.472201E-10	-1.405227E-07	
792	0.000000E+00	-1.446202E-07	
793	2.009449E-13	-1.445948E-07	
794	1.337832E-11	-1.444955E-07	
795	1.171156E-11	-1.442918E-07	
796	-3.411890E-12	-1.439665E-07	
797	-2.500709E-11	-1.434953E-07	
798	-2.993944E-11	-1.428338E-07	
799	4.913000E-11	-1.418815E-07	
800	3.984968E-10	-1.403551E-07	
801	1.321465E-09	-1.374537E-07	
802	0.000000E+00	-1.426785E-07	
803	2.727726E-13	-1.426606E-07	
804	3.104436E-11	-1.425710E-07	
805	6.133084E-11	-1.423654E-07	
806	9.934469E-11	-1.420223E-07	
807	1.640584E-10	-1.415072E-07	
808	2.992647E-10	-1.407567E-07	
809	6.010623E-10	-1.396320E-07	
810	1.237386E-09	-1.378022E-07	
811	2.341200E-09	-1.345533E-07	
812	0.000000E+00	-1.378375E-07	
813	6.791189E-13	-1.378290E-07	
814	1.047080E-10	-1.377450E-07	
815	2.524449E-10	-1.375126E-07	
816	4.650006E-10	-1.370955E-07	
817	7.772967E-10	-1.364361E-07	
818	1.244544E-09	-1.354352E-07	
819	1.941354E-09	-1.339159E-07	
820	2.930525E-09	-1.315815E-07	
821	4.172783E-09	-1.280280E-07	
822	0.000000E+00	-1.330098E-07	
823	1.175757E-12	-1.329981E-07	
824	1.927993E-10	-1.328941E-07	
825	4.716599E-10	-1.326082E-07	
826	8.601742E-10	-1.320920E-07	
827	1.389232E-09	-1.312758E-07	
828	2.095666E-09	-1.300553E-07	
829	3.008796E-09	-1.282790E-07	
830	4.119944E-09	-1.257527E-07	
831	5.340410E-09	-1.222914E-07	
832	0.000000E+00	-1.281966E-07	
833	1.681446E-12	-1.281722E-07	
834	2.768243E-10	-1.280299E-07	
835	6.716698E-10	-1.276773E-07	
836	1.202053E-09	-1.270621E-07	
837	1.885018E-09	-1.261165E-07	
838	2.733487E-09	-1.247523E-07	
839	3.743579E-09	-1.228625E-07	
840	4.877488E-09	-1.203383E-07	
841	6.051131E-09	-1.171055E-07	
842	0.000000E+00	-1.234072E-07	
843	2.128338E-12	-1.233651E-07	
844	3.467851E-10	-1.231773E-07	
845	8.309434E-10	-1.227599E-07	
846	1.460962E-09	-1.220641E-07	
847	2.239555E-09	-1.210326E-07	
848	3.161663E-09	-1.195999E-07	
849	4.206395E-09	-1.176985E-07	
850	5.329726E-09	-1.152727E-07	
851	6.462956E-09	-1.122993E-07	
852	0.000000E+00	-1.186553E-07	
853	2.487021E-12	-1.185949E-07	
854	3.995205E-10	-1.183640E-07	
855	9.456573E-10	-1.178935E-07	
856	1.638387E-09	-1.171426E-07	
857	2.469524E-09	-1.160676E-07	
858	3.423343E-09	-1.146238E-07	
859	4.472290E-09	-1.127717E-07	
860	5.574469E-09	-1.104861E-07	
861	6.675066E-09	-1.077675E-07	
862	0.000000E+00	-1.139560E-07	
863	2.750972E-12	-1.138796E-07	
864	4.358725E-10	-1.136135E-07	
865	1.020857E-09	-1.131056E-07	
866	1.748309E-09	-1.123250E-07	
867	2.602982E-09	-1.112405E-07	
868	3.563785E-09	-1.098240E-07	
869	4.601693E-09	-1.080545E-07	
870	5.679215E-09	-1.059241E-07	
871	6.752323E-09	-1.034438E-07	
872	0.000000E+00	-1.093231E-07	
873	2.928020E-12	-1.092342E-07	
874	4.584087E-10	-1.089430E-07	
875	1.064436E-09	-1.084138E-07	
876	1.806819E-09	-1.076248E-07	
877	2.666236E-09	-1.065558E-07	
878	3.619433E-09	-1.051905E-07	
879	4.638236E-09	-1.035201E-07	
880	5.689736E-09	-1.015463E-07	
881	6.737958E-09	-9.928474E-08	
882	0.000000E+00	-1.047674E-07	
883	3.031968E-12	-1.046701E-07	
884	4.700627E-10	-1.043638E-07	
885	1.084121E-09	-1.038272E-07	
886	1.827934E-09	-1.030464E-07	
887	2.680116E-09	-1.020098E-07	
888	3.617021E-09	-1.007099E-07	
889	4.612247E-09	-9.914525E-08	
890	5.636973E-09	-9.732309E-08	
891	6.661236E-09	-9.526082E-08	
892	0.000000E+00	-1.002969E-07	
893	3.077837E-12	-1.001947E-07	
894	4.735044E-10	-9.988204E-08	
895	1.086373E-09	-9.934911E-08	
896	1.822594E-09	-9.858874E-08	
897	2.659980E-09	-9.759574E-08	
898	3.575413E-09	-9.636853E-08	
899	4.544515E-09	-9.491067E-08	
900	5.541932E-09	-9.323234E-08	
901	6.542238E-09	-9.135124E-08	
902	0.000000E+00	-9.591615E-08	
903	3.079376E-12	-9.581201E-08	
904	4.709324E-10	-9.550002E-08	
905	1.076215E-09	-9.497927E-08	
906	1.798912E-09	-9.424772E-08	
907	2.616796E-09	-9.330498E-08	
908	3.507712E-09	-9.215365E-08	
909	4.449267E-09	-9.080040E-08	
910	5.418991E-09	-8.925697E-08	
911	6.394944E-09	-8.754068E-08	
912	0.000000E+00	-9.162728E-08	
913	3.048145E-12	-9.152354E-08	
914	4.640664E-10	-9.121747E-08	
915	1.057416E-09	-9.071493E-08	
916	1.762765E-09	-9.001766E-08	
917	2.558297E-09	-8.912878E-08	
918	3.422994E-09	-8.805373E-08	
919	4.336292E-09	-8.680115E-08	
920	5.278115E-09	-8.538349E-08	
921	6.229244E-09	-8.381738E-08	
922	0.000000E+00	-8.743026E-08	
923	2.993384E-12	-8.732861E-08	
924	4.542126E-10	-8.703226E-08	
925	1.032749E-09	-8.655195E-08	
926	1.718371E-09	-8.589220E-08	
927	2.489924E-09	-8.505859E-08	
928	3.327570E-09	-8.405849E-08	
929	4.212391E-09	-8.290168E-08	
930	5.126301E-09	-8.160089E-08	
931	6.052250E-09	-8.017193E-08	
932	0.000000E+00	-8.332348E-08	
933	2.922243E-12	-8.322512E-08	
934	4.423456E-10	-8.294105E-08	
935	1.004237E-09	-8.248543E-08	
936	1.668740E-09	-8.186476E-08	
937	2.415506E-09	-8.108632E-08	
938	3.225856E-09	-8.015869E-08	
939	4.082331E-09	-7.909236E-08	
940	4.968522E-09	-7.789996E-08	
941	5.869138E-09	-7.659651E-08	
942	0.000000E+00	-7.930420E-08	
943	2.840130E-12	-7.920993E-08	
944	4.291832E-10	-7.893972E-08	
945	9.733423E-10	-7.851007E-08	
946	1.616021E-09	-7.792883E-08	
947	2.337748E-09	-7.720438E-08	
948	3.120952E-09	-7.634611E-08	
949	3.949477E-09	-7.536477E-08	
950	4.808337E-09	-7.427279E-08	
951	5.683699E-09	-7.308438E-08	
952	0.000000E+00	-7.536895E-08	
953	2.751059E-12	-7.527923E-08	
954	4.152477E-10	-7.502374E-08	
955	9.411147E-10	-7.462045E-08	
956	1.561735E-09	-7.407810E-08	
957	2.258548E-09	-7.340578E-08	
958	3.015032E-09	-7.261329E-08	
959	3.816194E-09	-7.171149E-08	
960	4.648279E-09	-7.071244E-08	
961	5.498687E-09	-6.962959E-08	
962	0.000000E+00	-7.151376E-08	
963	2.657955E-12	-7.142885E-08	
964	4.009131E-10	-7.118836E-08	
965	9.082966E-10	-7.081116E-08	
966	1.506948E-09	-7.030654E-08	
967	2.179222E-09	-6.968399E-08	
968	2.909590E-09	-6.895352E-08	
969	3.684112E-09	-6.812587E-08	
970	4.490110E-09	-6.721273E-08	
971	5.316044E-09	-6.622680E-08	
972	0.000000E+00	-6.773444E-08	
973	2.562898E-12	-6.765439E-08	
974	3.864409E-10	-6.742878E-08	
975	8.753995E-10	-6.707694E-08	
976	1.452379E-09	-6.660846E-08	
977	2.100647E-09	-6.603302E-08	
978	2.805613E-09	-6.536066E-08	
979	3.554294E-09	-6.460193E-08	
980	4.334974E-09	-6.376809E-08	
981	5.137043E-09	-6.287117E-08	
982	0.000000E+00	-6.402671E-08	
983	2.467318E-12	-6.395145E-08	
984	3.720061E-10	-6.374030E-08	
985	8.427582E-10	-6.341275E-08	
986	1.398490E-09	-6.297852E-08	
987	2.023365E-09	-6.244734E-08	
988	2.703685E-09	-6.182915E-08	
989	3.427349E-09	-6.113427E-08	
990	4.183510E-09	-6.037352E-08	
991	4.962387E-09	-5.955826E-08	
998	6.880220E-10	-9.089159E-10	
999	7.627528E-10	-9.208917E-10	
1000	8.577659E-10	-9.463894E-10	
1001	9.919847E-10	-1.013964E-09	
1002	1.206770E-09	-1.107732E-09	
1003	2.253231E-09	-2.144887E-09	
1004	1.377825E-09	-1.842848E-09	
1005	1.536479E-09	-1.871718E-09	
1006	1.742982E-09	-1.937168E-09	
1007	2.033402E-09	-2.069822E-09	
1008	2.615349E-09	-2.445961E-09	
1009	3.693779E-09	-3.870923E-09	
1010	2.063971E-09	-2.802731E-09	
1011	2.311652E-09	-2.855874E-09	
1012	2.632506E-09	-2.966772E-09	
1013	3.099401E-09	-3.204957E-09	
1014	3.857058E-09	-3.800348E-09	
1015	4.913121E-09	-5.316221E-09	
1016	2.740118E-09	-3.788801E-09	
1017	3.075671E-09	-3.871129E-09	
1018	3.509238E-09	-4.037113E-09	
1019	4.108411E-09	-4.379332E-09	
1020	4.951025E-09	-5.114561E-09	
1021	5.967831E-09	-6.598236E-09	
1022	3.399262E-09	-4.799352E-09	
1023	3.817773E-09	-4.914813E-09	
1024	4.348572E-09	-5.137553E-09	
1025	5.041350E-09	-5.564343E-09	
1026	5.918743E-09	-6.375991E-09	
1027	6.887072E-09	-7.776254E-09	
1028	4.937214E-09	-7.409566E-09	
1029	5.515351E-09	-7.603343E-09	
1030	6.198652E-09	-7.935895E-09	
1031	6.998525E-09	-8.480596E-09	
1032	7.892960E-09	-9.321937E-09	
1033	8.807809E-09	-1.050775E-08	
1034	6.276497E-09	-1.009933E-08	
1035	6.954023E-09	-1.034624E-08	
1036	7.712184E-09	-1.073125E-08	
1037	8.543645E-09	-1.129496E-08	
1038	9.419381E-09	-1.206729E-08	
1039	1.028641E-08	-1.303879E-08	
1040	7.406578E-09	-1.282161E-08	
1041	8.139653E-09	-1.308956E-08	
1042	8.929430E-09	-1.347952E-08	
1043	9.763324E-09	-1.400924E-08	
1044	1.061683E-08	-1.468198E-08	
1045	1.145751E-08	-1.547519E-08	
1046	8.343833E-09	-1.554519E-08	
1047	9.105509E-09	-1.580739E-08	
1048	9.905911E-09	-1.617229E-08	
1049	1.073301E-08	-1.664445E-08	
1050	1.156912E-08	-1.721645E-08	
1051	1.239383E-08	-1.786400E-08	
1052	9.115515E-09	-1.825295E-08	
1053	9.890389E-09	-1.849076E-08	
1054	1.069173E-08	-1.881415E-08	
1055	1.150992E-08	-1.922102E-08	
1056	1.233281E-08	-1.970006E-08	
1057	1.314790E-08	-2.022877E-08	
1058	9.750564E-09	-2.093673E-08	
1059	1.052997E-08	-2.113837E-08	
1060	1.132778E-08	-2.141236E-08	
1061	1.213697E-08	-2.175356E-08	
1062	1.294964E-08	-2.214993E-08	
1063	1.375852E-08	-2.258172E-08	
1064	1.027563E-08	-2.359310E-08	
1065	1.105458E-08	-2.375158E-08	
1066	1.184667E-08	-2.397312E-08	
1067	1.264719E-08	-2.425157E-08	
1068	1.345143E-08	-2.457560E-08	
1069	1.425571E-08	-2.492834E-08	
1070	1.071383E-08	-2.622076E-08	
1071	1.148930E-08	-2.633208E-08	
1072	1.227443E-08	-2.650069E-08	
1073	1.306645E-08	-2.672055E-08	
1074	1.386305E-08	-2.698166E-08	
1075	1.466312E-08	-2.726993E-08	
1076	1.108463E-08	-2.881908E-08	
1077	1.185462E-08	-2.888099E-08	
1078	1.263189E-08	-2.899737E-08	
1079	1.341523E-08	-2.916294E-08	
1080	1.420421E-08	-2.936931E-08	
1081	1.499959E-08	-2.960497E-08	
1082	1.140414E-08	-3.138743E-08	
1083	1.216717E-08	-3.139850E-08	
1084	1.293571E-08	-3.146371E-08	
1085	1.370986E-08	-3.157888E-08	
1086	1.449061E-08	-3.173735E-08	
1087	1.528021E-08	-3.192997E-08	
1088	1.168560E-08	-3.392477E-08	
1089	1.244041E-08	-3.388384E-08	
1090	1.319926E-08	-3.389877E-08	
1091	1.396333E-08	-3.396672E-08	
1092	1.473477E-08	-3.408277E-08	
1093	1.551699E-08	-3.423998E-08	
1094	1.193969E-08	-3.642958E-08	
1095	1.268509E-08	-3.633532E-08	
1096	1.343314E-08	-3.630038E-08	
1097	1.418592E-08	-3.632338E-08	
1098	1.494656E-08	-3.640116E-08	
1099	1.571942E-08	-3.652886E-08	
1100	1.217492E-08	-3.889975E-08	
1101	1.290969E-08	-3.875036E-08	
1102	1.364564E-08	-3.866525E-08	
1103	1.438563E-08	-3.864458E-08	
1104	1.513362E-08	-3.868698E-08	
1105	1.589481E-08	-3.878954E-08	
1106	1.239788E-08	-4.133258E-08	
1107	1.312070E-08	-4.112563E-08	
1108	1.384305E-08	-4.098919E-08	
1109	1.456848E-08	-4.092507E-08	
1110	1.530168E-08	-4.093369E-08	
1111	1.604857E-08	-4.101409E-08	
1112	1.261338E-08	-4.372480E-08	
1113	1.332281E-08	-4.345704E-08	
1114	1.402987E-08	-4.326715E-08	
1115	1.473871E-08	-4.315867E-08	
1116	1.545466E-08	-4.313387E-08	
1117	1.618436E-08	-4.319373E-08	
1118	1.282461E-08	-4.607261E-08	
1119	1.351904E-08	-4.573985E-08	
1120	1.420890E-08	-4.549333E-08	
1121	1.489886E-08	-4.533840E-08	
1122	1.559486E-08	-4.527927E-08	
1123	1.630419E-08	-4.531891E-08	
1124	1.303312E-08	-4.837164E-08	
1125	1.371074E-08	-4.796870E-08	
1126	1.438126E-08	-4.766124E-08	
1127	1.504982E-08	-4.745655E-08	
1128	1.572290E-08	-4.736086E-08	
1129	1.640841E-08	-4.737924E-08	
1140	2.689454E-10	-1.000978E-09	
1141	3.008789E-10	-9.858765E-10	
1142	3.336855E-10	-9.713219E-10	
1143	3.676325E-10	-9.574785E-10	
1144	4.030741E-10	-9.445417E-10	
1145	4.404754E-10	-9.327555E-10	
1146	4.804488E-10	-9.224388E-10	
1147	5.238108E-10	-9.140343E-10	
1148	5.716775E-10	-9.081850E-10	
1149	6.256202E-10	-9.059327E-10	
1150	5.206201E-10	-2.013237E-09	
1151	5.847752E-10	-1.983327E-09	
1152	6.508500E-10	-1.954593E-09	
1153	7.193947E-10	-1.927392E-09	
1154	7.911466E-10	-1.902153E-09	
1155	8.670839E-10	-1.879410E-09	
1156	9.485104E-10	-1.859867E-09	
1157	1.037192E-09	-1.844499E-09	
1158	1.135591E-09	-1.834750E-09	
1159	1.247282E-09	-1.832872E-09	
1160	7.568583E-10	-3.036775E-09	
1161	8.532841E-10	-2.992397E-09	
1162	9.528388E-10	-2.949905E-09	
1163	1.056359E-09	-2.909884E-09	
1164	1.164978E-09	-2.873032E-09	
1165	1.280211E-09	-2.840228E-09	
1166	1.404098E-09	-2.812630E-09	
1167	1.539425E-09	-2.791859E-09	
1168	1.690119E-09	-2.780305E-09	
1169	1.861973E-09	-2.781777E-09	
1170	9.792736E-10	-4.071506E-09	
1171	1.107804E-09	-4.013042E-09	
1172	1.240816E-09	-3.957254E-09	
1173	1.379422E-09	-3.904983E-09	
1174	1.525148E-09	-3.857241E-09	
1175	1.680046E-09	-3.815301E-09	
1176	1.846890E-09	-3.780852E-09	
1177	2.029485E-09	-3.756253E-09	
1178	2.233212E-09	-3.745013E-09	
1179	2.465977E-09	-3.752682E-09	
1180	1.189275E-09	-5.117273E-09	
1181	1.349552E-09	-5.045137E-09	
1182	1.515778E-09	-4.976538E-09	
1183	1.689325E-09	-4.912605E-09	
1184	1.872085E-09	-4.854702E-09	
1185	2.066621E-09	-4.804544E-09	
1186	2.276395E-09	-4.764410E-09	
1187	2.506156E-09	-4.737486E-09	
1188	2.762572E-09	-4.728499E-09	
1189	3.055358E-09	-4.744916E-09	
1190	1.668000E-09	-7.778118E-09	
1191	1.905096E-09	-7.673772E-09	
1192	2.152136E-09	-7.575322E-09	
1193	2.410986E-09	-7.484745E-09	
1194	2.684268E-09	-7.404402E-09	
1195	2.975540E-09	-7.337245E-09	
1196	3.289553E-09	-7.287145E-09	
1197	3.632652E-09	-7.259417E-09	
1198	4.013342E-09	-7.261731E-09	
1199	4.443084E-09	-7.305678E-09	
1200	2.090847E-09	-1.050163E-08	
1201	2.399488E-09	-1.036775E-08	
1202	2.722031E-09	-1.024225E-08	
1203	3.060538E-09	-1.012805E-08	
1204	3.417952E-09	-1.002859E-08	
1205	3.798234E-09	-9.948061E-09	
1206	4.206544E-09	-9.891827E-09	
1207	4.649468E-09	-9.866970E-09	
1208	5.135242E-09	-9.883193E-09	
1209	5.673829E-09	-9.954149E-09	
1210	2.467979E-09	-1.328188E-08	
1211	2.841609E-09	-1.312063E-08	
1212	3.232589E-09	-1.297010E-08	
1213	3.642855E-09	-1.283414E-08	
1214	4.075221E-09	-1.271719E-08	
1215	4.533434E-09	-1.262451E-08	
1216	5.022226E-09	-1.256252E-08	
1217	5.547307E-09	-1.253932E-08	
1218	6.115226E-09	-1.256525E-08	
1219	6.732908E-09	-1.265368E-08	
1220	2.806516E-09	-1.611235E-08	
1221	3.237987E-09	-1.592502E-08	
1222	3.689442E-09	-1.575035E-08	
1223	4.162408E-09	-1.559304E-08	
1224	4.659200E-09	-1.545833E-08	
1225	5.182892E-09	-1.535222E-08	
1226	5.737233E-09	-1.528171E-08	
1227	6.326475E-09	-1.525509E-08	
1228	6.955008E-09	-1.528219E-08	
1229	7.626704E-09	-1.537456E-08	
1230	3.111814E-09	-1.898649E-08	
1231	3.593946E-09	-1.877330E-08	
1232	4.097758E-09	-1.857413E-08	
1233	4.624173E-09	-1.839439E-08	
1234	5.174776E-09	-1.823990E-08	
1235	5.751713E-09	-1.811708E-08	
1236	6.357535E-09	-1.803306E-08	
1237	6.994933E-09	-1.799574E-08	
1238	7.666323E-09	-1.801383E-08	
1239	8.373237E-09	-1.809653E-08	
1240	3.388319E-09	-2.189817E-08	
1241	3.914327E-09	-2.165824E-08	
1242	4.462794E-09	-2.143302E-08	
1243	5.033938E-09	-2.122845E-08	
1244	5.628516E-09	-2.105077E-08	
1245	6.247690E-09	-2.090657E-08	
1246	6.892840E-09	-2.080283E-08	
1247	7.565289E-09	-2.074681E-08	
1248	8.265941E-09	-2.074591E-08	
1249	8.994821E-09	-2.080720E-08	
1250	3.640072E-09	-2.484199E-08	
1251	4.203846E-09	-2.457340E-08	
1252	4.790054E-09	-2.431951E-08	
1253	5.398185E-09	-2.408669E-08	
1254	6.028175E-09	-2.388144E-08	
1255	6.680269E-09	-2.371041E-08	
1256	7.354838E-09	-2.358030E-08	
1257	8.052149E-09	-2.349773E-08	
1258	8.772083E-09	-2.346896E-08	
1259	9.513834E-09	-2.349943E-08	
1260	3.870944E-09	-2.781341E-08	
1261	4.467214E-09	-2.751336E-08	
1262	5.085235E-09	-2.722735E-08	
1263	5.723796E-09	-2.696209E-08	
1264	6.382085E-09	-2.672428E-08	
1265	7.059558E-09	-2.652059E-08	
1266	7.755789E-09	-2.635749E-08	
1267	8.470292E-09	-2.624111E-08	
1268	9.202333E-09	-2.617688E-08	
1269	9.950751E-09	-2.616919E-08	
1270	4.084706E-09	-3.080888E-08	
1271	4.709102E-09	-3.047384E-08	
1272	5.354053E-09	-3.015159E-08	
1273	6.017712E-09	-2.984914E-08	
1274	6.698612E-09	-2.957341E-08	
1275	7.395568E-09	-2.933112E-08	
1276	8.107556E-09	-2.912865E-08	
1277	8.833595E-09	-2.897184E-08	
1278	9.572632E-09	-2.886569E-08	
1279	1.032345E-08	-2.881403E-08	
1280	4.285013E-09	-3.382583E-08	
1281	4.934047E-09	-3.345168E-08	
1282	5.602062E-09	-3.308853E-08	
1283	6.286635E-09	-3.274375E-08	
1284	6.985748E-09	-3.242450E-08	
1285	7.697705E-09	-3.213767E-08	
1286	8.421054E-09	-3.188970E-08	
1287	9.154510E-09	-3.168639E-08	
1288	9.896895E-09	-3.153267E-08	
1289	1.064711E-08	-3.143228E-08	
1290	4.475337E-09	-3.686264E-08	
1291	5.146350E-09	-3.644475E-08	
1292	5.834485E-09	-3.603565E-08	
1293	6.536810E-09	-3.564307E-08	
1294	7.250841E-09	-3.527452E-08	
1295	7.974479E-09	-3.493718E-08	
1296	8.705971E-09	-3.463774E-08	
1297	9.443860E-09	-3.438223E-08	
1298	1.018697E-08	-3.417578E-08	
1299	1.093440E-08	-3.402242E-08	
1300	4.658909E-09	-3.991855E-08	
1301	5.349977E-09	-3.945188E-08	
1302	6.056095E-09	-3.899138E-08	
1303	6.773875E-09	-3.854525E-08	
1304	7.500433E-09	-3.812143E-08	
1305	8.233353E-09	-3.772754E-08	
1306	8.970664E-09	-3.737070E-08	
1307	9.710826E-09	-3.705740E-08	
1308	1.045273E-08	-3.679325E-08	
1309	1.119573E-08	-3.658287E-08	
1310	4.838649E-09	-4.299360E-08	
1311	5.548482E-09	-4.247270E-08	
1312	6.271125E-09	-4.195501E-08	
1313	7.002772E-09	-4.144926E-08	
1314	7.740186E-09	-4.096396E-08	
1315	8.480691E-09	-4.050730E-08	
1316	9.222155E-09	-4.008703E-08	
1317	9.963004E-09	-3.971026E-08	
1318	1.070223E-08	-3.938337E-08	
1319	1.143945E-08	-3.911177E-08	
1320	5.017124E-09	-4.608849E-08	
1321	5.744956E-09	-4.550755E-08	
1322	6.483214E-09	-4.492651E-08	
1323	7.227693E-09	-4.435473E-08	
1324	7.974841E-09	-4.380141E-08	
1325	8.721748E-09	-4.327548E-08	
1326	9.466162E-09	-4.278546E-08	
1327	1.020650E-08	-4.233931E-08	
1328	1.094186E-08	-4.194432E-08	
1329	1.167210E-08	-4.160692E-08	
1330	5.196503E-09	-4.920456E-08	
1331	5.941985E-09	-4.855736E-08	
1332	6.695369E-09	-4.790639E-08	
1333	7.452063E-09	-4.726176E-08	
1334	8.208208E-09	-4.663349E-08	
1335	8.960687E-09	-4.603138E-08	
1336	9.707140E-09	-4.546488E-08	
1337	1.044598E-08	-4.494298E-08	
1338	1.117643E-08	-4.447405E-08	
1339	1.189857E-08	-4.406574E-08	
1340	5.378528E-09	-5.234364E-08	
1341	6.141623E-09	-5.162353E-08	
1342	6.909945E-09	-5.089558E-08	
1343	7.678510E-09	-5.017080E-08	
1344	8.443162E-09	-4.946014E-08	
1345	9.200582E-09	-4.877442E-08	
1346	9.948310E-09	-4.812419E-08	
1347	1.068477E-08	-4.751960E-08	
1348	1.140928E-08	-4.697028E-08	
1349	1.212214E-08	-4.648521E-08	
1350	5.564489E-09	-5.550803E-08	
1351	6.345366E-09	-5.470786E-08	
1352	7.128617E-09	-5.389536E-08	
1353	7.908856E-09	-5.308254E-08	
1354	8.681626E-09	-5.228145E-08	
1355	9.443410E-09	-5.150407E-08	
1356	1.019166E-08	-5.076219E-08	
1357	1.092479E-08	-5.006728E-08	
1358	1.164226E-08	-4.943035E-08	
1359	1.234451E-08	-4.886187E-08	
1370	0.000000E+00	-1.156638E-09	
1371	3.628907E-13	-1.144810E-09	
1372	3.219325E-11	-1.125896E-09	
1373	6.011101E-11	-1.111132E-09	
1374	8.854157E-11	-1.095688E-09	
1375	1.174764E-10	-1.080017E-09	
1376	1.468807E-10	-1.064139E-09	
1377	1.767156E-10	-1.048182E-09	
1378	2.069731E-10	-1.032257E-09	
1379	2.376888E-10	-1.016481E-09	
1380	0.000000E+00	-2.313027E-09	
1381	4.154981E-13	-2.295006E-09	
1382	5.291135E-11	-2.261945E-09	
1383	1.068615E-10	-2.231891E-09	
1384	1.621241E-10	-2.201443E-09	
1385	2.189703E-10	-2.170314E-09	
1386	2.770893E-10	-2.138767E-09	
1387	3.363213E-10	-2.107034E-09	
1388	3.966048E-10	-2.075363E-09	
1389	4.579864E-10	-2.044010E-09	
1390	0.000000E+00	-3.471176E-09	
1391	5.105719E-13	-3.449316E-09	
1392	6.870064E-11	-3.405688E-09	
1393	1.444539E-10	-3.361730E-09	
1394	2.245118E-10	-3.316705E-09	
1395	3.077586E-10	-3.270546E-09	
1396	3.935336E-10	-3.223631E-09	
1397	4.814130E-10	-3.176383E-09	
1398	5.712181E-10	-3.129211E-09	
1399	6.629661E-10	-3.082533E-09	
1400	0.000000E+00	-4.632054E-09	
1401	5.799555E-13	-4.607542E-09	
1402	8.174819E-11	-4.555732E-09	
1403	1.760678E-10	-4.499622E-09	
1404	2.785151E-10	-4.440881E-09	
1405	3.864891E-10	-4.380244E-09	
1406	4.986422E-10	-4.318388E-09	
1407	6.142119E-10	-4.255971E-09	
1408	7.328313E-10	-4.193612E-09	
1409	8.544456E-10	-4.131916E-09	
1410	0.000000E+00	-5.796222E-09	
1411	6.430995E-13	-5.769716E-09	
1412	9.300860E-11	-5.711351E-09	
1413	2.035787E-10	-5.644717E-09	
1414	3.262653E-10	-5.573327E-09	
1415	4.572491E-10	-5.498911E-09	
1416	5.944200E-10	-5.422639E-09	
1417	7.365978E-10	-5.345482E-09	
1418	8.831819E-10	-5.268311E-09	
1419	1.034006E-09	-5.191961E-09	
1420	0.000000E+00	-8.723247E-09	
1421	7.939561E-13	-8.693168E-09	
1422	1.176142E-10	-8.622549E-09	
1423	2.623825E-10	-8.534863E-09	
1424	4.282395E-10	-8.436381E-09	
1425	6.098010E-10	-8.331065E-09	
1426	8.035094E-10	-8.221568E-09	
1427	1.007125E-09	-8.109894E-09	
1428	1.219354E-09	-7.997732E-09	
1429	1.439629E-09	-7.886633E-09	
1430	0.000000E+00	-1.167667E-08	
1431	9.214722E-13	-1.164423E-08	
1432	1.382450E-10	-1.156500E-08	
1433	3.114266E-10	-1.146147E-08	
1434	5.134063E-10	-1.134124E-08	
1435	7.380959E-10	-1.120979E-08	
1436	9.810831E-10	-1.107114E-08	
1437	1.239335E-09	-1.092844E-08	
1438	1.510925E-09	-1.078435E-08	
1439	1.794835E-09	-1.064130E-08	
1440	0.000000E+00	-1.465893E-08	
1441	1.039767E-12	-1.462460E-08	
1442	1.568160E-10	-1.453859E-08	
1443	3.550296E-10	-1.442243E-08	
1444	5.885817E-10	-1.428427E-08	
1445	8.510314E-10	-1.413054E-08	
1446	1.137476E-09	-1.396635E-08	
1447	1.444346E-09	-1.379588E-08	
1448	1.769205E-09	-1.362276E-08	
1449	2.110603E-09	-1.345036E-08	
1450	0.000000E+00	-1.767184E-08	
1451	1.150263E-12	-1.763585E-08	
1452	1.740142E-10	-1.754405E-08	
1453	3.950663E-10	-1.741714E-08	
1454	6.570793E-10	-1.726355E-08	
1455	9.533467E-10	-1.709032E-08	
1456	1.278626E-09	-1.690333E-08	
1457	1.628953E-09	-1.670764E-08	
1458	2.001469E-09	-1.650778E-08	
1459	2.394309E-09	-1.630798E-08	
1460	0.000000E+00	-2.071692E-08	
1461	1.255287E-12	-2.067938E-08	
1462	1.902074E-10	-2.058228E-08	
1463	4.325020E-10	-2.044569E-08	
1464	7.206764E-10	-2.027817E-08	
1465	1.047725E-09	-2.008716E-08	
1466	1.408092E-09	-1.987913E-08	
1467	1.797459E-09	-1.965988E-08	
1468	2.212579E-09	-1.943469E-08	
1469	2.651165E-09	-1.920859E-08	
1470	0.000000E+00	-2.379560E-08	
1471	1.355951E-12	-2.375652E-08	
1472	2.056204E-10	-2.365429E-08	
1473	4.679195E-10	-2.350847E-08	
1474	7.804512E-10	-2.332771E-08	
1475	1.135844E-09	-2.311976E-08	
1476	1.528193E-09	-2.289154E-08	
1477	1.952813E-09	-2.264942E-08	
1478	2.406054E-09	-2.239937E-08	
1479	2.885187E-09	-2.214709E-08	
1480	0.000000E+00	-2.690929E-08	
1481	1.453196E-12	-2.686860E-08	
1482	2.204124E-10	-2.676115E-08	
1483	5.017244E-10	-2.660609E-08	
1484	8.371554E-10	-2.641215E-08	
1485	1.218893E-09	-2.618732E-08	
1486	1.640627E-09	-2.593890E-08	
1487	2.097264E-09	-2.567375E-08	
1488	2.584721E-09	-2.539836E-08	
1489	3.099796E-09	-2.511904E-08	
1490	0.000000E+00	-3.005946E-08	
1491	1.547753E-12	-3.001703E-08	
1492	2.347115E-10	-2.990403E-08	
1493	5.342402E-10	-2.973934E-08	
1494	8.913882E-10	-2.953177E-08	
1495	1.297831E-09	-2.928949E-08	
1496	1.746793E-09	-2.902012E-08	
1497	2.232724E-09	-2.873093E-08	
1498	2.751072E-09	-2.842889E-08	
1499	3.298131E-09	-2.812081E-08	
1500	0.000000E+00	-3.324770E-08	
1501	1.640287E-12	-3.320332E-08	
1502	2.486313E-10	-3.308429E-08	
1503	5.657534E-10	-3.290928E-08	
1504	9.436797E-10	-3.268716E-08	
1505	1.373511E-09	-3.242630E-08	
1506	1.847948E-09	-3.213462E-08	
1507	2.360941E-09	-3.181970E-08	
1508	2.907432E-09	-3.148895E-08	
1509	3.483190E-09	-3.114962E-08	
1510	0.000000E+00	-3.647576E-08	
1511	1.731412E-12	-3.642920E-08	
1512	2.622788E-10	-3.630348E-08	
1513	5.965323E-10	-3.611718E-08	
1514	9.945263E-10	-3.587925E-08	
1515	1.446731E-09	-3.559825E-08	
1516	1.945276E-09	-3.528232E-08	
1517	2.483570E-09	-3.493940E-08	
1518	3.056020E-09	-3.457725E-08	
1519	3.657856E-09	-3.420353E-08	
1520	0.000000E+00	-3.974562E-08	
1521	1.821715E-12	-3.969659E-08	
1522	2.757558E-10	-3.956341E-08	
1523	6.268339E-10	-3.936464E-08	
1524	1.044402E-09	-3.910935E-08	
1525	1.518254E-09	-3.880624E-08	
1526	2.039906E-09	-3.846372E-08	
1527	2.602191E-09	-3.809002E-08	
1528	3.198956E-09	-3.769325E-08	
1529	3.824876E-09	-3.728145E-08	
1530	0.000000E+00	-4.305948E-08	
1531	1.911747E-12	-4.300767E-08	
1532	2.891592E-10	-4.286617E-08	
1533	6.569019E-10	-4.265360E-08	
1534	1.093758E-09	-4.237914E-08	
1535	1.588804E-09	-4.205167E-08	
1536	2.132908E-09	-4.167984E-08	
1537	2.718294E-09	-4.127216E-08	
1538	3.338228E-09	-4.083710E-08	
1539	3.986820E-09	-4.038309E-08	
1540	0.000000E+00	-4.641985E-08	
1541	2.002010E-12	-4.636493E-08	
1542	3.025781E-10	-4.621418E-08	
1543	6.869628E-10	-4.598634E-08	
1544	1.143013E-09	-4.569072E-08	
1545	1.659054E-09	-4.533639E-08	
1546	2.225271E-09	-4.493223E-08	
1547	2.833253E-09	-4.448704E-08	
1548	3.475662E-09	-4.400964E-08	
1549	4.146032E-09	-4.350887E-08	
1550	0.000000E+00	-4.982950E-08	
1551	2.092929E-12	-4.977113E-08	
1552	3.160908E-10	-4.961016E-08	
1553	7.172171E-10	-4.936551E-08	
1554	1.192540E-09	-4.904662E-08	
1555	1.729604E-09	-4.866274E-08	
1556	2.317883E-09	-4.822298E-08	
1557	2.948299E-09	-4.773646E-08	
1558	3.612887E-09	-4.721234E-08	
1559	4.304585E-09	-4.665990E-08	
1560	0.000000E+00	-5.329150E-08	
1561	2.184831E-12	-5.322935E-08	
1562	3.297605E-10	-5.305719E-08	
1563	7.478312E-10	-5.279414E-08	
1564	1.242657E-09	-5.244978E-08	
1565	1.800972E-09	-5.203352E-08	
1566	2.411506E-09	-5.155470E-08	
1567	3.064489E-09	-5.102275E-08	
1568	3.751297E-09	-5.044723E-08	
1569	4.464250E-09	-4.983786E-08	
1570	0.000000E+00	-5.680923E-08	
1571	2.277900E-12	-5.674298E-08	
1572	3.436301E-10	-5.655868E-08	
1573	7.789272E-10	-5.627565E-08	
1574	1.293604E-09	-5.590356E-08	
1575	1.873561E-09	-5.545199E-08	
1576	2.506755E-09	-5.493049E-08	
1577	3.182682E-09	-5.434881E-08	
1578	3.892026E-09	-5.371691E-08	
1579	4.626458E-09	-5.304501E-08	
1580	0.000000E+00	-6.038634E-08	
1581	2.372140E-12	-6.031570E-08	
1582	3.577170E-10	-6.011837E-08	
1583	8.105707E-10	-5.981381E-08	
1584	1.345534E-09	-5.941175E-08	
1585	1.947651E-09	-5.892187E-08	
1586	2.604068E-09	-5.835395E-08	
1587	3.303509E-09	-5.771802E-08	
1588	4.035921E-09	-5.702447E-08	
1589	4.792278E-09	-5.628408E-08	
