stress
2
1489
-1
0
2.6965439686970385E-4
0.28522248316106713
1	-3.986348E-02	-9.307506E-02	9.236973E-04	
2	-3.723027E-02	-9.212657E-02	2.178123E-03	
3	-3.879899E-02	-9.237966E-02	3.086820E-03	
4	-4.119412E-02	-9.274405E-02	4.360301E-03	
5	-4.482775E-02	-9.387949E-02	5.916238E-03	
6	-5.028289E-02	-9.623596E-02	7.888835E-03	
7	-5.858342E-02	-1.003410E-01	1.066817E-02	
8	-7.198762E-02	-1.096555E-01	1.474199E-02	
9	-9.627032E-02	-1.203925E-01	2.388381E-02	
10	-1.456578E-01	-2.366850E-01	6.415499E-02	
11	-4.021505E-02	-9.385154E-02	9.273306E-04	
12	-3.876819E-02	-9.292513E-02	2.652115E-03	
13	-3.957257E-02	-9.296766E-02	4.159585E-03	
14	-4.148168E-02	-9.357382E-02	5.787375E-03	
15	-4.444470E-02	-9.495389E-02	7.902289E-03	
16	-4.878908E-02	-9.762087E-02	1.076300E-02	
17	-5.512181E-02	-1.029560E-01	1.494283E-02	
18	-6.380966E-02	-1.114378E-01	2.147836E-02	
19	-7.572677E-02	-1.437160E-01	3.828739E-02	
20	-4.335214E-02	-1.860865E-01	2.523336E-02	
21	-4.060906E-02	-9.477395E-02	9.849292E-04	
22	-3.947619E-02	-9.384480E-02	2.929703E-03	
23	-3.995768E-02	-9.383561E-02	4.816086E-03	
24	-4.118359E-02	-9.460222E-02	6.841527E-03	
25	-4.318427E-02	-9.630369E-02	9.376965E-03	
26	-4.597330E-02	-9.960803E-02	1.279757E-02	
27	-4.931214E-02	-1.054166E-01	1.750988E-02	
28	-5.249236E-02	-1.182027E-01	2.513383E-02	
29	-4.400569E-02	-1.436253E-01	3.014365E-02	
30	-1.905847E-02	-1.566101E-01	5.744086E-03	
31	-4.104900E-02	-9.580042E-02	1.058197E-03	
32	-3.973051E-02	-9.484256E-02	3.137087E-03	
33	-3.985502E-02	-9.486980E-02	5.218118E-03	
34	-4.036895E-02	-9.579529E-02	7.503336E-03	
35	-4.124407E-02	-9.785572E-02	1.027172E-02	
36	-4.218008E-02	-1.016123E-01	1.379569E-02	
37	-4.250941E-02	-1.084594E-01	1.839916E-02	
38	-3.911826E-02	-1.210519E-01	2.308074E-02	
39	-2.627405E-02	-1.380506E-01	2.013081E-02	
40	-9.209413E-03	-1.375623E-01	-3.217727E-03	
41	-4.152152E-02	-9.690819E-02	1.120470E-03	
42	-3.969429E-02	-9.587576E-02	3.271666E-03	
43	-3.936466E-02	-9.598349E-02	5.421018E-03	
44	-3.913909E-02	-9.707531E-02	7.804399E-03	
45	-3.884200E-02	-9.940659E-02	1.056276E-02	
46	-3.797685E-02	-1.035611E-01	1.382589E-02	
47	-3.533898E-02	-1.105825E-01	1.733641E-02	
48	-2.854414E-02	-1.211384E-01	1.887431E-02	
49	-1.629068E-02	-1.311168E-01	1.218755E-02	
50	-4.756751E-03	-1.243804E-01	-7.576455E-03	
51	-4.239886E-02	-9.897223E-02	1.158983E-03	
52	-3.903921E-02	-9.767518E-02	3.322606E-03	
53	-3.780895E-02	-9.795312E-02	5.406124E-03	
54	-3.634269E-02	-9.920767E-02	7.625868E-03	
55	-3.436394E-02	-1.016723E-01	9.918458E-03	
56	-3.131321E-02	-1.056577E-01	1.201337E-02	
57	-2.626659E-02	-1.113093E-01	1.303556E-02	
58	-1.833128E-02	-1.175516E-01	1.096130E-02	
59	-8.401575E-03	-1.199158E-01	3.022228E-03	
60	-1.011317E-03	-1.097571E-01	-1.047472E-02	
61	-4.364166E-02	-1.019021E-01	1.109233E-03	
62	-3.771020E-02	-9.997662E-02	3.058142E-03	
63	-3.523790E-02	-1.003428E-01	4.730673E-03	
64	-3.229004E-02	-1.015416E-01	6.306081E-03	
65	-2.860545E-02	-1.036372E-01	7.538874E-03	
66	-2.383587E-02	-1.065015E-01	7.957356E-03	
67	-1.773639E-02	-1.095191E-01	6.761417E-03	
68	-1.059995E-02	-1.110615E-01	2.979328E-03	
69	-3.814974E-03	-1.082122E-01	-3.686860E-03	
70	3.564263E-04	-9.794674E-02	-1.134876E-02	
71	-4.475467E-02	-1.045293E-01	9.463303E-04	
72	-3.628543E-02	-1.017885E-01	2.512542E-03	
73	-3.281620E-02	-1.019948E-01	3.649695E-03	
74	-2.891983E-02	-1.027971E-01	4.483371E-03	
75	-2.446449E-02	-1.040719E-01	4.756164E-03	
76	-1.936413E-02	-1.054534E-01	4.095325E-03	
77	-1.376323E-02	-1.061977E-01	2.088616E-03	
78	-8.208015E-03	-1.050940E-01	-1.458091E-03	
79	-3.655951E-03	-1.007081E-01	-6.063626E-03	
80	-1.016960E-03	-9.212981E-02	-1.022915E-02	
81	-4.564757E-02	-1.066391E-01	7.271974E-04	
82	-3.506073E-02	-1.030436E-01	1.856401E-03	
83	-3.094041E-02	-1.029035E-01	2.503549E-03	
84	-2.657450E-02	-1.031345E-01	2.756694E-03	
85	-2.195616E-02	-1.035150E-01	2.433010E-03	
86	-1.713936E-02	-1.036442E-01	1.335913E-03	
87	-1.236039E-02	-1.029331E-01	-6.462658E-04	
88	-8.050841E-03	-1.006669E-01	-3.375726E-03	
89	-4.721444E-03	-9.623214E-02	-6.300868E-03	
90	-2.698509E-03	-8.948916E-02	-8.433592E-03	
91	-4.629317E-02	-1.081658E-01	5.031745E-04	
92	-3.413610E-02	-1.037984E-01	1.227826E-03	
93	-2.966225E-02	-1.032419E-01	1.504895E-03	
94	-2.514645E-02	-1.028968E-01	1.399204E-03	
95	-2.065008E-02	-1.025270E-01	8.128914E-04	
96	-1.626053E-02	-1.017941E-01	-3.163865E-04	
97	-1.217165E-02	-1.003034E-01	-1.948078E-03	
98	-8.647340E-03	-9.768017E-02	-3.862160E-03	
99	-5.924651E-03	-9.371327E-02	-5.616882E-03	
100	-4.073387E-03	-8.853321E-02	-6.594085E-03	
101	-4.670986E-02	-1.091522E-01	3.068005E-04	
102	-3.350004E-02	-1.041652E-01	7.027883E-04	
103	-2.887808E-02	-1.032167E-01	7.365489E-04	
104	-2.438238E-02	-1.023891E-01	4.551821E-04	
105	-2.009491E-02	-1.014759E-01	-1.777226E-04	
106	-1.608392E-02	-1.002216E-01	-1.151240E-03	
107	-1.247130E-02	-9.838259E-02	-2.372073E-03	
108	-9.392744E-03	-9.578250E-02	-3.636427E-03	
109	-6.932482E-03	-9.239252E-02	-4.631543E-03	
110	-5.050536E-03	-8.841114E-02	-4.986609E-03	
111	-4.693896E-02	-1.096958E-01	1.513342E-04	
112	-3.309542E-02	-1.042616E-01	3.036094E-04	
113	-2.844597E-02	-1.029970E-01	1.957583E-04	
114	-2.404049E-02	-1.018134E-01	-1.410223E-04	
115	-1.995548E-02	-1.005468E-01	-7.087179E-04	
116	-1.622540E-02	-9.901316E-02	-1.467530E-03	
117	-1.291007E-02	-9.706750E-02	-2.321529E-03	
118	-1.006244E-02	-9.463884E-02	-3.113026E-03	
119	-7.687605E-03	-9.177067E-02	-3.636508E-03	
120	-5.706530E-03	-8.865184E-02	-3.678572E-03	
121	-4.702651E-02	-1.099050E-01	3.626866E-05	
122	-3.285826E-02	-1.041848E-01	1.881527E-05	
123	-2.824144E-02	-1.026966E-01	-1.611023E-04	
124	-2.394070E-02	-1.012794E-01	-4.864612E-04	
125	-2.001771E-02	-9.980850E-02	-9.442666E-04	
126	-1.647599E-02	-9.815097E-02	-1.490887E-03	
127	-1.333191E-02	-9.622003E-02	-2.048574E-03	
128	-1.059053E-02	-9.399524E-02	-2.508522E-03	
129	-8.219933E-03	-9.154078E-02	-2.745081E-03	
130	-6.133640E-03	-8.901398E-02	-2.642425E-03	
131	-4.701238E-02	-1.098740E-01	-4.642772E-05	
132	-3.273528E-02	-1.040038E-01	-1.790569E-04	
133	-2.817423E-02	-1.023814E-01	-3.897436E-04	
134	-2.396614E-02	-1.008351E-01	-6.732326E-04	
135	-2.015776E-02	-9.926958E-02	-1.012520E-03	
136	-1.673049E-02	-9.758368E-02	-1.371680E-03	
137	-1.367463E-02	-9.572090E-02	-1.697238E-03	
138	-1.097091E-02	-9.368077E-02	-1.923354E-03	
139	-8.573275E-03	-9.152646E-02	-1.982303E-03	
140	-6.399696E-03	-8.938416E-02	-1.819849E-03	
141	-4.692536E-02	-1.096708E-01	-1.076706E-04	
142	-3.268897E-02	-1.037605E-01	-3.220170E-04	
143	-2.818741E-02	-1.020827E-01	-5.440541E-04	
144	-2.404965E-02	-1.004930E-01	-7.776091E-04	
145	-2.031157E-02	-9.891380E-02	-1.006242E-03	
146	-1.694219E-02	-9.725954E-02	-1.205310E-03	
147	-1.391973E-02	-9.548485E-02	-1.345255E-03	
148	-1.121608E-02	-9.359214E-02	-1.396309E-03	
149	-8.783249E-03	-9.163533E-02	-1.334503E-03	
150	-6.547101E-03	-8.971713E-02	-1.148181E-03	
151	-4.678208E-02	-1.093346E-01	-1.585028E-04	
152	-3.269673E-02	-1.034737E-01	-4.407391E-04	
153	-2.825098E-02	-1.018080E-01	-6.713912E-04	
154	-2.415991E-02	-1.002467E-01	-8.607218E-04	
155	-2.045364E-02	-9.871840E-02	-9.930144E-04	
156	-1.709779E-02	-9.713945E-02	-1.054005E-03	
157	-1.406950E-02	-9.546122E-02	-1.035275E-03	
158	-1.134263E-02	-9.367767E-02	-9.379705E-04	
159	-8.874639E-03	-9.182983E-02	-7.747911E-04	
160	-6.599842E-03	-9.000506E-02	-5.694398E-04	
161	-4.658784E-02	-1.088782E-01	-2.086367E-04	
162	-3.274765E-02	-1.031426E-01	-5.619712E-04	
163	-2.835487E-02	-1.015478E-01	-8.120644E-04	
164	-2.429077E-02	-1.000793E-01	-9.727196E-04	
165	-2.058443E-02	-9.866145E-02	-1.025890E-03	
166	-1.720559E-02	-9.720002E-02	-9.639716E-04	
167	-1.413931E-02	-9.562980E-02	-7.959215E-04	
168	-1.137003E-02	-9.392559E-02	-5.508434E-04	
169	-8.866375E-03	-9.211127E-02	-2.767394E-04	
170	-6.571740E-03	-9.026422E-02	-3.386427E-05	
171	-4.633862E-02	-1.082921E-01	-2.656753E-04	
172	-3.283739E-02	-1.027497E-01	-7.073179E-04	
173	-2.850133E-02	-1.012786E-01	-9.994503E-04	
174	-2.445330E-02	-9.996593E-02	-1.155689E-03	
175	-2.072408E-02	-9.872261E-02	-1.150176E-03	
176	-1.729327E-02	-9.743130E-02	-9.760813E-04	
177	-1.416027E-02	-9.599529E-02	-6.548014E-04	
178	-1.132822E-02	-9.435613E-02	-2.415010E-04	
179	-8.783240E-03	-9.251193E-02	1.770034E-04	
180	-6.478693E-03	-9.053104E-02	4.959956E-04	
181	-4.602345E-02	-1.075511E-01	-3.344928E-04	
182	-3.295946E-02	-1.022632E-01	-8.919011E-04	
183	-2.869382E-02	-1.009653E-01	-1.258377E-03	
184	-2.466475E-02	-9.987430E-02	-1.440758E-03	
185	-2.090946E-02	-9.888002E-02	-1.401041E-03	
186	-1.741339E-02	-9.782983E-02	-1.127184E-03	
187	-1.419283E-02	-9.657972E-02	-6.437201E-04	
188	-1.127593E-02	-9.501555E-02	-2.736325E-05	
189	-8.676996E-03	-9.309021E-02	5.897343E-04	
190	-6.364349E-03	-9.085929E-02	1.039563E-03	
191	-4.562815E-02	-1.066208E-01	-4.177289E-04	
192	-3.308736E-02	-1.016416E-01	-1.125708E-03	
193	-2.890761E-02	-1.005684E-01	-1.599202E-03	
194	-2.492826E-02	-9.977270E-02	-1.831213E-03	
195	-2.118452E-02	-9.910558E-02	-1.778981E-03	
196	-1.766418E-02	-9.838312E-02	-1.430077E-03	
197	-1.436129E-02	-9.740513E-02	-7.957456E-04	
198	-1.133487E-02	-9.596884E-02	5.867059E-05	
199	-8.663103E-03	-9.392985E-02	9.496287E-04	
200	-6.339831E-03	-9.130833E-02	1.600470E-03	
201	-4.513481E-02	-1.054656E-01	-5.198544E-04	
202	-3.312183E-02	-1.008391E-01	-1.411096E-03	
203	-2.904558E-02	-1.000779E-01	-2.005556E-03	
204	-2.515894E-02	-9.965939E-02	-2.256001E-03	
205	-2.159068E-02	-9.937753E-02	-2.168953E-03	
206	-1.821659E-02	-9.902450E-02	-1.797983E-03	
207	-1.495273E-02	-9.843372E-02	-1.115654E-03	
208	-1.178457E-02	-9.728426E-02	-6.469879E-05	
209	-8.946760E-03	-9.516028E-02	1.221676E-03	
210	-6.654048E-03	-9.193636E-02	2.201268E-03	
211	-4.452346E-02	-1.040211E-01	-6.581270E-04	
212	-3.280958E-02	-9.986052E-02	-1.820164E-03	
213	-2.861869E-02	-9.960597E-02	-2.374290E-03	
214	-2.519972E-02	-9.968102E-02	-2.371685E-03	
215	-2.216711E-02	-9.966779E-02	-2.201572E-03	
216	-1.932249E-02	-9.960315E-02	-1.895713E-03	
217	-1.647437E-02	-9.939828E-02	-1.394348E-03	
218	-1.345516E-02	-9.885562E-02	-5.241029E-04	
219	-1.012140E-02	-9.707941E-02	1.081232E-03	
220	-7.416037E-03	-9.290455E-02	2.942642E-03	
221	-4.373298E-02	-1.022382E-01	-1.237064E-03	
222	-3.006306E-02	-9.898031E-02	-2.090166E-03	
223	-2.745367E-02	-9.982412E-02	-1.557128E-03	
224	-2.511741E-02	-9.985391E-02	-1.316081E-03	
225	-2.308454E-02	-9.990412E-02	-1.157775E-03	
226	-2.122612E-02	-9.991932E-02	-1.033155E-03	
227	-1.942413E-02	-9.991034E-02	-9.030951E-04	
228	-1.749760E-02	-9.978708E-02	-6.835611E-04	
229	-1.510802E-02	-9.950521E-02	-7.604431E-05	
230	-1.112135E-02	-9.506456E-02	2.585178E-03	
231	7.424296E-04	-9.195146E-02	-1.926484E-02	
232	-4.302571E-04	-7.429932E-02	-2.112924E-02	
233	-1.371590E-03	-5.569555E-02	-1.895808E-02	
234	-1.244166E-03	-3.769601E-02	-1.360234E-02	
235	-9.903926E-05	-2.101381E-02	-5.445543E-03	
236	1.358669E-03	-8.560566E-02	-1.527007E-02	
237	8.004643E-04	-7.498162E-02	-1.589354E-02	
238	1.692556E-05	-6.359844E-02	-1.440668E-02	
239	-5.807588E-04	-5.234411E-02	-1.057752E-02	
240	-6.567041E-04	-4.218757E-02	-4.373452E-03	
241	-2.416733E-04	-8.343398E-02	-1.181763E-02	
242	-3.563198E-04	-7.662966E-02	-1.159549E-02	
243	-6.442302E-04	-6.968530E-02	-1.008836E-02	
244	-8.216416E-04	-6.313111E-02	-7.172193E-03	
245	-5.538841E-04	-5.759071E-02	-2.842806E-03	
246	-1.887893E-03	-8.336242E-02	-8.839638E-03	
247	-1.684396E-03	-7.895418E-02	-8.258695E-03	
248	-1.520829E-03	-7.467084E-02	-6.890223E-03	
249	-1.226919E-03	-7.083105E-02	-4.711910E-03	
250	-6.102909E-04	-6.777916E-02	-1.779541E-03	
251	-3.089590E-03	-8.419403E-02	-6.452597E-03	
252	-2.599318E-03	-8.128275E-02	-5.807775E-03	
253	-2.093716E-03	-7.856624E-02	-4.690885E-03	
254	-1.467655E-03	-7.622284E-02	-3.116086E-03	
255	-6.122756E-04	-7.442615E-02	-1.143230E-03	
256	-3.866209E-03	-8.527536E-02	-4.643132E-03	
257	-3.159837E-03	-8.328380E-02	-4.065114E-03	
258	-2.422122E-03	-8.147903E-02	-3.205851E-03	
259	-1.591979E-03	-7.996049E-02	-2.086144E-03	
260	-6.113454E-04	-7.882218E-02	-7.487823E-04	
261	-4.350651E-03	-8.630557E-02	-3.299886E-03	
262	-3.494467E-03	-8.487424E-02	-2.828981E-03	
263	-2.609054E-03	-8.360185E-02	-2.190546E-03	
264	-1.657794E-03	-8.254605E-02	-1.402475E-03	
265	-6.066366E-04	-8.175913E-02	-4.947667E-04	
266	-4.648443E-03	-8.717298E-02	-2.299762E-03	
267	-3.693235E-03	-8.607953E-02	-1.937811E-03	
268	-2.715513E-03	-8.511703E-02	-1.477784E-03	
269	-1.692013E-03	-8.432027E-02	-9.332866E-04	
270	-6.019427E-04	-8.371981E-02	-3.243295E-04	
271	-4.825101E-03	-8.785228E-02	-1.537866E-03	
272	-3.807456E-03	-8.695473E-02	-1.273975E-03	
273	-2.774085E-03	-8.616559E-02	-9.569337E-04	
274	-1.708929E-03	-8.550764E-02	-5.961093E-04	
275	-5.979228E-04	-8.500023E-02	-2.040282E-04	
276	-4.917268E-03	-8.835253E-02	-9.295361E-04	
277	-3.864537E-03	-8.755341E-02	-7.504904E-04	
278	-2.801507E-03	-8.684671E-02	-5.506201E-04	
279	-1.715364E-03	-8.624994E-02	-3.356287E-04	
280	-5.949829E-04	-8.577784E-02	-1.121202E-04	
281	-4.943440E-03	-8.869490E-02	-4.053204E-04	
282	-3.877479E-03	-8.791793E-02	-2.990026E-04	
283	-2.805209E-03	-8.722303E-02	-1.997384E-04	
284	-1.714132E-03	-8.662768E-02	-1.103230E-04	
285	-5.930790E-04	-8.614709E-02	-3.245512E-05	
286	-4.911765E-03	-8.890563E-02	9.311562E-05	
287	-3.850941E-03	-8.807861E-02	1.378561E-04	
288	-2.787090E-03	-8.732666E-02	1.455947E-04	
289	-1.705428E-03	-8.667224E-02	1.152678E-04	
290	-5.920851E-04	-8.613645E-02	4.906738E-05	
291	-4.830122E-03	-8.901721E-02	6.125122E-04	
292	-3.787785E-03	-8.805870E-02	6.080012E-04	
293	-2.746736E-03	-8.716657E-02	5.295756E-04	
294	-1.688363E-03	-8.637386E-02	3.744703E-04	
295	-5.913423E-04	-8.571442E-02	1.464859E-04	
296	-4.729118E-03	-8.907034E-02	1.177527E-03	
297	-3.707632E-03	-8.788300E-02	1.139810E-03	
298	-2.692894E-03	-8.674160E-02	9.815607E-04	
299	-1.660850E-03	-8.569339E-02	6.937603E-04	
300	-5.894485E-04	-8.479473E-02	2.748997E-04	
301	-4.726985E-03	-8.909534E-02	1.781513E-03	
302	-3.708866E-03	-8.756804E-02	1.706799E-03	
303	-2.681565E-03	-8.605614E-02	1.472110E-03	
304	-1.653102E-03	-8.460354E-02	1.061147E-03	
305	-5.864901E-04	-8.326857E-02	4.369852E-04	
306	-5.063623E-03	-8.903955E-02	2.389404E-03	
307	-4.053002E-03	-8.704423E-02	2.234086E-03	
308	-3.019514E-03	-8.506579E-02	1.858038E-03	
309	-1.821466E-03	-8.311611E-02	1.265054E-03	
310	-5.948848E-04	-8.121722E-02	5.188452E-04	
311	-6.322545E-03	-8.867987E-02	3.205962E-03	
312	-5.462105E-03	-8.577653E-02	2.614333E-03	
313	-3.846109E-03	-8.327737E-02	1.544843E-03	
314	-2.155609E-03	-8.140067E-02	7.068191E-04	
315	-5.861392E-04	-7.951088E-02	1.720705E-04	
316	-6.897225E-03	-8.701209E-02	3.807274E-03	
317	-4.317859E-03	-8.231747E-02	1.259032E-03	
318	-2.678454E-03	-8.099239E-02	1.014155E-04	
319	-1.490635E-03	-8.025086E-02	-3.847240E-04	
320	-5.173687E-04	-7.945276E-02	-3.449323E-04	
321	-4.081287E-02	-1.615421E-01	-6.960519E-02	
322	3.147601E-02	9.349161E-03	1.392876E-02	
323	-2.633038E-02	-1.356035E-01	-5.247929E-02	
324	-2.992438E-02	-3.900407E-02	-2.642147E-02	
325	9.881870E-03	7.024712E-03	8.060827E-03	
326	-1.079683E-02	-1.215950E-01	-3.579651E-02	
327	-1.865704E-02	-6.137134E-02	-3.362466E-02	
328	-1.827304E-02	-2.073328E-02	-1.375477E-02	
329	1.991078E-03	9.547012E-03	4.936114E-03	
330	-4.826398E-03	-1.091673E-01	-2.779723E-02	
331	-9.619592E-03	-7.134599E-02	-2.992237E-02	
332	-9.824385E-03	-3.725802E-02	-2.138195E-02	
333	-9.361160E-03	-1.117837E-02	-8.902123E-03	
334	-8.899078E-04	1.094740E-02	2.653289E-03	
335	-1.913687E-03	-1.008681E-01	-2.360475E-02	
336	-4.060609E-03	-7.356917E-02	-2.644538E-02	
337	-5.117992E-03	-4.724454E-02	-2.165066E-02	
338	-3.486155E-03	-2.481008E-02	-1.330547E-02	
339	-1.409385E-03	-1.528558E-03	-3.476184E-03	
340	5.444105E-03	-6.286734E-06	-3.105281E-04	
341	4.022135E-03	-3.631237E-06	-3.644140E-04	
342	2.509759E-03	1.744557E-06	-3.704237E-04	
343	1.143960E-03	2.080526E-05	-2.801023E-04	
344	2.607259E-04	-8.305519E-07	-6.881007E-05	
345	3.638323E-03	-7.627704E-05	-6.511783E-04	
346	2.822036E-03	-3.757449E-05	-8.175248E-04	
347	1.877092E-03	3.040657E-05	-8.472518E-04	
348	9.640337E-04	1.538273E-04	-6.685627E-04	
349	2.563734E-04	1.728406E-04	-2.603276E-04	
350	1.988407E-03	-2.229116E-04	-7.346958E-04	
351	1.703113E-03	-1.114555E-04	-1.027853E-03	
352	1.229515E-03	6.244167E-05	-1.114704E-03	
353	6.779493E-04	3.182709E-04	-9.319196E-04	
354	1.895932E-04	4.892673E-04	-4.173886E-04	
355	5.030547E-04	-4.537576E-04	-5.964742E-04	
356	6.761248E-04	-2.375245E-04	-1.035128E-03	
357	6.036441E-04	6.916977E-05	-1.214933E-03	
358	3.728952E-04	4.853037E-04	-1.076397E-03	
359	1.111342E-04	9.020587E-04	-5.151849E-04	
360	-8.087819E-04	-7.761975E-04	-2.728384E-04	
361	-2.458023E-04	-4.282345E-04	-8.731391E-04	
362	2.983832E-05	3.115014E-05	-1.172119E-03	
363	8.931280E-05	6.394924E-04	-1.113274E-03	
364	1.434616E-05	1.360591E-03	-5.509858E-04	
365	-2.548102E-03	-1.627837E-03	6.422819E-04	
366	-1.500598E-03	-9.796408E-04	-2.555547E-04	
367	-7.681196E-04	-2.019918E-04	-7.909295E-04	
368	-3.025092E-04	7.970812E-04	-9.216803E-04	
369	-8.299234E-05	2.067241E-03	-5.267223E-04	
370	-4.286213E-03	-3.248392E-03	2.330317E-03	
371	-2.793076E-03	-2.114520E-03	1.031150E-03	
372	-1.606631E-03	-8.419618E-04	1.366305E-04	
373	-7.198334E-04	7.282870E-04	-3.322857E-04	
374	-1.483284E-04	2.817475E-03	-2.805565E-04	
375	-5.090304E-03	-5.334275E-03	4.154980E-03	
376	-3.440168E-03	-3.688109E-03	2.541659E-03	
377	-2.047450E-03	-1.916253E-03	1.318906E-03	
378	-9.463171E-04	1.957505E-04	4.829053E-04	
379	-2.141583E-04	2.917092E-03	5.071808E-05	
380	-5.214003E-03	-7.721182E-03	5.821821E-03	
381	-3.608085E-03	-5.608928E-03	4.005102E-03	
382	-2.197310E-03	-3.398042E-03	2.515030E-03	
383	-1.047257E-03	-8.637100E-04	1.322921E-03	
384	-2.505467E-04	2.260441E-03	3.897250E-04	
385	-4.920019E-03	-1.024810E-02	7.166743E-03	
386	-3.473793E-03	-7.768690E-03	5.247977E-03	
387	-2.163502E-03	-5.227955E-03	3.562073E-03	
388	-1.065454E-03	-2.420122E-03	2.065802E-03	
389	-2.714879E-04	8.834795E-04	6.860380E-04	
390	-4.424001E-03	-1.279020E-02	8.129562E-03	
391	-3.185082E-03	-1.006704E-02	6.186912E-03	
392	-2.032373E-03	-7.323680E-03	4.376109E-03	
393	-1.038781E-03	-4.391217E-03	2.647982E-03	
394	-2.822531E-04	-1.093023E-03	9.156280E-04	
395	-3.875869E-03	-1.526563E-02	8.718458E-03	
396	-2.847022E-03	-1.242127E-02	6.805805E-03	
397	-1.865976E-03	-9.597773E-03	4.932699E-03	
398	-9.932380E-04	-6.669241E-03	3.050392E-03	
399	-2.874691E-04	-3.512794E-03	1.072562E-03	
400	-3.364867E-03	-1.762806E-02	8.978506E-03	
401	-2.524141E-03	-1.476857E-02	7.130009E-03	
402	-1.702731E-03	-1.196835E-02	5.246103E-03	
403	-9.451331E-04	-9.142841E-03	3.282471E-03	
404	-2.899507E-04	-6.216919E-03	1.162035E-03	
405	-2.934422E-03	-1.985548E-02	8.969518E-03	
406	-2.249222E-03	-1.706348E-02	7.205541E-03	
407	-1.562601E-03	-1.436488E-02	5.351215E-03	
408	-9.030610E-04	-1.171040E-02	3.368881E-03	
409	-2.913360E-04	-9.063279E-03	1.194857E-03	
410	-2.597917E-03	-2.194022E-02	8.752790E-03	
411	-2.033626E-03	-1.927415E-02	7.084855E-03	
412	-1.452935E-03	-1.673019E-02	5.290590E-03	
413	-8.704041E-04	-1.428675E-02	3.339916E-03	
414	-2.924239E-04	-1.193546E-02	1.183620E-03	
415	-2.351491E-03	-2.388216E-02	8.384239E-03	
416	-1.876085E-03	-2.137878E-02	6.818426E-03	
417	-1.373573E-03	-1.902025E-02	5.106343E-03	
418	-8.474442E-04	-1.680520E-02	3.225513E-03	
419	-2.935158E-04	-1.474469E-02	1.140394E-03	
420	-2.182959E-03	-2.568466E-02	7.911517E-03	
421	-1.769057E-03	-2.336303E-02	6.450523E-03	
422	-1.320594E-03	-2.120292E-02	4.835856E-03	
423	-8.329129E-04	-1.921672E-02	3.052083E-03	
424	-2.946534E-04	-1.742771E-02	1.075570E-03	
425	-2.077354E-03	-2.735252E-02	7.373371E-03	
426	-1.702764E-03	-2.521816E-02	6.017658E-03	
427	-1.288716E-03	-2.325621E-02	4.510049E-03	
428	-8.249788E-04	-2.148773E-02	2.841273E-03	
429	-2.957707E-04	-1.994276E-02	9.974831E-04	
430	-2.020006E-03	-2.889106E-02	6.800165E-03	
431	-1.667476E-03	-2.693972E-02	5.548582E-03	
432	-1.272651E-03	-2.516650E-02	4.153192E-03	
433	-8.217960E-04	-2.359731E-02	2.609869E-03	
434	-2.967761E-04	-2.226513E-02	9.124523E-04	
435	-1.998026E-03	-3.030589E-02	6.214931E-03	
436	-1.654619E-03	-2.852666E-02	5.065062E-03	
437	-1.267758E-03	-2.692680E-02	3.783515E-03	
438	-8.217604E-04	-2.553441E-02	2.370299E-03	
439	-2.975890E-04	-2.438295E-02	8.250477E-04	
440	-2.000833E-03	-3.160283E-02	5.634602E-03	
441	-1.657175E-03	-2.998060E-02	4.582993E-03	
442	-1.270270E-03	-2.853529E-02	3.414172E-03	
443	-8.235929E-04	-2.729545E-02	2.131364E-03	
444	-2.981518E-04	-2.629353E-02	7.384197E-04	
445	-2.020169E-03	-3.278802E-02	5.071243E-03	
446	-1.669697E-03	-3.130525E-02	4.113563E-03	
447	-1.277293E-03	-2.999401E-02	3.054264E-03	
448	-8.263345E-04	-2.888219E-02	1.899015E-03	
449	-2.984302E-04	-2.800050E-02	6.546249E-04	
450	-2.049871E-03	-3.386795E-02	4.533180E-03	
451	-1.688146E-03	-3.250602E-02	3.664349E-03	
452	-1.286710E-03	-3.130784E-02	2.709804E-03	
453	-8.293006E-04	-3.030013E-02	1.677049E-03	
454	-2.984078E-04	-2.951159E-02	5.749108E-04	
455	-1.320780E-01	-1.330503E-01	8.655519E-02	
456	-2.563836E-02	1.765162E-02	8.675604E-04	
457	-6.962017E-03	-2.858722E-03	2.243155E-03	
458	1.320059E-03	5.954416E-04	1.059989E-03	
459	5.107146E-03	-1.262428E-04	6.232414E-04	
460	7.061502E-03	1.840304E-05	3.373928E-04	
461	7.869544E-03	-1.484302E-05	1.404700E-04	
462	7.951246E-03	-7.418604E-06	-7.972301E-06	
463	7.500003E-03	-8.573556E-06	-1.283836E-04	
464	6.635160E-03	-7.493633E-06	-2.291553E-04	
465	-6.377984E-02	-1.182535E-01	7.553746E-02	
466	-5.873413E-02	-1.977765E-02	3.600019E-02	
467	-2.280083E-02	4.020392E-04	9.439986E-03	
468	-1.022609E-02	-1.335159E-03	5.415715E-03	
469	-3.133764E-03	-3.542137E-04	3.000567E-03	
470	6.968068E-04	-3.099965E-04	1.750211E-03	
471	2.873406E-03	-1.976807E-04	9.424914E-04	
472	3.973747E-03	-1.561190E-04	3.762990E-04	
473	4.346550E-03	-1.253223E-04	-5.363089E-05	
474	4.187788E-03	-1.023567E-04	-3.919939E-04	
475	-4.418643E-02	-1.089726E-01	6.229678E-02	
476	-5.041334E-02	-3.781073E-02	4.640108E-02	
477	-3.413459E-02	-8.783033E-03	2.166867E-02	
478	-1.843658E-02	-2.943935E-03	1.061600E-02	
479	-1.003142E-02	-1.745358E-03	6.280477E-03	
480	-4.790068E-03	-9.878955E-04	3.746643E-03	
481	-1.569455E-03	-6.824104E-04	2.192735E-03	
482	3.944965E-04	-4.982889E-04	1.118137E-03	
483	1.488607E-03	-3.896200E-04	3.254009E-04	
484	1.962760E-03	-3.064778E-04	-2.809578E-04	
485	-3.405681E-02	-1.008833E-01	5.313884E-02	
486	-4.177577E-02	-4.822929E-02	4.802346E-02	
487	-3.534932E-02	-1.798920E-02	2.946863E-02	
488	-2.391170E-02	-7.155565E-03	1.651112E-02	
489	-1.510865E-02	-3.688934E-03	9.843343E-03	
490	-9.291228E-03	-2.229059E-03	6.137339E-03	
491	-5.348124E-03	-1.474075E-03	3.772162E-03	
492	-2.728371E-03	-1.069406E-03	2.149959E-03	
493	-1.038301E-03	-8.164943E-04	9.623060E-04	
494	-2.235436E-05	-6.305137E-04	6.720251E-05	
495	-2.828035E-02	-9.429514E-02	4.702275E-02	
496	-3.458331E-02	-5.404130E-02	4.668102E-02	
497	-3.311389E-02	-2.581323E-02	3.349368E-02	
498	-2.603513E-02	-1.218680E-02	2.123083E-02	
499	-1.857355E-02	-6.457843E-03	1.340381E-02	
500	-1.270841E-02	-3.905508E-03	8.658179E-03	
501	-8.421251E-03	-2.604973E-03	5.559267E-03	
502	-5.355152E-03	-1.873200E-03	3.390993E-03	
503	-3.211532E-03	-1.416037E-03	1.803281E-03	
504	-1.754060E-03	-1.080874E-03	6.109682E-04	
505	-2.230070E-02	-8.560387E-02	3.992087E-02	
506	-2.718670E-02	-5.832207E-02	4.210582E-02	
507	-2.839839E-02	-3.516171E-02	3.527407E-02	
508	-2.531541E-02	-2.047180E-02	2.619570E-02	
509	-2.044159E-02	-1.233174E-02	1.851203E-02	
510	-1.565232E-02	-7.930400E-03	1.285568E-02	
511	-1.161130E-02	-5.447294E-03	8.790462E-03	
512	-8.389035E-03	-3.950035E-03	5.817573E-03	
513	-5.887334E-03	-2.970589E-03	3.593440E-03	
514	-3.979203E-03	-2.250834E-03	1.907598E-03	
515	-1.696507E-02	-7.716327E-02	3.362643E-02	
516	-2.006973E-02	-5.989881E-02	3.637443E-02	
517	-2.214537E-02	-4.295974E-02	3.393520E-02	
518	-2.191837E-02	-2.952696E-02	2.855324E-02	
519	-1.984436E-02	-2.018491E-02	2.253747E-02	
520	-1.688443E-02	-1.408778E-02	1.712136E-02	
521	-1.376346E-02	-1.015716E-02	1.265824E-02	
522	-1.085279E-02	-7.563194E-03	9.096231E-03	
523	-8.292386E-03	-5.761799E-03	6.278161E-03	
524	-6.109546E-03	-4.403271E-03	4.058088E-03	
525	-1.396537E-02	-7.157316E-02	2.942091E-02	
526	-1.565113E-02	-5.931750E-02	3.170791E-02	
527	-1.726201E-02	-4.670031E-02	3.100407E-02	
528	-1.785910E-02	-3.548838E-02	2.798637E-02	
529	-1.722865E-02	-2.654881E-02	2.379530E-02	
530	-1.566043E-02	-1.989128E-02	1.937960E-02	
531	-1.357244E-02	-1.508856E-02	1.527806E-02	
532	-1.130287E-02	-1.162674E-02	1.170220E-02	
533	-9.065070E-03	-9.062746E-03	8.684802E-03	
534	-6.975046E-03	-7.053452E-03	6.187219E-03	
535	-1.184639E-02	-6.763917E-02	2.626148E-02	
536	-1.272966E-02	-5.826370E-02	2.807992E-02	
537	-1.376273E-02	-4.846015E-02	2.802680E-02	
538	-1.438926E-02	-3.923051E-02	2.631928E-02	
539	-1.431610E-02	-3.123948E-02	2.349242E-02	
540	-1.353862E-02	-2.472670E-02	2.013188E-02	
541	-1.222205E-02	-1.960638E-02	1.669164E-02	
542	-1.057443E-02	-1.562836E-02	1.344755E-02	
543	-8.775783E-03	-1.249994E-02	1.053252E-02	
544	-6.958495E-03	-9.945381E-03	7.990946E-03	
545	-1.023871E-02	-6.471771E-02	2.368837E-02	
546	-1.062063E-02	-5.718169E-02	2.515146E-02	
547	-1.120630E-02	-4.927295E-02	2.535641E-02	
548	-1.165178E-02	-4.158931E-02	2.437141E-02	
549	-1.171977E-02	-3.459228E-02	2.245816E-02	
550	-1.132005E-02	-2.853134E-02	1.995951E-02	
551	-1.048486E-02	-2.345430E-02	1.719689E-02	
552	-9.313877E-03	-1.926722E-02	1.441408E-02	
553	-7.925620E-03	-1.580128E-02	1.176716E-02	
554	-6.430064E-03	-1.286092E-02	9.340147E-03	
555	-8.990186E-03	-6.245144E-02	2.150060E-02	
556	-9.039745E-03	-5.618068E-02	2.270383E-02	
557	-9.295321E-03	-4.960573E-02	2.301289E-02	
558	-9.534991E-03	-4.310182E-02	2.244427E-02	
559	-9.581815E-03	-3.698464E-02	2.113191E-02	
560	-9.335567E-03	-3.146036E-02	1.927765E-02	
561	-8.773450E-03	-2.661434E-02	1.709621E-02	
562	-7.930183E-03	-2.242980E-02	1.477472E-02	
563	-6.872308E-03	-1.881947E-02	1.245325E-02	
564	-5.677691E-03	-1.565547E-02	1.022238E-02	
565	-8.023746E-03	-6.062942E-02	1.959211E-02	
566	-7.842911E-03	-5.527778E-02	2.060417E-02	
567	-7.856955E-03	-4.968090E-02	2.095206E-02	
568	-7.915550E-03	-4.408464E-02	2.063402E-02	
569	-7.888738E-03	-3.870720E-02	1.972127E-02	
570	-7.687870E-03	-3.370755E-02	1.833478E-02	
571	-7.272248E-03	-2.917193E-02	1.661563E-02	
572	-6.643451E-03	-2.511710E-02	1.469881E-02	
573	-5.833336E-03	-2.150399E-02	1.269587E-02	
574	-4.891517E-03	-1.825438E-02	1.068679E-02	
575	-7.290307E-03	-5.912160E-02	1.789997E-02	
576	-6.945567E-03	-5.446623E-02	1.876780E-02	
577	-6.782394E-03	-4.961228E-02	1.912440E-02	
578	-6.694556E-03	-4.472684E-02	1.896181E-02	
579	-6.585638E-03	-3.996351E-02	1.831879E-02	
580	-6.382582E-03	-3.544242E-02	1.726908E-02	
581	-6.042275E-03	-3.123918E-02	1.590503E-02	
582	-5.551228E-03	-2.738305E-02	1.432099E-02	
583	-4.920480E-03	-2.386219E-02	1.260021E-02	
584	-4.178585E-03	-2.063265E-02	1.080625E-02	
585	-6.752611E-03	-5.784540E-02	1.638263E-02	
586	-6.289821E-03	-5.373535E-02	1.713779E-02	
587	-5.996407E-03	-4.946307E-02	1.748760E-02	
588	-5.794450E-03	-4.514573E-02	1.742244E-02	
589	-5.611150E-03	-4.089376E-02	1.696331E-02	
590	-5.387561E-03	-3.679807E-02	1.615561E-02	
591	-5.083851E-03	-3.292182E-02	1.505964E-02	
592	-4.680623E-03	-2.929747E-02	1.374007E-02	
593	-4.177030E-03	-2.592846E-02	1.225654E-02	
594	-3.586950E-03	-2.279400E-02	1.065635E-02	
595	-6.379239E-03	-5.674708E-02	1.501042E-02	
596	-5.831261E-03	-5.307602E-02	1.567404E-02	
597	-5.442184E-03	-4.927124E-02	1.600809E-02	
598	-5.152962E-03	-4.541725E-02	1.600290E-02	
599	-4.907469E-03	-4.159529E-02	1.566934E-02	
600	-4.658185E-03	-3.787500E-02	1.503531E-02	
601	-4.370055E-03	-3.430855E-02	1.413996E-02	
602	-4.022069E-03	-3.092796E-02	1.302689E-02	
603	-3.606732E-03	-2.774530E-02	1.173760E-02	
604	-3.127944E-03	-2.475541E-02	1.030574E-02	
605	-6.142508E-03	-5.579095E-02	1.376102E-02	
606	-5.533386E-03	-5.248158E-02	1.434741E-02	
607	-5.074175E-03	-4.906123E-02	1.465994E-02	
608	-4.718809E-03	-4.559249E-02	1.468950E-02	
609	-4.423047E-03	-4.213658E-02	1.444098E-02	
610	-4.148206E-03	-3.874788E-02	1.393122E-02	
611	-3.863871E-03	-3.546981E-02	1.318535E-02	
612	-3.549258E-03	-3.233268E-02	1.223236E-02	
613	-3.193176E-03	-2.935356E-02	1.110044E-02	
614	-2.792793E-03	-2.653781E-02	9.812809E-03	
615	-6.017825E-03	-5.495267E-02	1.261726E-02	
616	-5.365254E-03	-5.194734E-02	1.313630E-02	
617	-4.854679E-03	-4.884952E-02	1.342344E-02	
618	-4.449188E-03	-4.570674E-02	1.347031E-02	
619	-4.113115E-03	-4.256635E-02	1.327823E-02	
620	-3.814476E-03	-3.947177E-02	1.285699E-02	
621	-3.526828E-03	-3.645973E-02	1.222246E-02	
622	-3.230293E-03	-3.355865E-02	1.139359E-02	
623	-2.911650E-03	-3.078841E-02	1.038927E-02	
624	-2.563545E-03	-2.816139E-02	9.225230E-03	
625	-5.983533E-03	-5.421514E-02	1.156575E-02	
626	-5.300451E-03	-5.146991E-02	1.202458E-02	
627	-4.752146E-03	-4.864744E-02	1.228380E-02	
628	-4.308312E-03	-4.578475E-02	1.233580E-02	
629	-3.939542E-03	-4.291943E-02	1.217988E-02	
630	-3.618908E-03	-4.008701E-02	1.182132E-02	
631	-3.323194E-03	-3.731915E-02	1.126994E-02	
632	-3.033606E-03	-3.464246E-02	1.053801E-02	
633	-2.735858E-03	-3.207834E-02	9.638077E-03	
634	-2.419611E-03	-2.964370E-02	8.580852E-03	
635	-6.020892E-03	-5.356591E-02	1.059615E-02	
636	-5.316588E-03	-5.104657E-02	1.100020E-02	
637	-4.740267E-03	-4.846272E-02	1.122999E-02	
638	-4.266483E-03	-4.584392E-02	1.127874E-02	
639	-3.870469E-03	-4.322074E-02	1.114460E-02	
640	-3.529124E-03	-4.062299E-02	1.083014E-02	
641	-3.221812E-03	-3.807842E-02	1.034129E-02	
642	-2.930820E-03	-3.561200E-02	9.685994E-03	
643	-2.641389E-03	-3.324576E-02	8.872715E-03	
644	-2.341293E-03	-3.099932E-02	7.908986E-03	
645	-6.114034E-03	-5.299542E-02	9.700475E-03	
646	-5.394987E-03	-5.067486E-02	1.005419E-02	
647	-4.797376E-03	-4.830045E-02	1.025394E-02	
648	-4.299408E-03	-4.589635E-02	1.029377E-02	
649	-3.879807E-03	-4.348802E-02	1.017137E-02	
650	-3.518416E-03	-4.110096E-02	9.887724E-03	
651	-3.196675E-03	-3.875989E-02	9.446404E-03	
652	-2.897900E-03	-3.648823E-02	8.852697E-03	
653	-2.607258E-03	-3.430801E-02	8.112587E-03	
654	-2.311435E-03	-3.224028E-02	7.231786E-03	
655	-6.249885E-03	-5.249600E-02	8.872674E-03	
656	-5.520425E-03	-5.035232E-02	9.179902E-03	
657	-4.905993E-03	-4.816370E-02	9.349729E-03	
658	-4.387606E-03	-4.595031E-02	9.377036E-03	
659	-3.946681E-03	-4.373374E-02	9.259469E-03	
660	-3.565368E-03	-4.153621E-02	8.997212E-03	
661	-3.226826E-03	-3.937994E-02	8.592548E-03	
662	-2.915355E-03	-3.728688E-02	8.049266E-03	
663	-2.616339E-03	-3.527859E-02	7.371999E-03	
664	-2.315977E-03	-3.337657E-02	6.565594E-03	
665	-6.418037E-03	-5.206114E-02	8.108200E-03	
666	-5.680871E-03	-5.007634E-02	8.372494E-03	
667	-5.052410E-03	-4.805399E-02	8.513129E-03	
668	-4.515884E-03	-4.601121E-02	8.525819E-03	
669	-4.054846E-03	-4.396659E-02	8.408451E-03	
670	-3.653322E-03	-4.193970E-02	8.160957E-03	
671	-3.295941E-03	-3.995064E-02	7.785042E-03	
672	-2.967973E-03	-3.801988E-02	7.283800E-03	
673	-2.655246E-03	-3.616818E-02	6.661293E-03	
674	-2.343920E-03	-3.441684E-02	5.922148E-03	
675	-6.610600E-03	-5.168508E-02	7.403692E-03	
676	-5.867239E-03	-4.984412E-02	7.628457E-03	
677	-5.226310E-03	-4.797168E-02	7.741132E-03	
678	-4.672840E-03	-4.608242E-02	7.738245E-03	
679	-4.192133E-03	-4.419251E-02	7.618102E-03	
680	-3.769800E-03	-4.231928E-02	7.380738E-03	
681	-3.391788E-03	-4.048096E-02	7.027758E-03	
682	-3.044349E-03	-3.869649E-02	6.562106E-03	
683	-2.713939E-03	-3.698559E-02	5.987797E-03	
684	-2.387031E-03	-3.536884E-02	5.309667E-03	
685	-3.957255E-02	-9.235676E-02	3.292898E-04	
686	-3.866211E-02	-9.185013E-02	1.172146E-03	
687	-3.925836E-02	-9.184504E-02	2.175927E-03	
688	-4.026521E-02	-9.216363E-02	3.183972E-03	
689	-4.192035E-02	-9.320809E-02	4.262019E-03	
690	-4.456400E-02	-9.537258E-02	5.452585E-03	
691	-4.882844E-02	-9.942448E-02	6.720206E-03	
692	-5.602133E-02	-1.072656E-01	8.345260E-03	
693	-6.986032E-02	-1.212820E-01	8.863815E-03	
694	-1.012669E-01	-1.974354E-01	3.488503E-03	
695	-3.942093E-02	-9.198854E-02	3.023202E-04	
696	-3.898767E-02	-9.148185E-02	9.631702E-04	
697	-3.947912E-02	-9.137429E-02	1.735213E-03	
698	-4.049324E-02	-9.171602E-02	2.533849E-03	
699	-4.212853E-02	-9.275776E-02	3.269313E-03	
700	-4.467835E-02	-9.492971E-02	3.884246E-03	
701	-4.863099E-02	-9.917405E-02	4.227582E-03	
702	-5.481366E-02	-1.065899E-01	3.951704E-03	
703	-6.447244E-02	-1.284393E-01	-6.121270E-04	
704	-5.987496E-02	-1.715817E-01	9.433349E-03	
705	-3.929484E-02	-9.169493E-02	2.540231E-04	
706	-3.900017E-02	-9.117249E-02	7.950077E-04	
707	-3.944167E-02	-9.102744E-02	1.391195E-03	
708	-4.030164E-02	-9.139654E-02	1.965321E-03	
709	-4.168338E-02	-9.251203E-02	2.398044E-03	
710	-4.373526E-02	-9.485947E-02	2.557943E-03	
711	-4.659854E-02	-9.923504E-02	2.273343E-03	
712	-5.030360E-02	-1.083238E-01	7.889418E-04	
713	-4.997659E-02	-1.282436E-01	1.106277E-04	
714	-3.955275E-02	-1.489499E-01	1.838287E-02	
715	-3.919754E-02	-9.146853E-02	1.981213E-04	
716	-3.880111E-02	-9.091041E-02	6.423008E-04	
717	-3.911701E-02	-9.077075E-02	1.120311E-03	
718	-3.972207E-02	-9.119186E-02	1.521524E-03	
719	-4.066441E-02	-9.243053E-02	1.739964E-03	
720	-4.191304E-02	-9.495088E-02	1.661285E-03	
721	-4.328827E-02	-9.973446E-02	1.125669E-03	
722	-4.347096E-02	-1.089687E-01	4.931246E-04	
723	-3.871877E-02	-1.239426E-01	4.195303E-03	
724	-3.026525E-02	-1.322306E-01	2.331553E-02	
725	-3.912548E-02	-9.130342E-02	1.453324E-04	
726	-3.844059E-02	-9.068074E-02	5.159885E-04	
727	-3.854165E-02	-9.057263E-02	9.247813E-04	
728	-3.880766E-02	-9.106477E-02	1.223946E-03	
729	-3.919307E-02	-9.241791E-02	1.354703E-03	
730	-3.950810E-02	-9.510837E-02	1.263818E-03	
731	-3.919590E-02	-1.000022E-01	1.059082E-03	
732	-3.687547E-02	-1.081576E-01	1.933653E-03	
733	-3.118341E-02	-1.182340E-01	8.187984E-03	
734	-2.544569E-02	-1.196103E-01	2.567524E-02	
735	-3.905110E-02	-9.114060E-02	8.799891E-05	
736	-3.741399E-02	-9.032367E-02	3.846342E-04	
737	-3.699052E-02	-9.030534E-02	7.610027E-04	
738	-3.654287E-02	-9.088844E-02	1.059573E-03	
739	-3.593538E-02	-9.230778E-02	1.317143E-03	
740	-3.487431E-02	-9.488999E-02	1.698297E-03	
741	-3.281267E-02	-9.896756E-02	2.744540E-03	
742	-2.905989E-02	-1.042759E-01	5.847088E-03	
743	-2.384030E-02	-1.082636E-01	1.340282E-02	
744	-2.019801E-02	-1.042517E-01	2.663425E-02	
745	-3.898402E-02	-9.100432E-02	6.647228E-05	
746	-3.561678E-02	-8.973905E-02	3.941855E-04	
747	-3.437157E-02	-8.977142E-02	9.168831E-04	
748	-3.293303E-02	-9.032928E-02	1.486900E-03	
749	-3.113596E-02	-9.152709E-02	2.254581E-03	
750	-2.874110E-02	-9.339519E-02	3.536903E-03	
751	-2.552738E-02	-9.568433E-02	5.925610E-03	
752	-2.156431E-02	-9.743926E-02	1.028177E-02	
753	-1.769823E-02	-9.654927E-02	1.726147E-02	
754	-1.571228E-02	-9.019485E-02	2.608881E-02	
755	-3.889343E-02	-9.081544E-02	1.198682E-04	
756	-3.363558E-02	-8.895534E-02	6.015440E-04	
757	-3.162201E-02	-8.889989E-02	1.384026E-03	
758	-2.940260E-02	-8.922235E-02	2.348612E-03	
759	-2.687225E-02	-8.989474E-02	3.673853E-03	
760	-2.393685E-02	-9.073830E-02	5.646577E-03	
761	-2.063701E-02	-9.130222E-02	8.642312E-03	
762	-1.729603E-02	-9.072727E-02	1.297907E-02	
763	-1.460951E-02	-8.780282E-02	1.857520E-02	
764	-1.340354E-02	-8.146496E-02	2.456987E-02	
765	-3.871037E-02	-9.040967E-02	2.226900E-04	
766	-3.170980E-02	-8.789530E-02	9.215250E-04	
767	-2.910194E-02	-8.762577E-02	1.973947E-03	
768	-2.637476E-02	-8.757578E-02	3.285981E-03	
769	-2.350003E-02	-8.762476E-02	5.002256E-03	
770	-2.048339E-02	-8.751905E-02	7.305379E-03	
771	-1.745869E-02	-8.683878E-02	1.035982E-02	
772	-1.472418E-02	-8.499960E-02	1.419537E-02	
773	-1.269446E-02	-8.137717E-02	1.855982E-02	
774	-1.171768E-02	-7.556301E-02	2.285315E-02	
775	-3.840009E-02	-8.970375E-02	3.441941E-04	
776	-2.996635E-02	-8.656197E-02	1.266235E-03	
777	-2.695570E-02	-8.601222E-02	2.537234E-03	
778	-2.394780E-02	-8.555527E-02	4.081924E-03	
779	-2.096554E-02	-8.503532E-02	5.992554E-03	
780	-1.805079E-02	-8.420662E-02	8.356797E-03	
781	-1.533189E-02	-8.274799E-02	1.121162E-02	
782	-1.301340E-02	-8.029591E-02	1.448083E-02	
783	-1.131983E-02	-7.653085E-02	1.792560E-02	
784	-1.040095E-02	-7.129981E-02	2.114996E-02	
785	-3.795883E-02	-8.868811E-02	4.600263E-04	
786	-2.844915E-02	-8.500661E-02	1.574227E-03	
787	-2.519698E-02	-8.417066E-02	2.992137E-03	
788	-2.206318E-02	-8.334381E-02	4.655540E-03	
789	-1.909275E-02	-8.237241E-02	6.612308E-03	
790	-1.632545E-02	-8.104899E-02	8.888700E-03	
791	-1.385303E-02	-7.914417E-02	1.146172E-02	
792	-1.179947E-02	-7.643564E-02	1.423101E-02	
793	-1.028117E-02	-7.275842E-02	1.700602E-02	
794	-9.357179E-03	-6.806239E-02	1.952374E-02	
795	-3.740325E-02	-8.740166E-02	5.558939E-04	
796	-2.715473E-02	-8.329763E-02	1.814518E-03	
797	-2.378038E-02	-8.220896E-02	3.312055E-03	
798	-2.061641E-02	-8.108203E-02	5.007548E-03	
799	-1.771088E-02	-7.978256E-02	6.919509E-03	
800	-1.508676E-02	-7.814475E-02	9.041579E-03	
801	-1.279850E-02	-7.600731E-02	1.132859E-02	
802	-1.091414E-02	-7.323286E-02	1.368568E-02	
803	-9.489071E-03	-6.973509E-02	1.596822E-02	
804	-8.539332E-03	-6.550571E-02	1.799763E-02	
805	-3.675961E-02	-8.590615E-02	6.262660E-04	
806	-2.605874E-02	-8.150111E-02	1.979131E-03	
807	-2.264463E-02	-8.021117E-02	3.502758E-03	
808	-1.950696E-02	-7.886039E-02	5.173041E-03	
809	-1.668752E-02	-7.733882E-02	6.991857E-03	
810	-1.419011E-02	-7.551636E-02	8.938501E-03	
811	-1.203948E-02	-7.327869E-02	1.096376E-02	
812	-1.026720E-02	-7.053881E-02	1.298700E-02	
813	-8.894103E-03	-6.725096E-02	1.489984E-02	
814	-7.915082E-03	-6.342301E-02	1.657801E-02	
815	-3.605605E-02	-8.426786E-02	6.713715E-04	
816	-2.513127E-02	-7.967232E-02	2.073504E-03	
817	-2.173221E-02	-7.823568E-02	3.584291E-03	
818	-1.865339E-02	-7.673050E-02	5.194830E-03	
819	-1.592709E-02	-7.507018E-02	6.898787E-03	
820	-1.354027E-02	-7.315282E-02	8.671112E-03	
821	-1.149615E-02	-7.089582E-02	1.046628E-02	
822	-9.802996E-03	-6.824224E-02	1.221875E-02	
823	-8.461906E-03	-6.516749E-02	1.384724E-02	
824	-7.457399E-03	-6.168462E-02	1.526325E-02	
825	-3.531814E-02	-8.254714E-02	6.944163E-04	
826	-2.434399E-02	-7.785378E-02	2.109045E-03	
827	-2.099563E-02	-7.632011E-02	3.580291E-03	
828	-1.799409E-02	-7.471835E-02	5.112006E-03	
829	-1.536195E-02	-7.298202E-02	6.694513E-03	
830	-1.307301E-02	-7.103074E-02	8.303296E-03	
831	-1.111547E-02	-6.880340E-02	9.899148E-03	
832	-9.482898E-03	-6.626133E-02	1.142988E-02	
833	-8.165114E-03	-6.339110E-02	1.283420E-02	
834	-7.141737E-03	-6.020632E-02	1.404772E-02	
835	-3.456710E-02	-8.079404E-02	6.996694E-04	
836	-2.367273E-02	-7.607643E-02	2.098575E-03	
837	-2.039780E-02	-7.448726E-02	3.512860E-03	
838	-1.748359E-02	-7.283454E-02	4.956458E-03	
839	-1.494417E-02	-7.106816E-02	6.418904E-03	
840	-1.274367E-02	-6.912397E-02	7.878233E-03	
841	-1.086012E-02	-6.695560E-02	9.301877E-03	
842	-9.277938E-03	-6.453579E-02	1.064865E-02	
843	-7.980519E-03	-6.185702E-02	1.187195E-02	
844	-6.945483E-03	-5.893169E-02	1.292405E-02	
845	-3.381940E-02	-7.904748E-02	6.913851E-04	
846	-2.309775E-02	-7.436162E-02	2.054012E-03	
847	-1.991037E-02	-7.274984E-02	3.400641E-03	
848	-1.708851E-02	-7.108089E-02	4.752802E-03	
849	-1.463937E-02	-6.931748E-02	6.100434E-03	
850	-1.252033E-02	-6.740769E-02	7.424698E-03	
851	-1.070273E-02	-6.531546E-02	8.699019E-03	
852	-9.165336E-03	-6.302081E-02	9.890962E-03	
853	-7.888064E-03	-6.051940E-02	1.096478E-02	
854	-6.848039E-03	-5.782190E-02	1.188451E-02	
855	-3.308719E-02	-7.733617E-02	6.733068E-04	
856	-2.260326E-02	-7.272330E-02	1.985448E-03	
857	-1.951176E-02	-7.111398E-02	3.258504E-03	
858	-1.678423E-02	-6.945446E-02	4.519465E-03	
859	-1.442250E-02	-6.771736E-02	5.759157E-03	
860	-1.237956E-02	-6.585990E-02	6.961751E-03	
861	-1.062249E-02	-6.385337E-02	8.105731E-03	
862	-9.126742E-03	-6.168260E-02	9.165500E-03	
863	-7.870430E-03	-5.934495E-02	1.011338E-02	
864	-6.830998E-03	-5.684939E-02	1.092183E-02	
865	-3.237901E-02	-7.568030E-02	6.485124E-04	
866	-2.217666E-02	-7.116979E-02	1.900987E-03	
867	-1.918552E-02	-6.958145E-02	3.097902E-03	
868	-1.655234E-02	-6.794991E-02	4.269998E-03	
869	-1.427498E-02	-6.625525E-02	5.409095E-03	
870	-1.230378E-02	-6.446163E-02	6.502009E-03	
871	-1.060333E-02	-6.254561E-02	7.531328E-03	
872	-9.147216E-03	-6.049527E-02	8.476753E-03	
873	-7.912820E-03	-5.830892E-02	9.316626E-03	
874	-6.878287E-03	-5.599400E-02	1.002958E-02	
875	-3.170047E-02	-7.409320E-02	6.194298E-04	
876	-2.180792E-02	-6.970527E-02	1.806914E-03	
877	-1.891895E-02	-6.815122E-02	2.927468E-03	
878	-1.637892E-02	-6.656074E-02	4.014253E-03	
879	-1.418280E-02	-6.491942E-02	5.060034E-03	
880	-1.227961E-02	-6.319670E-02	6.053835E-03	
881	-1.063264E-02	-6.137298E-02	6.981516E-03	
882	-9.214604E-03	-5.943861E-02	7.826859E-03	
883	-8.002790E-03	-5.739239E-02	8.572748E-03	
884	-6.976212E-03	-5.524049E-02	9.202390E-03	
885	-3.105496E-02	-7.258292E-02	5.879241E-04	
886	-2.148897E-02	-6.833087E-02	1.708000E-03	
887	-1.870223E-02	-6.682043E-02	2.753611E-03	
888	-1.625336E-02	-6.527995E-02	3.759339E-03	
889	-1.413531E-02	-6.369910E-02	4.718793E-03	
890	-1.229675E-02	-6.205129E-02	5.622792E-03	
891	-1.070053E-02	-6.031979E-02	6.459777E-03	
892	-9.319125E-03	-5.849650E-02	7.216680E-03	
893	-8.130108E-03	-5.658049E-02	7.879833E-03	
894	-7.113433E-03	-5.457690E-02	8.435891E-03	
895	-3.044415E-02	-7.115348E-02	5.554033E-04	
896	-2.121329E-02	-6.704553E-02	1.607810E-03	
897	-1.852765E-02	-6.558501E-02	2.581034E-03	
898	-1.616748E-02	-6.410044E-02	3.510360E-03	
899	-1.412438E-02	-6.258445E-02	4.390123E-03	
900	-1.234734E-02	-6.101347E-02	5.212591E-03	
901	-1.079935E-02	-5.937290E-02	5.968234E-03	
902	-9.453082E-03	-5.765575E-02	6.646422E-03	
903	-8.286628E-03	-5.586118E-02	7.236132E-03	
904	-7.280884E-03	-5.399346E-02	7.726650E-03	
905	-2.986845E-02	-6.980591E-02	5.229162E-04	
906	-2.097559E-02	-6.584662E-02	1.508976E-03	
907	-1.838920E-02	-6.444011E-02	2.413158E-03	
908	-1.611504E-02	-6.301516E-02	3.270954E-03	
909	-1.414386E-02	-6.156645E-02	4.077323E-03	
910	-1.242544E-02	-6.007279E-02	4.825702E-03	
911	-1.092332E-02	-5.852113E-02	5.508162E-03	
912	-9.610646E-03	-5.690525E-02	6.115969E-03	
913	-8.466160E-03	-5.522433E-02	6.640150E-03	
914	-7.471672E-03	-5.348189E-02	7.072024E-03	
915	-1.759378E-02	-4.272880E-02	9.724527E-03	
916	-1.773321E-02	-4.350920E-02	1.082153E-02	
917	-1.821109E-02	-4.550385E-02	1.222283E-02	
918	-1.889104E-02	-4.889801E-02	1.448375E-02	
919	-2.051284E-02	-7.134158E-02	1.979805E-02	
920	-1.627980E-02	-4.322242E-02	9.713219E-03	
921	-1.605123E-02	-4.421765E-02	1.085989E-02	
922	-1.566141E-02	-4.607044E-02	1.229388E-02	
923	-1.478648E-02	-5.237721E-02	1.490894E-02	
924	-5.908530E-03	-6.146041E-02	1.089084E-02	
925	-1.484116E-02	-4.374586E-02	9.559796E-03	
926	-1.411957E-02	-4.477740E-02	1.061121E-02	
927	-1.293525E-02	-4.717327E-02	1.191416E-02	
928	-9.355604E-03	-5.188497E-02	1.226308E-02	
929	-3.124187E-03	-5.517904E-02	6.667736E-03	
930	-1.333587E-02	-4.420238E-02	9.237522E-03	
931	-1.217028E-02	-4.532345E-02	1.011170E-02	
932	-1.010596E-02	-4.749875E-02	1.073921E-02	
933	-6.275812E-03	-5.054709E-02	9.676608E-03	
934	-1.795902E-03	-5.069713E-02	4.367620E-03	
935	-1.185785E-02	-4.458644E-02	8.765829E-03	
936	-1.028829E-02	-4.564242E-02	9.336074E-03	
937	-7.856573E-03	-4.731808E-02	9.340748E-03	
938	-4.439945E-03	-4.894978E-02	7.587046E-03	
939	-1.246443E-03	-4.744665E-02	2.995124E-03	
940	-9.659413E-03	-4.489932E-02	7.670338E-03	
941	-7.857831E-03	-4.557436E-02	7.682610E-03	
942	-5.496463E-03	-4.631406E-02	6.980861E-03	
943	-2.804179E-03	-4.629562E-02	5.021574E-03	
944	-7.464511E-04	-4.399250E-02	1.783291E-03	
945	-7.149349E-03	-4.485373E-02	5.996025E-03	
946	-5.387276E-03	-4.491080E-02	5.533364E-03	
947	-3.439395E-03	-4.462571E-02	4.504615E-03	
948	-1.602124E-03	-4.345365E-02	2.838908E-03	
949	-3.201212E-04	-4.072490E-02	8.302410E-04	
950	-5.457318E-03	-4.438185E-02	4.501910E-03	
951	-3.944610E-03	-4.393345E-02	3.861210E-03	
952	-2.444321E-03	-4.306716E-02	2.881133E-03	
953	-1.152390E-03	-4.148599E-02	1.644449E-03	
954	-2.838165E-04	-3.897612E-02	4.379223E-04	
955	-4.368513E-03	-4.372927E-02	3.339590E-03	
956	-3.120071E-03	-4.295724E-02	2.688982E-03	
957	-1.952234E-03	-4.182117E-02	1.867932E-03	
958	-9.759592E-04	-4.018508E-02	9.855402E-04	
959	-2.660627E-04	-3.798544E-02	2.360223E-04	
960	-3.673100E-03	-4.304443E-02	2.507980E-03	
961	-2.639075E-03	-4.209439E-02	1.912453E-03	
962	-1.694707E-03	-4.086804E-02	1.249085E-03	
963	-8.943841E-04	-3.930771E-02	6.106122E-04	
964	-2.649534E-04	-3.740885E-02	1.277350E-04	
965	-3.223049E-03	-4.239200E-02	1.952721E-03	
966	-2.348866E-03	-4.135912E-02	1.423959E-03	
967	-1.551590E-03	-4.013228E-02	8.831331E-04	
968	-8.563686E-04	-3.869327E-02	4.027577E-04	
969	-2.674065E-04	-3.705936E-02	7.222939E-05	
970	-2.925499E-03	-4.178902E-02	1.614101E-03	
971	-2.167628E-03	-4.072870E-02	1.141792E-03	
972	-1.469091E-03	-3.954325E-02	6.853342E-04	
973	-8.388445E-04	-3.823400E-02	3.001912E-04	
974	-2.714211E-04	-3.682621E-02	4.932886E-05	
975	-2.723827E-03	-4.123012E-02	1.442178E-03	
976	-2.050839E-03	-4.017177E-02	1.009079E-03	
977	-1.420097E-03	-3.904357E-02	6.034194E-04	
978	-8.316876E-04	-3.785668E-02	2.677771E-04	
979	-2.756722E-04	-3.663847E-02	4.785226E-05	
980	-2.583236E-03	-4.070117E-02	1.398858E-03	
981	-1.973079E-03	-3.965778E-02	9.868328E-04	
982	-1.390238E-03	-3.858863E-02	6.042691E-04	
983	-8.297546E-04	-3.750975E-02	2.843099E-04	
984	-2.797187E-04	-3.644829E-02	6.118070E-05	
985	-2.481836E-03	-4.018560E-02	1.456151E-03	
986	-1.919250E-03	-3.915984E-02	1.048384E-03	
987	-1.371390E-03	-3.814375E-02	6.663969E-04	
988	-8.303461E-04	-3.715570E-02	3.365158E-04	
989	-2.833702E-04	-3.622177E-02	8.524150E-05	
990	-2.405517E-03	-3.966702E-02	1.593905E-03	
991	-1.880030E-03	-3.865506E-02	1.175489E-03	
992	-1.358756E-03	-3.768163E-02	7.756913E-04	
993	-8.319670E-04	-3.676626E-02	4.159333E-04	
994	-2.865732E-04	-3.593375E-02	1.174917E-04	
995	-2.344985E-03	-3.913028E-02	1.797838E-03	
996	-1.849493E-03	-3.812404E-02	1.355741E-03	
997	-1.349401E-03	-3.718033E-02	9.228820E-04	
998	-8.337689E-04	-3.631927E-02	5.171719E-04	
999	-2.893309E-04	-3.556460E-02	1.563609E-04	
1000	-2.294040E-03	-3.856170E-02	2.057993E-03	
1001	-1.823794E-03	-3.755024E-02	1.580800E-03	
1002	-1.341486E-03	-3.662170E-02	1.101963E-03	
1003	-8.352628E-04	-3.579663E-02	6.368741E-04	
1004	-2.916711E-04	-3.509811E-02	2.009235E-04	
1005	-2.248565E-03	-3.794899E-02	2.367559E-03	
1006	-1.800443E-03	-3.691932E-02	1.845178E-03	
1007	-1.333854E-03	-3.599027E-02	1.309154E-03	
1008	-8.361664E-04	-3.518292E-02	7.730529E-04	
1009	-2.936271E-04	-3.452009E-02	2.506904E-04	
1010	-2.205934E-03	-3.728108E-02	2.721938E-03	
1011	-1.777883E-03	-3.621864E-02	2.145338E-03	
1012	-1.325806E-03	-3.527248E-02	1.542170E-03	
1013	-8.363241E-04	-3.446440E-02	9.246332E-04	
1014	-2.952281E-04	-3.381749E-02	3.054642E-04	
1015	-2.164689E-03	-3.654790E-02	3.117998E-03	
1016	-1.755277E-03	-3.543686E-02	2.478988E-03	
1017	-1.316983E-03	-3.445612E-02	1.799663E-03	
1018	-8.356684E-04	-3.362845E-02	1.091102E-03	
1019	-2.964953E-04	-3.297771E-02	3.652256E-04	
1020	-2.124384E-03	-3.574023E-02	3.553403E-03	
1021	-1.732408E-03	-3.456365E-02	2.844487E-03	
1022	-1.307318E-03	-3.352997E-02	2.080744E-03	
1023	-8.342064E-04	-3.266317E-02	1.272215E-03	
1024	-2.974425E-04	-3.198834E-02	4.300373E-04	
1025	-2.085569E-03	-3.484956E-02	4.025997E-03	
1026	-1.709673E-03	-3.358957E-02	3.240283E-03	
1027	-1.297040E-03	-3.248370E-02	2.384555E-03	
1028	-8.320245E-04	-3.155727E-02	1.467717E-03	
1029	-2.980789E-04	-3.083702E-02	4.999511E-04	
1030	-1.968345E-02	-4.664450E-02	3.886177E-03	
1031	-1.937375E-02	-4.594147E-02	4.320089E-03	
1032	-1.907361E-02	-4.526672E-02	4.766998E-03	
1033	-1.878563E-02	-4.462830E-02	5.230985E-03	
1034	-1.851294E-02	-4.403599E-02	5.717402E-03	
1035	-1.825949E-02	-4.350231E-02	6.233248E-03	
1036	-1.803056E-02	-4.304417E-02	6.787724E-03	
1037	-1.783359E-02	-4.268565E-02	7.393164E-03	
1038	-1.768023E-02	-4.246412E-02	8.066314E-03	
1039	-1.758797E-02	-4.243863E-02	8.831783E-03	
1040	-1.915852E-02	-4.685905E-02	3.756284E-03	
1041	-1.883296E-02	-4.616206E-02	4.191284E-03	
1042	-1.851242E-02	-4.549514E-02	4.640520E-03	
1043	-1.819797E-02	-4.486692E-02	5.108134E-03	
1044	-1.789076E-02	-4.428796E-02	5.599635E-03	
1045	-1.759203E-02	-4.377179E-02	6.122308E-03	
1046	-1.730321E-02	-4.333667E-02	6.685869E-03	
1047	-1.702601E-02	-4.300897E-02	7.303519E-03	
1048	-1.676230E-02	-4.282817E-02	7.993738E-03	
1049	-1.651499E-02	-4.286386E-02	8.783554E-03	
1050	-1.863006E-02	-4.707292E-02	3.647344E-03	
1051	-1.828563E-02	-4.638251E-02	4.079590E-03	
1052	-1.794149E-02	-4.572391E-02	4.526874E-03	
1053	-1.759698E-02	-4.510639E-02	4.993163E-03	
1054	-1.725094E-02	-4.454128E-02	5.483776E-03	
1055	-1.690147E-02	-4.404314E-02	6.005764E-03	
1056	-1.654538E-02	-4.363172E-02	6.568487E-03	
1057	-1.617712E-02	-4.333525E-02	7.184503E-03	
1058	-1.578692E-02	-4.319772E-02	7.871106E-03	
1059	-1.535447E-02	-4.328793E-02	8.651543E-03	
1060	-1.810168E-02	-4.728434E-02	3.556246E-03	
1061	-1.773557E-02	-4.660083E-02	3.982168E-03	
1062	-1.736504E-02	-4.595076E-02	4.423365E-03	
1063	-1.698751E-02	-4.534396E-02	4.883377E-03	
1064	-1.659937E-02	-4.479252E-02	5.366962E-03	
1065	-1.619534E-02	-4.431191E-02	5.880338E-03	
1066	-1.576722E-02	-4.392306E-02	6.431502E-03	
1067	-1.530185E-02	-4.365607E-02	7.030623E-03	
1068	-1.477630E-02	-4.355605E-02	7.690078E-03	
1069	-1.414956E-02	-4.369824E-02	8.424326E-03	
1070	-1.757659E-02	-4.749171E-02	3.480138E-03	
1071	-1.718636E-02	-4.681519E-02	3.896475E-03	
1072	-1.678715E-02	-4.617346E-02	4.327665E-03	
1073	-1.637444E-02	-4.557691E-02	4.776579E-03	
1074	-1.594214E-02	-4.503819E-02	5.247042E-03	
1075	-1.548158E-02	-4.457344E-02	5.743848E-03	
1076	-1.497976E-02	-4.420434E-02	6.272652E-03	
1077	-1.441615E-02	-4.396141E-02	6.839431E-03	
1078	-1.375677E-02	-4.389036E-02	7.448935E-03	
1079	-1.294056E-02	-4.406102E-02	8.098776E-03	
1080	-1.668076E-02	-4.783720E-02	3.378501E-03	
1081	-1.624293E-02	-4.717217E-02	3.771153E-03	
1082	-1.578945E-02	-4.654325E-02	4.176186E-03	
1083	-1.531270E-02	-4.596136E-02	4.594831E-03	
1084	-1.480284E-02	-4.543947E-02	5.028543E-03	
1085	-1.424657E-02	-4.499365E-02	5.478500E-03	
1086	-1.362507E-02	-4.464444E-02	5.944530E-03	
1087	-1.291069E-02	-4.441902E-02	6.422789E-03	
1088	-1.206135E-02	-4.435373E-02	6.900495E-03	
1089	-1.101172E-02	-4.449606E-02	7.344007E-03	
1090	-1.545020E-02	-4.829458E-02	3.271221E-03	
1091	-1.494081E-02	-4.764098E-02	3.619067E-03	
1092	-1.440901E-02	-4.702326E-02	3.972276E-03	
1093	-1.384368E-02	-4.645218E-02	4.329219E-03	
1094	-1.323123E-02	-4.593976E-02	4.687261E-03	
1095	-1.255445E-02	-4.549969E-02	5.041626E-03	
1096	-1.179097E-02	-4.514739E-02	5.383371E-03	
1097	-1.091123E-02	-4.489944E-02	5.695698E-03	
1098	-9.876623E-03	-4.477078E-02	5.947353E-03	
1099	-8.639246E-03	-4.476588E-02	6.081088E-03	
1100	-1.430897E-02	-4.869496E-02	3.198911E-03	
1101	-1.372924E-02	-4.804343E-02	3.493872E-03	
1102	-1.312508E-02	-4.742458E-02	3.784232E-03	
1103	-1.248359E-02	-4.684779E-02	4.065665E-03	
1104	-1.179006E-02	-4.632254E-02	4.331880E-03	
1105	-1.102741E-02	-4.585789E-02	4.573314E-03	
1106	-1.017567E-02	-4.546131E-02	4.775069E-03	
1107	-9.212266E-03	-4.513583E-02	4.913798E-03	
1108	-8.113828E-03	-4.487422E-02	4.953381E-03	
1109	-6.861995E-03	-4.464709E-02	4.840174E-03	
1110	-1.327296E-02	-4.903340E-02	3.151710E-03	
1111	-1.263041E-02	-4.837176E-02	3.391601E-03	
1112	-1.196616E-02	-4.773714E-02	3.615742E-03	
1113	-1.126725E-02	-4.713674E-02	3.817968E-03	
1114	-1.052003E-02	-4.657666E-02	3.989807E-03	
1115	-9.710215E-03	-4.606080E-02	4.119465E-03	
1116	-8.823452E-03	-4.558889E-02	4.190482E-03	
1117	-7.846970E-03	-4.515306E-02	4.180227E-03	
1118	-6.773010E-03	-4.473205E-02	4.058848E-03	
1119	-5.605214E-03	-4.428267E-02	3.790399E-03	
1120	-1.234858E-02	-4.931086E-02	3.128184E-03	
1121	-1.165447E-02	-4.862604E-02	3.315775E-03	
1122	-1.094533E-02	-4.796111E-02	3.476864E-03	
1123	-1.020929E-02	-4.732090E-02	3.604564E-03	
1124	-9.434876E-03	-4.670830E-02	3.689947E-03	
1125	-8.611567E-03	-4.612299E-02	3.721542E-03	
1126	-7.730828E-03	-4.555937E-02	3.684921E-03	
1127	-6.788071E-03	-4.500375E-02	3.562710E-03	
1128	-5.785755E-03	-4.443044E-02	3.335787E-03	
1129	-4.737610E-03	-4.379754E-02	2.986866E-03	
1130	-1.153473E-02	-4.953291E-02	3.131916E-03	
1131	-1.080158E-02	-4.881252E-02	3.273588E-03	
1132	-1.006276E-02	-4.810449E-02	3.379384E-03	
1133	-9.307936E-03	-4.741166E-02	3.442702E-03	
1134	-8.528031E-03	-4.673458E-02	3.455527E-03	
1135	-7.715857E-03	-4.607035E-02	3.408430E-03	
1136	-6.867207E-03	-4.541108E-02	3.290869E-03	
1137	-5.982416E-03	-4.474196E-02	3.092112E-03	
1138	-5.068343E-03	-4.403946E-02	2.803263E-03	
1139	-4.140315E-03	-4.327018E-02	2.420928E-03	
1140	-1.082486E-02	-4.970826E-02	3.168651E-03	
1141	-1.006458E-02	-4.894148E-02	3.272954E-03	
1142	-9.309412E-03	-4.818005E-02	3.333743E-03	
1143	-8.550507E-03	-4.742546E-02	3.345368E-03	
1144	-7.780714E-03	-4.667705E-02	3.301503E-03	
1145	-6.995150E-03	-4.593110E-02	3.195489E-03	
1146	-6.192019E-03	-4.517982E-02	3.021011E-03	
1147	-5.373583E-03	-4.441048E-02	2.773325E-03	
1148	-4.547094E-03	-4.360483E-02	2.451226E-03	
1149	-3.725238E-03	-4.273967E-02	2.059857E-03	
1150	-1.020889E-02	-4.984739E-02	3.244340E-03	
1151	-9.431700E-03	-4.902525E-02	3.320741E-03	
1152	-8.670794E-03	-4.820251E-02	3.347601E-03	
1153	-7.918445E-03	-4.738006E-02	3.320523E-03	
1154	-7.168731E-03	-4.655707E-02	3.235096E-03	
1155	-6.417942E-03	-4.573033E-02	3.087404E-03	
1156	-5.665068E-03	-4.489380E-02	2.874807E-03	
1157	-4.912255E-03	-4.403828E-02	2.597096E-03	
1158	-4.165032E-03	-4.315171E-02	2.258047E-03	
1159	-3.432020E-03	-4.222018E-02	1.867294E-03	
1160	-9.674832E-03	-4.996134E-02	3.364057E-03	
1161	-8.888844E-03	-4.907655E-02	3.422009E-03	
1162	-8.129999E-03	-4.818647E-02	3.425617E-03	
1163	-7.391220E-03	-4.729209E-02	3.371741E-03	
1164	-6.667125E-03	-4.639316E-02	3.257733E-03	
1165	-5.954244E-03	-4.548789E-02	3.081977E-03	
1166	-5.251240E-03	-4.457277E-02	2.844610E-03	
1167	-4.559006E-03	-4.364263E-02	2.548457E-03	
1168	-3.880521E-03	-4.269120E-02	2.200125E-03	
1169	-3.220284E-03	-4.171221E-02	1.811142E-03	
1170	-9.210182E-03	-5.006096E-02	3.531604E-03	
1171	-8.421385E-03	-4.910747E-02	3.579956E-03	
1172	-7.669899E-03	-4.814524E-02	3.569916E-03	
1173	-6.948843E-03	-4.717581E-02	3.499411E-03	
1174	-6.252801E-03	-4.620009E-02	3.367207E-03	
1175	-5.577897E-03	-4.521816E-02	3.173391E-03	
1176	-4.921810E-03	-4.422932E-02	2.919972E-03	
1177	-4.283679E-03	-4.323228E-02	2.611572E-03	
1178	-3.663795E-03	-4.222578E-02	2.256136E-03	
1179	-3.063010E-03	-4.120955E-02	1.865579E-03	
1180	-8.802811E-03	-5.015634E-02	3.749531E-03	
1181	-8.015338E-03	-4.912888E-02	3.796234E-03	
1182	-7.274510E-03	-4.809018E-02	3.780805E-03	
1183	-6.573261E-03	-4.704275E-02	3.701960E-03	
1184	-5.905733E-03	-4.598892E-02	3.559456E-03	
1185	-5.267234E-03	-4.493086E-02	3.354500E-03	
1186	-4.654139E-03	-4.387060E-02	3.090206E-03	
1187	-4.063702E-03	-4.281037E-02	2.772077E-03	
1188	-3.493705E-03	-4.175307E-02	2.408449E-03	
1189	-2.941942E-03	-4.070305E-02	2.010811E-03	
1190	-8.441624E-03	-5.025664E-02	4.019366E-03	
1191	-7.658100E-03	-4.915021E-02	4.071393E-03	
1192	-6.929735E-03	-4.803074E-02	4.057489E-03	
1193	-6.248993E-03	-4.690187E-02	3.976849E-03	
1194	-5.609298E-03	-4.576756E-02	3.829820E-03	
1195	-5.004918E-03	-4.463205E-02	3.618223E-03	
1196	-4.430809E-03	-4.349994E-02	3.345686E-03	
1197	-3.882394E-03	-4.237652E-02	3.017971E-03	
1198	-3.355234E-03	-4.126811E-02	2.643226E-03	
1199	-2.844607E-03	-4.018264E-02	2.232126E-03	
1200	-8.116947E-03	-5.037000E-02	4.341922E-03	
1201	-7.338842E-03	-4.917951E-02	4.405326E-03	
1202	-6.623699E-03	-4.797450E-02	4.398652E-03	
1203	-5.963305E-03	-4.675992E-02	4.321287E-03	
1204	-5.350190E-03	-4.554137E-02	4.173816E-03	
1205	-4.777477E-03	-4.432510E-02	3.958272E-03	
1206	-4.238698E-03	-4.311808E-02	3.678377E-03	
1207	-3.727580E-03	-4.192822E-02	3.339740E-03	
1208	-3.237758E-03	-4.076468E-02	2.949999E-03	
1209	-2.762443E-03	-3.963825E-02	2.518858E-03	
1210	-7.820736E-03	-5.050366E-02	4.717583E-03	
1211	-7.048697E-03	-4.922359E-02	4.797621E-03	
1212	-6.346851E-03	-4.792754E-02	4.802879E-03	
1213	-5.706162E-03	-4.662186E-02	4.732675E-03	
1214	-5.118163E-03	-4.531380E-02	4.587549E-03	
1215	-4.574788E-03	-4.401151E-02	4.369453E-03	
1216	-4.068195E-03	-4.272410E-02	4.081908E-03	
1217	-3.590568E-03	-4.146181E-02	3.730126E-03	
1218	-3.133881E-03	-4.023616E-02	3.321070E-03	
1219	-2.689632E-03	-3.906025E-02	2.863438E-03	
1220	-7.546698E-03	-5.066407E-02	5.146557E-03	
1221	-6.780818E-03	-4.928823E-02	5.247851E-03	
1222	-6.091946E-03	-4.789472E-02	5.268941E-03	
1223	-5.470107E-03	-4.649130E-02	5.208860E-03	
1224	-4.905762E-03	-4.508687E-02	5.067890E-03	
1225	-4.389649E-03	-4.369142E-02	4.847694E-03	
1226	-3.912616E-03	-4.231603E-02	4.551415E-03	
1227	-3.465450E-03	-4.097297E-02	4.183735E-03	
1228	-3.038684E-03	-3.967580E-02	3.750879E-03	
1229	-2.622383E-03	-3.843961E-02	3.260573E-03	
1230	-7.290345E-03	-5.085709E-02	5.629078E-03	
1231	-6.530407E-03	-4.937844E-02	5.755764E-03	
1232	-5.854009E-03	-4.787991E-02	5.795961E-03	
1233	-5.250136E-03	-4.637076E-02	5.748245E-03	
1234	-4.708115E-03	-4.486156E-02	5.612485E-03	
1235	-4.217478E-03	-4.336406E-02	5.389932E-03	
1236	-3.767820E-03	-4.189118E-02	5.083264E-03	
1237	-3.348661E-03	-4.045704E-02	4.696587E-03	
1238	-2.949278E-03	-3.907702E-02	4.235401E-03	
1239	-2.558530E-03	-3.776789E-02	3.706523E-03	
1240	-7.049039E-03	-5.108816E-02	6.165559E-03	
1241	-6.294726E-03	-4.949860E-02	6.321425E-03	
1242	-5.630320E-03	-4.788624E-02	6.383516E-03	
1243	-5.043645E-03	-4.626194E-02	6.349815E-03	
1244	-4.522821E-03	-4.463797E-02	6.219685E-03	
1245	-4.056146E-03	-4.302787E-02	5.993916E-03	
1246	-3.632006E-03	-4.144633E-02	5.674715E-03	
1247	-3.238755E-03	-3.990915E-02	5.265650E-03	
1248	-2.864580E-03	-3.843334E-02	4.771559E-03	
1249	-2.497335E-03	-3.703716E-02	4.198452E-03	
1250	-6.822042E-03	-5.136246E-02	6.756715E-03	
1251	-6.073151E-03	-4.965264E-02	6.945320E-03	
1252	-5.420440E-03	-4.791619E-02	7.031690E-03	
1253	-4.850439E-03	-4.616576E-02	7.013118E-03	
1254	-4.349944E-03	-4.441545E-02	6.888426E-03	
1255	-3.905965E-03	-4.268063E-02	6.657968E-03	
1256	-3.505683E-03	-4.097772E-02	6.323562E-03	
1257	-3.136372E-03	-3.932415E-02	5.888353E-03	
1258	-2.785278E-03	-3.773836E-02	5.356656E-03	
1259	-2.439453E-03	-3.623989E-02	4.733800E-03	
1260	-2.323150E-02	-5.421497E-02	4.224569E-05	
1261	-2.255047E-02	-5.333192E-02	2.827821E-04	
1262	-2.225654E-02	-5.255828E-02	6.709655E-04	
1263	-2.194552E-02	-5.184407E-02	1.052519E-03	
1264	-2.162543E-02	-5.110853E-02	1.439401E-03	
1265	-2.130138E-02	-5.036294E-02	1.832759E-03	
1266	-2.097491E-02	-4.961082E-02	2.231754E-03	
1267	-2.064804E-02	-4.885761E-02	2.636115E-03	
1268	-2.032258E-02	-4.810850E-02	3.046008E-03	
1269	-2.000041E-02	-4.736890E-02	3.462214E-03	
1270	-2.327847E-02	-5.433389E-02	1.008071E-04	
1271	-2.208901E-02	-5.343295E-02	3.147193E-04	
1272	-2.182077E-02	-5.275192E-02	6.049441E-04	
1273	-2.149342E-02	-5.202904E-02	9.643772E-04	
1274	-2.116128E-02	-5.130088E-02	1.335902E-03	
1275	-2.082649E-02	-5.055882E-02	1.719136E-03	
1276	-2.049083E-02	-4.981023E-02	2.111171E-03	
1277	-2.015522E-02	-4.906021E-02	2.510814E-03	
1278	-1.982065E-02	-4.831446E-02	2.917748E-03	
1279	-1.948809E-02	-4.757871E-02	3.332476E-03	
1280	-2.333604E-02	-5.447154E-02	1.348578E-04	
1281	-2.177996E-02	-5.352761E-02	3.650023E-04	
1282	-2.142668E-02	-5.290560E-02	6.083751E-04	
1283	-2.107297E-02	-5.220630E-02	9.269407E-04	
1284	-2.071783E-02	-5.148473E-02	1.277633E-03	
1285	-2.036616E-02	-5.074943E-02	1.645426E-03	
1286	-2.001646E-02	-5.000566E-02	2.026143E-03	
1287	-1.966825E-02	-4.925997E-02	2.417193E-03	
1288	-1.932121E-02	-4.851842E-02	2.817563E-03	
1289	-1.897519E-02	-4.778724E-02	3.227292E-03	
1290	-2.340118E-02	-5.462723E-02	1.565249E-04	
1291	-2.154539E-02	-5.362356E-02	4.094746E-04	
1292	-2.109609E-02	-5.303995E-02	6.373725E-04	
1293	-2.068849E-02	-5.236780E-02	9.254833E-04	
1294	-2.030118E-02	-5.165962E-02	1.252813E-03	
1295	-1.992515E-02	-5.093270E-02	1.603433E-03	
1296	-1.955613E-02	-5.019552E-02	1.970367E-03	
1297	-1.919103E-02	-4.945527E-02	2.350232E-03	
1298	-1.882793E-02	-4.871880E-02	2.741306E-03	
1299	-1.846528E-02	-4.799283E-02	3.143126E-03	
1300	-2.347270E-02	-5.479707E-02	1.721199E-04	
1301	-2.135675E-02	-5.372581E-02	4.469988E-04	
1302	-2.081499E-02	-5.316520E-02	6.740409E-04	
1303	-2.034258E-02	-5.251711E-02	9.445046E-04	
1304	-1.991293E-02	-5.182475E-02	1.252174E-03	
1305	-1.950618E-02	-5.110822E-02	1.585780E-03	
1306	-1.911259E-02	-5.037884E-02	1.938131E-03	
1307	-1.872641E-02	-4.964504E-02	2.305299E-03	
1308	-1.834370E-02	-4.891435E-02	2.685129E-03	
1309	-1.796137E-02	-4.819409E-02	3.076704E-03	
1310	-2.361000E-02	-5.512224E-02	1.908397E-04	
1311	-2.109905E-02	-5.392437E-02	5.007325E-04	
1312	-2.042091E-02	-5.337754E-02	7.439092E-04	
1313	-1.983536E-02	-5.275625E-02	1.004549E-03	
1314	-1.931845E-02	-5.208863E-02	1.290130E-03	
1315	-1.884354E-02	-5.139182E-02	1.598833E-03	
1316	-1.839429E-02	-5.067819E-02	1.926766E-03	
1317	-1.796023E-02	-4.995750E-02	2.270599E-03	
1318	-1.753388E-02	-4.923832E-02	2.627982E-03	
1319	-1.710922E-02	-4.852881E-02	2.997485E-03	
1320	-2.382482E-02	-5.562973E-02	2.107329E-04	
1321	-2.080721E-02	-5.425209E-02	5.601876E-04	
1322	-1.995688E-02	-5.369956E-02	8.311024E-04	
1323	-1.921747E-02	-5.309350E-02	1.097384E-03	
1324	-1.857161E-02	-5.244837E-02	1.371522E-03	
1325	-1.798972E-02	-5.177367E-02	1.658607E-03	
1326	-1.745018E-02	-5.107952E-02	1.959325E-03	
1327	-1.693743E-02	-5.037556E-02	2.272545E-03	
1328	-1.643959E-02	-4.967087E-02	2.596634E-03	
1329	-1.594682E-02	-4.897426E-02	2.929995E-03	
1330	-2.405679E-02	-5.617651E-02	2.250107E-04	
1331	-2.059249E-02	-5.462509E-02	6.064182E-04	
1332	-1.959184E-02	-5.404687E-02	9.067545E-04	
1333	-1.871294E-02	-5.343507E-02	1.189366E-03	
1334	-1.794271E-02	-5.279573E-02	1.466178E-03	
1335	-1.725146E-02	-5.213168E-02	1.744310E-03	
1336	-1.661574E-02	-5.144909E-02	2.026952E-03	
1337	-1.601737E-02	-5.075572E-02	2.314801E-03	
1338	-1.544165E-02	-5.005988E-02	2.607149E-03	
1339	-1.487602E-02	-4.937007E-02	2.902513E-03	
1340	-2.430252E-02	-5.675502E-02	2.369293E-04	
1341	-2.042722E-02	-5.503686E-02	6.450297E-04	
1342	-1.929297E-02	-5.442354E-02	9.721310E-04	
1343	-1.828859E-02	-5.379182E-02	1.274037E-03	
1344	-1.740366E-02	-5.314386E-02	1.560209E-03	
1345	-1.660843E-02	-5.247759E-02	1.837376E-03	
1346	-1.587890E-02	-5.179556E-02	2.109321E-03	
1347	-1.519578E-02	-5.110307E-02	2.377519E-03	
1348	-1.454296E-02	-5.040686E-02	2.641767E-03	
1349	-1.390633E-02	-4.971438E-02	2.900635E-03	
1350	-2.456028E-02	-5.736128E-02	2.477029E-04	
1351	-2.029919E-02	-5.548244E-02	6.796350E-04	
1352	-1.904278E-02	-5.482876E-02	1.031163E-03	
1353	-1.792451E-02	-5.416781E-02	1.352644E-03	
1354	-1.693506E-02	-5.349980E-02	1.651138E-03	
1355	-1.604415E-02	-5.281945E-02	1.932054E-03	
1356	-1.522745E-02	-5.212640E-02	2.198696E-03	
1357	-1.446527E-02	-5.142362E-02	2.452475E-03	
1358	-1.374097E-02	-5.071605E-02	2.693205E-03	
1359	-1.303987E-02	-5.000966E-02	2.919351E-03	
1360	-2.482928E-02	-5.799357E-02	2.580998E-04	
1361	-2.020146E-02	-5.595891E-02	7.126015E-04	
1362	-1.883158E-02	-5.526137E-02	1.087280E-03	
1363	-1.760877E-02	-5.456450E-02	1.428363E-03	
1364	-1.652411E-02	-5.386747E-02	1.740863E-03	
1365	-1.554638E-02	-5.316275E-02	2.028714E-03	
1366	-1.465084E-02	-5.244780E-02	2.294303E-03	
1367	-1.381764E-02	-5.172360E-02	2.538521E-03	
1368	-1.303007E-02	-5.099335E-02	2.760887E-03	
1369	-1.227351E-02	-5.026147E-02	2.959656E-03	
1370	-2.510946E-02	-5.865176E-02	2.687026E-04	
1371	-2.012985E-02	-5.646505E-02	7.457675E-04	
1372	-1.865341E-02	-5.572103E-02	1.143414E-03	
1373	-1.733375E-02	-5.498305E-02	1.504643E-03	
1374	-1.616209E-02	-5.424974E-02	1.832771E-03	
1375	-1.510596E-02	-5.351192E-02	2.130357E-03	
1376	-1.414010E-02	-5.276534E-02	2.398781E-03	
1377	-1.324457E-02	-5.200940E-02	2.638252E-03	
1378	-1.240279E-02	-5.124579E-02	2.847863E-03	
1379	-1.160047E-02	-5.047755E-02	3.025650E-03	
1380	-2.540130E-02	-5.933702E-02	2.799997E-04	
1381	-2.008173E-02	-5.700115E-02	7.806636E-04	
1382	-1.850433E-02	-5.620846E-02	1.202102E-03	
1383	-1.709422E-02	-5.542515E-02	1.584766E-03	
1384	-1.584257E-02	-5.464956E-02	1.930573E-03	
1385	-1.471559E-02	-5.387120E-02	2.240884E-03	
1386	-1.368736E-02	-5.308453E-02	2.516130E-03	
1387	-1.273781E-02	-5.228770E-02	2.755838E-03	
1388	-1.185054E-02	-5.148119E-02	2.958667E-03	
1389	-1.101161E-02	-5.066690E-02	3.122466E-03	
1390	-2.570577E-02	-6.005166E-02	2.924123E-04	
1391	-2.005543E-02	-5.756870E-02	8.185968E-04	
1392	-1.838157E-02	-5.672545E-02	1.265540E-03	
1393	-1.688623E-02	-5.589327E-02	1.671687E-03	
1394	-1.556048E-02	-5.507035E-02	2.037807E-03	
1395	-1.436910E-02	-5.424517E-02	2.364242E-03	
1396	-1.328545E-02	-5.341115E-02	2.650589E-03	
1397	-1.228923E-02	-5.256549E-02	2.895749E-03	
1398	-1.136415E-02	-5.170778E-02	3.097991E-03	
1399	-1.049657E-02	-5.083911E-02	3.255017E-03	
1400	-2.602427E-02	-6.079895E-02	3.063002E-04	
1401	-2.004994E-02	-5.817028E-02	8.606746E-04	
1402	-1.828311E-02	-5.727478E-02	1.335592E-03	
1403	-1.670667E-02	-5.639071E-02	1.767963E-03	
1404	-1.531155E-02	-5.551621E-02	2.157609E-03	
1405	-1.406105E-02	-5.463884E-02	2.504016E-03	
1406	-1.292773E-02	-5.375128E-02	2.806057E-03	
1407	-1.189094E-02	-5.284998E-02	3.062080E-03	
1408	-1.093438E-02	-5.193394E-02	3.269999E-03	
1409	-1.004459E-02	-5.100376E-02	3.427388E-03	
1410	-2.635855E-02	-6.158299E-02	3.219597E-04	
1411	-2.006474E-02	-5.880930E-02	9.078082E-04	
1412	-1.820745E-02	-5.786007E-02	1.413796E-03	
1413	-1.655299E-02	-5.692152E-02	1.875721E-03	
1414	-1.509210E-02	-5.599180E-02	2.292619E-03	
1415	-1.378657E-02	-5.505771E-02	2.663247E-03	
1416	-1.260806E-02	-5.411129E-02	2.985845E-03	
1417	-1.153548E-02	-5.314850E-02	3.258258E-03	
1418	-1.055236E-02	-5.216798E-02	3.478060E-03	
1419	-9.645251E-03	-5.117009E-02	3.642675E-03	
1420	-2.671063E-02	-6.240856E-02	3.396205E-04	
1421	-2.009970E-02	-5.948990E-02	9.607110E-04	
1422	-1.815354E-02	-5.848564E-02	1.501372E-03	
1423	-1.642312E-02	-5.749039E-02	1.996662E-03	
1424	-1.489897E-02	-5.650235E-02	2.444960E-03	
1425	-1.354133E-02	-5.550763E-02	2.844389E-03	
1426	-1.232088E-02	-5.449775E-02	3.192610E-03	
1427	-1.121599E-02	-5.346836E-02	3.486987E-03	
1428	-1.020989E-02	-5.241789E-02	3.724733E-03	
1429	-9.288922E-03	-5.134674E-02	3.903063E-03	
1430	-2.708275E-02	-6.328089E-02	3.594428E-04	
1431	-2.015504E-02	-6.021678E-02	1.019897E-03	
1432	-1.812072E-02	-5.915634E-02	1.599222E-03	
1433	-1.631543E-02	-5.810250E-02	2.132068E-03	
1434	-1.472951E-02	-5.705349E-02	2.616252E-03	
1435	-1.332159E-02	-5.599476E-02	3.049322E-03	
1436	-1.206132E-02	-5.491738E-02	3.428385E-03	
1437	-1.092643E-02	-5.381677E-02	3.750303E-03	
1438	-9.899693E-03	-5.269137E-02	4.011874E-03	
1439	-8.967135E-03	-5.154173E-02	4.210009E-03	
1440	-2.747729E-02	-6.420556E-02	3.815141E-04	
1441	-2.023136E-02	-6.099504E-02	1.085676E-03	
1442	-1.810877E-02	-5.987745E-02	1.707940E-03	
1443	-1.622882E-02	-5.876345E-02	2.282822E-03	
1444	-1.458165E-02	-5.765120E-02	2.807647E-03	
1445	-1.312429E-02	-5.652549E-02	3.279411E-03	
1446	-1.182530E-02	-5.537696E-02	3.694655E-03	
1447	-1.066167E-02	-5.420088E-02	4.049685E-03	
1448	-9.615650E-03	-5.299573E-02	4.340796E-03	
1449	-8.672774E-03	-5.176243E-02	4.564468E-03	
1450	-2.789669E-02	-6.518824E-02	4.058460E-04	
1451	-2.032961E-02	-6.183003E-02	1.158154E-03	
1452	-1.811792E-02	-6.065457E-02	1.827813E-03	
1453	-1.616271E-02	-5.947914E-02	2.449426E-03	
1454	-1.445397E-02	-5.830175E-02	3.019863E-03	
1455	-1.294713E-02	-5.710643E-02	3.535565E-03	
1456	-1.160964E-02	-5.588337E-02	3.992453E-03	
1457	-1.041769E-02	-5.462769E-02	4.386190E-03	
1458	-9.352892E-03	-5.333804E-02	4.712441E-03	
1459	-8.400210E-03	-5.201570E-02	4.967105E-03	
1460	-2.834333E-02	-6.623457E-02	4.323685E-04	
1461	-2.045112E-02	-6.272728E-02	1.237217E-03	
1462	-1.814889E-02	-6.149349E-02	1.958818E-03	
1463	-1.611713E-02	-6.025572E-02	2.632009E-03	
1464	-1.434578E-02	-5.901164E-02	3.253219E-03	
1465	-1.278866E-02	-5.774438E-02	3.818297E-03	
1466	-1.141213E-02	-5.644360E-02	4.322451E-03	
1467	-1.019158E-02	-5.510426E-02	4.760573E-03	
1468	-9.107903E-03	-5.372515E-02	5.127536E-03	
1469	-8.145386E-03	-5.230804E-02	5.418481E-03	
1470	-2.881952E-02	-6.734988E-02	4.609207E-04	
1471	-2.059768E-02	-6.369228E-02	1.322513E-03	
1472	-1.820299E-02	-6.240012E-02	2.100601E-03	
1473	-1.609282E-02	-6.109954E-02	2.830318E-03	
1474	-1.425717E-02	-5.978764E-02	3.507645E-03	
1475	-1.264836E-02	-5.844641E-02	4.127757E-03	
1476	-1.123168E-02	-5.706487E-02	4.685024E-03	
1477	-9.981691E-03	-5.563770E-02	5.173387E-03	
1478	-8.878590E-03	-5.416388E-02	5.586725E-03	
1479	-7.905880E-03	-5.264569E-02	5.919199E-03	
1480	-2.932732E-02	-6.853899E-02	4.912353E-04	
1481	-2.077155E-02	-6.473037E-02	1.413419E-03	
1482	-1.828219E-02	-6.338037E-02	2.252438E-03	
1483	-1.609132E-02	-6.201713E-02	3.043685E-03	
1484	-1.418919E-02	-6.063679E-02	3.782660E-03	
1485	-1.252674E-02	-5.921994E-02	4.463750E-03	
1486	-1.106831E-02	-5.775470E-02	5.080298E-03	
1487	-9.787695E-03	-5.623542E-02	5.625064E-03	
1488	-8.664353E-03	-5.466118E-02	6.090671E-03	
1489	-7.680964E-03	-5.303486E-02	6.470027E-03	
