quadrangle
//Number_of_Node
291
//Number_of_Element
200
//Number_of_Region
2
//Factor
1000.0
11,10,1,2,
12,11,2,3,
13,12,3,4,
14,13,4,5,
15,14,5,6,
16,15,6,7,
17,16,7,8,
18,17,8,9,
20,19,10,11,
21,20,11,12,
22,21,12,13,
23,22,13,14,
24,23,14,15,
25,24,15,16,
26,25,16,17,
27,26,17,18,
29,28,19,20,
30,29,20,21,
31,30,21,22,
32,31,22,23,
33,32,23,24,
34,33,24,25,
35,34,25,26,
36,35,26,27,
38,37,28,29,
39,38,29,30,
40,39,30,31,
41,40,31,32,
42,41,32,33,
43,42,33,34,
44,43,34,35,
45,44,35,36,
47,46,37,38,
48,47,38,39,
49,48,39,40,
50,49,40,41,
51,50,41,42,
52,51,42,43,
53,52,43,44,
54,53,44,45,
56,55,46,47,
57,56,47,48,
58,57,48,49,
59,58,49,50,
60,59,50,51,
61,60,51,52,
62,61,52,53,
63,62,53,54,
65,64,55,56,
66,65,56,57,
67,66,57,58,
68,67,58,59,
69,68,59,60,
70,69,60,61,
71,70,61,62,
72,71,62,63,
74,73,64,65,
75,74,65,66,
76,75,66,67,
77,76,67,68,
78,77,68,69,
79,78,69,70,
80,79,70,71,
81,80,71,72,
153,152,82,83,
154,153,83,84,
155,154,84,85,
156,155,85,86,
157,156,86,87,
158,157,87,88,
159,158,88,89,
160,159,89,90,
161,160,90,91,
162,161,91,92,
163,162,92,93,
164,163,93,94,
165,164,94,95,
166,165,95,96,
167,166,96,97,
168,167,97,98,
169,168,98,99,
170,169,99,100,
171,170,100,101,
172,171,101,102,
173,172,102,103,
174,173,103,104,
175,174,104,105,
176,175,105,106,
177,176,106,107,
178,177,107,108,
179,178,108,109,
180,179,109,110,
181,180,110,111,
182,181,111,112,
183,182,112,113,
184,183,113,114,
185,184,114,115,
37,185,115,28,
188,45,36,118,
189,188,118,119,
190,189,119,120,
191,190,120,121,
192,191,121,122,
193,192,122,123,
194,193,123,124,
195,194,124,125,
196,195,125,126,
197,196,126,127,
198,197,127,128,
199,198,128,129,
200,199,129,130,
201,200,130,131,
202,201,131,132,
203,202,132,133,
204,203,133,134,
205,204,134,135,
206,205,135,136,
207,206,136,137,
208,207,137,138,
209,208,138,139,
210,209,139,140,
211,210,140,141,
212,211,141,142,
213,212,142,143,
214,213,143,144,
215,214,144,145,
216,215,145,146,
217,216,146,147,
218,217,147,148,
219,218,148,149,
220,219,149,150,
221,220,150,151,
223,222,152,153,
224,223,153,154,
225,224,154,155,
226,225,155,156,
227,226,156,157,
228,227,157,158,
229,228,158,159,
230,229,159,160,
231,230,160,161,
232,231,161,162,
233,232,162,163,
234,233,163,164,
235,234,164,165,
236,235,165,166,
237,236,166,167,
238,237,167,168,
239,238,168,169,
240,239,169,170,
241,240,170,171,
242,241,171,172,
243,242,172,173,
244,243,173,174,
245,244,174,175,
246,245,175,176,
247,246,176,177,
248,247,177,178,
249,248,178,179,
250,249,179,180,
251,250,180,181,
252,251,181,182,
253,252,182,183,
254,253,183,184,
255,254,184,185,
46,255,185,37,
258,54,45,188,
259,258,188,189,
260,259,189,190,
261,260,190,191,
262,261,191,192,
263,262,192,193,
264,263,193,194,
265,264,194,195,
266,265,195,196,
267,266,196,197,
268,267,197,198,
269,268,198,199,
270,269,199,200,
271,270,200,201,
272,271,201,202,
273,272,202,203,
274,273,203,204,
275,274,204,205,
276,275,205,206,
277,276,206,207,
278,277,207,208,
279,278,208,209,
280,279,209,210,
281,280,210,211,
282,281,211,212,
283,282,212,213,
284,283,213,214,
285,284,214,215,
286,285,215,216,
287,286,216,217,
288,287,217,218,
289,288,218,219,
290,289,219,220,
291,290,220,221,
-30.00000 ,20.00000 ,
-22.50000 ,20.00000 ,
-15.00000 ,20.00000 ,
-7.50000 ,20.00000 ,
0.00000 ,20.00000 ,
7.50000 ,20.00000 ,
15.00000 ,20.00000 ,
22.50000 ,20.00000 ,
30.00000 ,20.00000 ,
-30.00000 ,25.00000 ,
-22.50000 ,25.00000 ,
-15.00000 ,25.00000 ,
-7.50000 ,25.00000 ,
0.00000 ,25.00000 ,
7.50000 ,25.00000 ,
15.00000 ,25.00000 ,
22.50000 ,25.00000 ,
30.00000 ,25.00000 ,
-30.00000 ,30.00000 ,
-22.50000 ,30.00000 ,
-15.00000 ,30.00000 ,
-7.50000 ,30.00000 ,
0.00000 ,30.00000 ,
7.50000 ,30.00000 ,
15.00000 ,30.00000 ,
22.50000 ,30.00000 ,
30.00000 ,30.00000 ,
-30.00000 ,35.00000 ,
-22.50000 ,35.00000 ,
-15.00000 ,35.00000 ,
-7.50000 ,35.00000 ,
0.00000 ,35.00000 ,
7.50000 ,35.00000 ,
15.00000 ,35.00000 ,
22.50000 ,35.00000 ,
30.00000 ,35.00000 ,
-30.00000 ,40.00000 ,
-22.50000 ,40.00000 ,
-15.00000 ,40.00000 ,
-7.50000 ,40.00000 ,
0.00000 ,40.00000 ,
7.50000 ,40.00000 ,
15.00000 ,40.00000 ,
22.50000 ,40.00000 ,
30.00000 ,40.00000 ,
-30.00000 ,45.00000 ,
-22.50000 ,45.00000 ,
-15.00000 ,45.00000 ,
-7.50000 ,45.00000 ,
0.00000 ,45.00000 ,
7.50000 ,45.00000 ,
15.00000 ,45.00000 ,
22.50000 ,45.00000 ,
30.00000 ,45.00000 ,
-30.00000 ,50.00000 ,
-22.50000 ,50.00000 ,
-15.00000 ,50.00000 ,
-7.50000 ,50.00000 ,
0.00000 ,50.00000 ,
7.50000 ,50.00000 ,
15.00000 ,50.00000 ,
22.50000 ,50.00000 ,
30.00000 ,50.00000 ,
-30.00000 ,55.00000 ,
-22.50000 ,55.00000 ,
-15.00000 ,55.00000 ,
-7.50000 ,55.00000 ,
0.00000 ,55.00000 ,
7.50000 ,55.00000 ,
15.00000 ,55.00000 ,
22.50000 ,55.00000 ,
30.00000 ,55.00000 ,
-30.00000 ,60.00000 ,
-22.50000 ,60.00000 ,
-15.00000 ,60.00000 ,
-7.50000 ,60.00000 ,
0.00000 ,60.00000 ,
7.50000 ,60.00000 ,
15.00000 ,60.00000 ,
22.50000 ,60.00000 ,
30.00000 ,60.00000 ,
-200.00000 ,35.00000 ,
-195.00000 ,35.00000 ,
-190.00000 ,35.00000 ,
-185.00000 ,35.00000 ,
-180.00000 ,35.00000 ,
-175.00000 ,35.00000 ,
-170.00000 ,35.00000 ,
-165.00000 ,35.00000 ,
-160.00000 ,35.00000 ,
-155.00000 ,35.00000 ,
-150.00000 ,35.00000 ,
-145.00000 ,35.00000 ,
-140.00000 ,35.00000 ,
-135.00000 ,35.00000 ,
-130.00000 ,35.00000 ,
-125.00000 ,35.00000 ,
-120.00000 ,35.00000 ,
-115.00000 ,35.00000 ,
-110.00000 ,35.00000 ,
-105.00000 ,35.00000 ,
-100.00000 ,35.00000 ,
-95.00000 ,35.00000 ,
-90.00000 ,35.00000 ,
-85.00000 ,35.00000 ,
-80.00000 ,35.00000 ,
-75.00000 ,35.00000 ,
-70.00000 ,35.00000 ,
-65.00000 ,35.00000 ,
-60.00000 ,35.00000 ,
-55.00000 ,35.00000 ,
-50.00000 ,35.00000 ,
-45.00000 ,35.00000 ,
-40.00000 ,35.00000 ,
-35.00000 ,35.00000 ,
-30.00000 ,35.00000 ,
30.00000 ,35.00000 ,
35.00000 ,35.00000 ,
40.00000 ,35.00000 ,
45.00000 ,35.00000 ,
50.00000 ,35.00000 ,
55.00000 ,35.00000 ,
60.00000 ,35.00000 ,
65.00000 ,35.00000 ,
70.00000 ,35.00000 ,
75.00000 ,35.00000 ,
80.00000 ,35.00000 ,
85.00000 ,35.00000 ,
90.00000 ,35.00000 ,
95.00000 ,35.00000 ,
100.00000 ,35.00000 ,
105.00000 ,35.00000 ,
110.00000 ,35.00000 ,
115.00000 ,35.00000 ,
120.00000 ,35.00000 ,
125.00000 ,35.00000 ,
130.00000 ,35.00000 ,
135.00000 ,35.00000 ,
140.00000 ,35.00000 ,
145.00000 ,35.00000 ,
150.00000 ,35.00000 ,
155.00000 ,35.00000 ,
160.00000 ,35.00000 ,
165.00000 ,35.00000 ,
170.00000 ,35.00000 ,
175.00000 ,35.00000 ,
180.00000 ,35.00000 ,
185.00000 ,35.00000 ,
190.00000 ,35.00000 ,
195.00000 ,35.00000 ,
200.00000 ,35.00000 ,
-200.00000 ,40.00000 ,
-195.00000 ,40.00000 ,
-190.00000 ,40.00000 ,
-185.00000 ,40.00000 ,
-180.00000 ,40.00000 ,
-175.00000 ,40.00000 ,
-170.00000 ,40.00000 ,
-165.00000 ,40.00000 ,
-160.00000 ,40.00000 ,
-155.00000 ,40.00000 ,
-150.00000 ,40.00000 ,
-145.00000 ,40.00000 ,
-140.00000 ,40.00000 ,
-135.00000 ,40.00000 ,
-130.00000 ,40.00000 ,
-125.00000 ,40.00000 ,
-120.00000 ,40.00000 ,
-115.00000 ,40.00000 ,
-110.00000 ,40.00000 ,
-105.00000 ,40.00000 ,
-100.00000 ,40.00000 ,
-95.00000 ,40.00000 ,
-90.00000 ,40.00000 ,
-85.00000 ,40.00000 ,
-80.00000 ,40.00000 ,
-75.00000 ,40.00000 ,
-70.00000 ,40.00000 ,
-65.00000 ,40.00000 ,
-60.00000 ,40.00000 ,
-55.00000 ,40.00000 ,
-50.00000 ,40.00000 ,
-45.00000 ,40.00000 ,
-40.00000 ,40.00000 ,
-35.00000 ,40.00000 ,
-30.00000 ,40.00000 ,
30.00000 ,40.00000 ,
35.00000 ,40.00000 ,
40.00000 ,40.00000 ,
45.00000 ,40.00000 ,
50.00000 ,40.00000 ,
55.00000 ,40.00000 ,
60.00000 ,40.00000 ,
65.00000 ,40.00000 ,
70.00000 ,40.00000 ,
75.00000 ,40.00000 ,
80.00000 ,40.00000 ,
85.00000 ,40.00000 ,
90.00000 ,40.00000 ,
95.00000 ,40.00000 ,
100.00000 ,40.00000 ,
105.00000 ,40.00000 ,
110.00000 ,40.00000 ,
115.00000 ,40.00000 ,
120.00000 ,40.00000 ,
125.00000 ,40.00000 ,
130.00000 ,40.00000 ,
135.00000 ,40.00000 ,
140.00000 ,40.00000 ,
145.00000 ,40.00000 ,
150.00000 ,40.00000 ,
155.00000 ,40.00000 ,
160.00000 ,40.00000 ,
165.00000 ,40.00000 ,
170.00000 ,40.00000 ,
175.00000 ,40.00000 ,
180.00000 ,40.00000 ,
185.00000 ,40.00000 ,
190.00000 ,40.00000 ,
195.00000 ,40.00000 ,
200.00000 ,40.00000 ,
-200.00000 ,45.00000 ,
-195.00000 ,45.00000 ,
-190.00000 ,45.00000 ,
-185.00000 ,45.00000 ,
-180.00000 ,45.00000 ,
-175.00000 ,45.00000 ,
-170.00000 ,45.00000 ,
-165.00000 ,45.00000 ,
-160.00000 ,45.00000 ,
-155.00000 ,45.00000 ,
-150.00000 ,45.00000 ,
-145.00000 ,45.00000 ,
-140.00000 ,45.00000 ,
-135.00000 ,45.00000 ,
-130.00000 ,45.00000 ,
-125.00000 ,45.00000 ,
-120.00000 ,45.00000 ,
-115.00000 ,45.00000 ,
-110.00000 ,45.00000 ,
-105.00000 ,45.00000 ,
-100.00000 ,45.00000 ,
-95.00000 ,45.00000 ,
-90.00000 ,45.00000 ,
-85.00000 ,45.00000 ,
-80.00000 ,45.00000 ,
-75.00000 ,45.00000 ,
-70.00000 ,45.00000 ,
-65.00000 ,45.00000 ,
-60.00000 ,45.00000 ,
-55.00000 ,45.00000 ,
-50.00000 ,45.00000 ,
-45.00000 ,45.00000 ,
-40.00000 ,45.00000 ,
-35.00000 ,45.00000 ,
-30.00000 ,45.00000 ,
30.00000 ,45.00000 ,
35.00000 ,45.00000 ,
40.00000 ,45.00000 ,
45.00000 ,45.00000 ,
50.00000 ,45.00000 ,
55.00000 ,45.00000 ,
60.00000 ,45.00000 ,
65.00000 ,45.00000 ,
70.00000 ,45.00000 ,
75.00000 ,45.00000 ,
80.00000 ,45.00000 ,
85.00000 ,45.00000 ,
90.00000 ,45.00000 ,
95.00000 ,45.00000 ,
100.00000 ,45.00000 ,
105.00000 ,45.00000 ,
110.00000 ,45.00000 ,
115.00000 ,45.00000 ,
120.00000 ,45.00000 ,
125.00000 ,45.00000 ,
130.00000 ,45.00000 ,
135.00000 ,45.00000 ,
140.00000 ,45.00000 ,
145.00000 ,45.00000 ,
150.00000 ,45.00000 ,
155.00000 ,45.00000 ,
160.00000 ,45.00000 ,
165.00000 ,45.00000 ,
170.00000 ,45.00000 ,
175.00000 ,45.00000 ,
180.00000 ,45.00000 ,
185.00000 ,45.00000 ,
190.00000 ,45.00000 ,
195.00000 ,45.00000 ,
200.00000 ,45.00000 ,
1,64,block2
65,200,xxx
