quadrangle
//Number_of_Node
285
//Number_of_Element
200
//Number_of_Region
2
//Factor
1000.0
11,10,1,2,
12,11,2,3,
13,12,3,4,
14,13,4,5,
15,14,5,6,
16,15,6,7,
17,16,7,8,
18,17,8,9,
20,19,10,11,
21,20,11,12,
22,21,12,13,
23,22,13,14,
24,23,14,15,
25,24,15,16,
26,25,16,17,
27,26,17,18,
29,28,19,20,
30,29,20,21,
31,30,21,22,
32,31,22,23,
33,32,23,24,
34,33,24,25,
35,34,25,26,
36,35,26,27,
38,37,28,29,
39,38,29,30,
40,39,30,31,
41,40,31,32,
42,41,32,33,
43,42,33,34,
44,43,34,35,
45,44,35,36,
47,46,37,38,
48,47,38,39,
49,48,39,40,
50,49,40,41,
51,50,41,42,
52,51,42,43,
53,52,43,44,
54,53,44,45,
56,55,46,47,
57,56,47,48,
58,57,48,49,
59,58,49,50,
60,59,50,51,
61,60,51,52,
62,61,52,53,
63,62,53,54,
65,64,55,56,
66,65,56,57,
67,66,57,58,
68,67,58,59,
69,68,59,60,
70,69,60,61,
71,70,61,62,
72,71,62,63,
74,73,64,65,
75,74,65,66,
76,75,66,67,
77,76,67,68,
78,77,68,69,
79,78,69,70,
80,79,70,71,
81,80,71,72,
151,150,82,83,
152,151,83,84,
153,152,84,85,
154,153,85,86,
155,154,86,87,
156,155,87,88,
157,156,88,89,
158,157,89,90,
159,158,90,91,
160,159,91,92,
161,160,92,93,
162,161,93,94,
163,162,94,95,
164,163,95,96,
165,164,96,97,
166,165,97,98,
167,166,98,99,
168,167,99,100,
169,168,100,101,
170,169,101,102,
171,170,102,103,
172,171,103,104,
173,172,104,105,
174,173,105,106,
175,174,106,107,
176,175,107,108,
177,176,108,109,
178,177,109,110,
179,178,110,111,
180,179,111,112,
181,180,112,113,
182,181,113,114,
183,182,114,115,
37,183,115,28,
184,45,36,116,
185,184,116,117,
186,185,117,118,
187,186,118,119,
188,187,119,120,
189,188,120,121,
190,189,121,122,
191,190,122,123,
192,191,123,124,
193,192,124,125,
194,193,125,126,
195,194,126,127,
196,195,127,128,
197,196,128,129,
198,197,129,130,
199,198,130,131,
200,199,131,132,
201,200,132,133,
202,201,133,134,
203,202,134,135,
204,203,135,136,
205,204,136,137,
206,205,137,138,
207,206,138,139,
208,207,139,140,
209,208,140,141,
210,209,141,142,
211,210,142,143,
212,211,143,144,
213,212,144,145,
214,213,145,146,
215,214,146,147,
216,215,147,148,
217,216,148,149,
219,218,150,151,
220,219,151,152,
221,220,152,153,
222,221,153,154,
223,222,154,155,
224,223,155,156,
225,224,156,157,
226,225,157,158,
227,226,158,159,
228,227,159,160,
229,228,160,161,
230,229,161,162,
231,230,162,163,
232,231,163,164,
233,232,164,165,
234,233,165,166,
235,234,166,167,
236,235,167,168,
237,236,168,169,
238,237,169,170,
239,238,170,171,
240,239,171,172,
241,240,172,173,
242,241,173,174,
243,242,174,175,
244,243,175,176,
245,244,176,177,
246,245,177,178,
247,246,178,179,
248,247,179,180,
249,248,180,181,
250,249,181,182,
251,250,182,183,
46,251,183,37,
252,54,45,184,
253,252,184,185,
254,253,185,186,
255,254,186,187,
256,255,187,188,
257,256,188,189,
258,257,189,190,
259,258,190,191,
260,259,191,192,
261,260,192,193,
262,261,193,194,
263,262,194,195,
264,263,195,196,
265,264,196,197,
266,265,197,198,
267,266,198,199,
268,267,199,200,
269,268,200,201,
270,269,201,202,
271,270,202,203,
272,271,203,204,
273,272,204,205,
274,273,205,206,
275,274,206,207,
276,275,207,208,
277,276,208,209,
278,277,209,210,
279,278,210,211,
280,279,211,212,
281,280,212,213,
282,281,213,214,
283,282,214,215,
284,283,215,216,
285,284,216,217,
-30.00000 ,20.00000 ,
-22.50000 ,20.00000 ,
-15.00000 ,20.00000 ,
-7.50000 ,20.00000 ,
0.00000 ,20.00000 ,
7.50000 ,20.00000 ,
15.00000 ,20.00000 ,
22.50000 ,20.00000 ,
30.00000 ,20.00000 ,
-30.00000 ,25.00000 ,
-22.50000 ,25.00000 ,
-15.00000 ,25.00000 ,
-7.50000 ,25.00000 ,
0.00000 ,25.00000 ,
7.50000 ,25.00000 ,
15.00000 ,25.00000 ,
22.50000 ,25.00000 ,
30.00000 ,25.00000 ,
-30.00000 ,30.00000 ,
-22.50000 ,30.00000 ,
-15.00000 ,30.00000 ,
-7.50000 ,30.00000 ,
0.00000 ,30.00000 ,
7.50000 ,30.00000 ,
15.00000 ,30.00000 ,
22.50000 ,30.00000 ,
30.00000 ,30.00000 ,
-30.00000 ,35.00000 ,
-22.50000 ,35.00000 ,
-15.00000 ,35.00000 ,
-7.50000 ,35.00000 ,
0.00000 ,35.00000 ,
7.50000 ,35.00000 ,
15.00000 ,35.00000 ,
22.50000 ,35.00000 ,
30.00000 ,35.00000 ,
-30.00000 ,40.00000 ,
-22.50000 ,40.00000 ,
-15.00000 ,40.00000 ,
-7.50000 ,40.00000 ,
0.00000 ,40.00000 ,
7.50000 ,40.00000 ,
15.00000 ,40.00000 ,
22.50000 ,40.00000 ,
30.00000 ,40.00000 ,
-30.00000 ,45.00000 ,
-22.50000 ,45.00000 ,
-15.00000 ,45.00000 ,
-7.50000 ,45.00000 ,
0.00000 ,45.00000 ,
7.50000 ,45.00000 ,
15.00000 ,45.00000 ,
22.50000 ,45.00000 ,
30.00000 ,45.00000 ,
-30.00000 ,50.00000 ,
-22.50000 ,50.00000 ,
-15.00000 ,50.00000 ,
-7.50000 ,50.00000 ,
0.00000 ,50.00000 ,
7.50000 ,50.00000 ,
15.00000 ,50.00000 ,
22.50000 ,50.00000 ,
30.00000 ,50.00000 ,
-30.00000 ,55.00000 ,
-22.50000 ,55.00000 ,
-15.00000 ,55.00000 ,
-7.50000 ,55.00000 ,
0.00000 ,55.00000 ,
7.50000 ,55.00000 ,
15.00000 ,55.00000 ,
22.50000 ,55.00000 ,
30.00000 ,55.00000 ,
-30.00000 ,60.00000 ,
-22.50000 ,60.00000 ,
-15.00000 ,60.00000 ,
-7.50000 ,60.00000 ,
0.00000 ,60.00000 ,
7.50000 ,60.00000 ,
15.00000 ,60.00000 ,
22.50000 ,60.00000 ,
30.00000 ,60.00000 ,
-200.00000 ,35.00000 ,
-195.00000 ,35.00000 ,
-190.00000 ,35.00000 ,
-185.00000 ,35.00000 ,
-180.00000 ,35.00000 ,
-175.00000 ,35.00000 ,
-170.00000 ,35.00000 ,
-165.00000 ,35.00000 ,
-160.00000 ,35.00000 ,
-155.00000 ,35.00000 ,
-150.00000 ,35.00000 ,
-145.00000 ,35.00000 ,
-140.00000 ,35.00000 ,
-135.00000 ,35.00000 ,
-130.00000 ,35.00000 ,
-125.00000 ,35.00000 ,
-120.00000 ,35.00000 ,
-115.00000 ,35.00000 ,
-110.00000 ,35.00000 ,
-105.00000 ,35.00000 ,
-100.00000 ,35.00000 ,
-95.00000 ,35.00000 ,
-90.00000 ,35.00000 ,
-85.00000 ,35.00000 ,
-80.00000 ,35.00000 ,
-75.00000 ,35.00000 ,
-70.00000 ,35.00000 ,
-65.00000 ,35.00000 ,
-60.00000 ,35.00000 ,
-55.00000 ,35.00000 ,
-50.00000 ,35.00000 ,
-45.00000 ,35.00000 ,
-40.00000 ,35.00000 ,
-35.00000 ,35.00000 ,
35.00000 ,35.00000 ,
40.00000 ,35.00000 ,
45.00000 ,35.00000 ,
50.00000 ,35.00000 ,
55.00000 ,35.00000 ,
60.00000 ,35.00000 ,
65.00000 ,35.00000 ,
70.00000 ,35.00000 ,
75.00000 ,35.00000 ,
80.00000 ,35.00000 ,
85.00000 ,35.00000 ,
90.00000 ,35.00000 ,
95.00000 ,35.00000 ,
100.00000 ,35.00000 ,
105.00000 ,35.00000 ,
110.00000 ,35.00000 ,
115.00000 ,35.00000 ,
120.00000 ,35.00000 ,
125.00000 ,35.00000 ,
130.00000 ,35.00000 ,
135.00000 ,35.00000 ,
140.00000 ,35.00000 ,
145.00000 ,35.00000 ,
150.00000 ,35.00000 ,
155.00000 ,35.00000 ,
160.00000 ,35.00000 ,
165.00000 ,35.00000 ,
170.00000 ,35.00000 ,
175.00000 ,35.00000 ,
180.00000 ,35.00000 ,
185.00000 ,35.00000 ,
190.00000 ,35.00000 ,
195.00000 ,35.00000 ,
200.00000 ,35.00000 ,
-200.00000 ,40.00000 ,
-195.00000 ,40.00000 ,
-190.00000 ,40.00000 ,
-185.00000 ,40.00000 ,
-180.00000 ,40.00000 ,
-175.00000 ,40.00000 ,
-170.00000 ,40.00000 ,
-165.00000 ,40.00000 ,
-160.00000 ,40.00000 ,
-155.00000 ,40.00000 ,
-150.00000 ,40.00000 ,
-145.00000 ,40.00000 ,
-140.00000 ,40.00000 ,
-135.00000 ,40.00000 ,
-130.00000 ,40.00000 ,
-125.00000 ,40.00000 ,
-120.00000 ,40.00000 ,
-115.00000 ,40.00000 ,
-110.00000 ,40.00000 ,
-105.00000 ,40.00000 ,
-100.00000 ,40.00000 ,
-95.00000 ,40.00000 ,
-90.00000 ,40.00000 ,
-85.00000 ,40.00000 ,
-80.00000 ,40.00000 ,
-75.00000 ,40.00000 ,
-70.00000 ,40.00000 ,
-65.00000 ,40.00000 ,
-60.00000 ,40.00000 ,
-55.00000 ,40.00000 ,
-50.00000 ,40.00000 ,
-45.00000 ,40.00000 ,
-40.00000 ,40.00000 ,
-35.00000 ,40.00000 ,
35.00000 ,40.00000 ,
40.00000 ,40.00000 ,
45.00000 ,40.00000 ,
50.00000 ,40.00000 ,
55.00000 ,40.00000 ,
60.00000 ,40.00000 ,
65.00000 ,40.00000 ,
70.00000 ,40.00000 ,
75.00000 ,40.00000 ,
80.00000 ,40.00000 ,
85.00000 ,40.00000 ,
90.00000 ,40.00000 ,
95.00000 ,40.00000 ,
100.00000 ,40.00000 ,
105.00000 ,40.00000 ,
110.00000 ,40.00000 ,
115.00000 ,40.00000 ,
120.00000 ,40.00000 ,
125.00000 ,40.00000 ,
130.00000 ,40.00000 ,
135.00000 ,40.00000 ,
140.00000 ,40.00000 ,
145.00000 ,40.00000 ,
150.00000 ,40.00000 ,
155.00000 ,40.00000 ,
160.00000 ,40.00000 ,
165.00000 ,40.00000 ,
170.00000 ,40.00000 ,
175.00000 ,40.00000 ,
180.00000 ,40.00000 ,
185.00000 ,40.00000 ,
190.00000 ,40.00000 ,
195.00000 ,40.00000 ,
200.00000 ,40.00000 ,
-200.00000 ,45.00000 ,
-195.00000 ,45.00000 ,
-190.00000 ,45.00000 ,
-185.00000 ,45.00000 ,
-180.00000 ,45.00000 ,
-175.00000 ,45.00000 ,
-170.00000 ,45.00000 ,
-165.00000 ,45.00000 ,
-160.00000 ,45.00000 ,
-155.00000 ,45.00000 ,
-150.00000 ,45.00000 ,
-145.00000 ,45.00000 ,
-140.00000 ,45.00000 ,
-135.00000 ,45.00000 ,
-130.00000 ,45.00000 ,
-125.00000 ,45.00000 ,
-120.00000 ,45.00000 ,
-115.00000 ,45.00000 ,
-110.00000 ,45.00000 ,
-105.00000 ,45.00000 ,
-100.00000 ,45.00000 ,
-95.00000 ,45.00000 ,
-90.00000 ,45.00000 ,
-85.00000 ,45.00000 ,
-80.00000 ,45.00000 ,
-75.00000 ,45.00000 ,
-70.00000 ,45.00000 ,
-65.00000 ,45.00000 ,
-60.00000 ,45.00000 ,
-55.00000 ,45.00000 ,
-50.00000 ,45.00000 ,
-45.00000 ,45.00000 ,
-40.00000 ,45.00000 ,
-35.00000 ,45.00000 ,
35.00000 ,45.00000 ,
40.00000 ,45.00000 ,
45.00000 ,45.00000 ,
50.00000 ,45.00000 ,
55.00000 ,45.00000 ,
60.00000 ,45.00000 ,
65.00000 ,45.00000 ,
70.00000 ,45.00000 ,
75.00000 ,45.00000 ,
80.00000 ,45.00000 ,
85.00000 ,45.00000 ,
90.00000 ,45.00000 ,
95.00000 ,45.00000 ,
100.00000 ,45.00000 ,
105.00000 ,45.00000 ,
110.00000 ,45.00000 ,
115.00000 ,45.00000 ,
120.00000 ,45.00000 ,
125.00000 ,45.00000 ,
130.00000 ,45.00000 ,
135.00000 ,45.00000 ,
140.00000 ,45.00000 ,
145.00000 ,45.00000 ,
150.00000 ,45.00000 ,
155.00000 ,45.00000 ,
160.00000 ,45.00000 ,
165.00000 ,45.00000 ,
170.00000 ,45.00000 ,
175.00000 ,45.00000 ,
180.00000 ,45.00000 ,
185.00000 ,45.00000 ,
190.00000 ,45.00000 ,
195.00000 ,45.00000 ,
200.00000 ,45.00000 ,
1,64,block2
65,200,xxx
