nodal
3
932
2	-7.904852E-05	-2.742235E-05	-3.832029E-04	
3	-1.521955E-04	-7.952405E-05	-1.536068E-03	
4	-2.073679E-04	-1.469475E-04	-3.329709E-03	
5	-2.415880E-04	-2.206697E-04	-5.570537E-03	
6	-2.532934E-04	-2.939851E-04	-8.043182E-03	
7	-2.415079E-04	-3.614380E-04	-1.051851E-02	
8	-2.065540E-04	-4.189699E-04	-1.276231E-02	
9	-1.509743E-04	-4.631764E-04	-1.455357E-02	
10	-7.986376E-05	-4.911511E-04	-1.570942E-02	
11	-3.887489E-07	-5.008471E-04	-1.610911E-02	
12	7.912931E-05	-4.914979E-04	-1.571031E-02	
13	1.503613E-04	-4.638110E-04	-1.455532E-02	
14	2.061193E-04	-4.197890E-04	-1.276476E-02	
15	2.412770E-04	-3.623198E-04	-1.052142E-02	
16	2.532574E-04	-2.948173E-04	-8.046194E-03	
17	2.417075E-04	-2.213691E-04	-5.573229E-03	
18	2.075817E-04	-1.474679E-04	-3.331711E-03	
19	1.524288E-04	-7.985185E-05	-1.537187E-03	
20	7.921072E-05	-2.757213E-05	-3.835392E-04	
23	-1.190800E-04	-2.287694E-05	-6.226278E-04	
24	-2.115919E-04	-7.543140E-05	-2.299846E-03	
25	-2.772761E-04	-1.442399E-04	-4.769453E-03	
26	-3.144673E-04	-2.197409E-04	-7.753478E-03	
27	-3.229933E-04	-2.946779E-04	-1.096575E-02	
28	-3.033973E-04	-3.633642E-04	-1.412209E-02	
29	-2.569886E-04	-4.217036E-04	-1.694690E-02	
30	-1.867928E-04	-4.664444E-04	-1.918473E-02	
31	-9.847741E-05	-4.947887E-04	-2.062300E-02	
32	-3.229168E-07	-5.045983E-04	-2.111959E-02	
33	9.786611E-05	-4.951610E-04	-2.062460E-02	
34	1.862794E-04	-4.671237E-04	-1.918775E-02	
35	2.566201E-04	-4.225755E-04	-1.695099E-02	
36	3.031949E-04	-3.642954E-04	-1.412674E-02	
37	3.229499E-04	-2.955475E-04	-1.097035E-02	
38	3.145500E-04	-2.204622E-04	-7.757433E-03	
39	2.774331E-04	-1.447668E-04	-4.772313E-03	
40	2.117591E-04	-7.575354E-05	-2.301422E-03	
41	1.191896E-04	-2.301097E-05	-6.231055E-04	
44	-1.573522E-04	-2.012303E-05	-8.249613E-04	
45	-2.742084E-04	-7.070631E-05	-3.017061E-03	
46	-3.520923E-04	-1.409335E-04	-6.179183E-03	
47	-3.923888E-04	-2.192523E-04	-9.929261E-03	
48	-3.969097E-04	-2.964709E-04	-1.390095E-02	
49	-3.680841E-04	-3.659171E-04	-1.774913E-02	
50	-3.089778E-04	-4.231102E-04	-2.115566E-02	
51	-2.234926E-04	-4.659122E-04	-2.383621E-02	
52	-1.175652E-04	-4.927236E-04	-2.555378E-02	
53	-3.163239E-07	-5.021208E-04	-2.614629E-02	
54	1.169720E-04	-4.931338E-04	-2.555614E-02	
55	2.230111E-04	-4.666548E-04	-2.384058E-02	
56	3.086565E-04	-4.240506E-04	-2.116144E-02	
57	3.679372E-04	-3.669020E-04	-1.775552E-02	
58	3.969178E-04	-2.973684E-04	-1.390710E-02	
59	3.925086E-04	-2.199766E-04	-9.934422E-03	
60	3.522681E-04	-1.414477E-04	-6.182825E-03	
61	2.743807E-04	-7.101372E-05	-3.019022E-03	
62	1.574652E-04	-2.025463E-05	-8.255419E-04	
65	-1.922639E-04	-1.842844E-05	-1.007022E-03	
66	-3.352720E-04	-6.612193E-05	-3.687929E-03	
67	-4.288039E-04	-1.361585E-04	-7.549593E-03	
68	-4.732040E-04	-2.178174E-04	-1.209754E-02	
69	-4.719665E-04	-2.981300E-04	-1.685488E-02	
70	-4.309863E-04	-3.669326E-04	-2.139643E-02	
71	-3.565599E-04	-4.193388E-04	-2.535596E-02	
72	-2.553462E-04	-4.542954E-04	-2.843386E-02	
73	-1.339442E-04	-4.744671E-04	-3.039344E-02	
74	-3.437400E-07	-4.814462E-04	-3.106994E-02	
75	1.333118E-04	-4.749398E-04	-3.039662E-02	
76	2.548640E-04	-4.551397E-04	-2.843967E-02	
77	3.562849E-04	-4.203851E-04	-2.536344E-02	
78	4.309215E-04	-3.679868E-04	-2.140447E-02	
79	4.720665E-04	-2.990420E-04	-1.686240E-02	
80	4.734018E-04	-2.185095E-04	-1.210365E-02	
81	4.290293E-04	-1.366248E-04	-7.553753E-03	
82	3.354665E-04	-6.639516E-05	-3.690094E-03	
83	1.923818E-04	-1.854957E-05	-1.007644E-03	
86	-2.242580E-04	-1.680877E-05	-1.172695E-03	
87	-3.936120E-04	-6.142686E-05	-4.311882E-03	
88	-5.060305E-04	-1.288880E-04	-8.859467E-03	
89	-5.579034E-04	-2.110953E-04	-1.422987E-02	
90	-5.489423E-04	-2.953892E-04	-1.980893E-02	
91	-4.896552E-04	-3.624787E-04	-2.503040E-02	
92	-3.944787E-04	-4.054020E-04	-2.947315E-02	
93	-2.753332E-04	-4.249781E-04	-3.283210E-02	
94	-1.414059E-04	-4.290124E-04	-3.492453E-02	
95	-3.832602E-07	-4.271610E-04	-3.563435E-02	
96	1.407130E-04	-4.295587E-04	-3.492861E-02	
97	2.748413E-04	-4.259702E-04	-3.283935E-02	
98	3.942647E-04	-4.066106E-04	-2.948221E-02	
99	4.897081E-04	-3.636250E-04	-2.503979E-02	
100	5.491707E-04	-2.962783E-04	-1.981732E-02	
101	5.581908E-04	-2.116929E-04	-1.423630E-02	
102	5.062906E-04	-1.292589E-04	-8.863605E-03	
103	3.938060E-04	-6.164009E-05	-4.313941E-03	
104	2.243655E-04	-1.690739E-05	-1.173268E-03	
107	-2.550170E-04	-1.595327E-05	-1.325314E-03	
108	-4.496055E-04	-5.820932E-05	-4.894189E-03	
109	-5.805299E-04	-1.210289E-04	-1.008986E-02	
110	-6.428142E-04	-1.960210E-04	-1.625212E-02	
111	-6.291507E-04	-2.745861E-04	-2.266333E-02	
112	-5.444773E-04	-3.447064E-04	-2.856240E-02	
113	-4.176369E-04	-3.728926E-04	-3.336647E-02	
114	-2.728732E-04	-3.717801E-04	-3.682451E-02	
115	-1.289812E-04	-3.434315E-04	-3.881381E-02	
116	-3.783323E-07	-3.305047E-04	-3.944156E-02	
117	1.282553E-04	-3.439919E-04	-3.881850E-02	
118	2.723594E-04	-3.729491E-04	-3.683293E-02	
119	4.175074E-04	-3.743576E-04	-3.337665E-02	
120	5.447111E-04	-3.459578E-04	-2.857244E-02	
121	6.295332E-04	-2.753512E-04	-2.267147E-02	
122	6.431404E-04	-1.964415E-04	-1.625776E-02	
123	5.807622E-04	-1.212623E-04	-1.009318E-02	
124	4.497495E-04	-5.834234E-05	-4.895737E-03	
125	2.550872E-04	-1.601974E-05	-1.325725E-03	
128	-2.820909E-04	-1.820872E-05	-1.483059E-03	
129	-4.989076E-04	-6.110771E-05	-5.470755E-03	
130	-6.419882E-04	-1.182920E-04	-1.126319E-02	
131	-7.057362E-04	-1.745316E-04	-1.808871E-02	
132	-6.954724E-04	-2.243576E-04	-2.516113E-02	
133	-5.967023E-04	-2.762950E-04	-3.171991E-02	
134	-4.200007E-04	-3.267622E-04	-3.684597E-02	
135	-2.331451E-04	-2.645350E-04	-4.006525E-02	
136	-9.590688E-05	-2.175792E-04	-4.162904E-02	
137	-2.643581E-07	-2.019500E-04	-4.209966E-02	
138	9.535521E-05	-2.180083E-04	-4.163347E-02	
139	2.325483E-04	-2.657284E-04	-4.007359E-02	
140	4.199750E-04	-3.288738E-04	-3.685657E-02	
141	5.972206E-04	-2.774890E-04	-3.172889E-02	
142	6.958700E-04	-2.248430E-04	-2.516724E-02	
143	7.059827E-04	-1.747243E-04	-1.809214E-02	
144	6.421069E-04	-1.183720E-04	-1.126480E-02	
145	4.989485E-04	-6.114878E-05	-5.471330E-03	
146	2.820949E-04	-1.823788E-05	-1.483159E-03	
149	-3.316205E-04	-2.535103E-05	-1.687520E-03	
150	-5.648586E-04	-8.116011E-05	-6.151856E-03	
151	-7.019065E-04	-1.260385E-04	-1.246330E-02	
152	-7.524744E-04	-1.422321E-04	-1.967522E-02	
153	-7.321780E-04	-1.503930E-04	-2.702256E-02	
154	-6.625212E-04	-1.521007E-04	-3.386935E-02	
155	-4.178710E-04	-1.352240E-04	-3.937463E-02	
156	-1.628120E-04	-1.115236E-04	-4.194447E-02	
157	-7.092681E-05	-7.808278E-05	-4.307346E-02	
158	-3.276724E-08	-6.086668E-05	-4.339669E-02	
159	7.080612E-05	-7.832251E-05	-4.307637E-02	
160	1.626899E-04	-1.123323E-04	-4.195050E-02	
161	4.179549E-04	-1.381430E-04	-3.938202E-02	
162	6.627957E-04	-1.528425E-04	-3.387458E-02	
163	7.323797E-04	-1.505531E-04	-2.702459E-02	
164	7.525170E-04	-1.422360E-04	-1.967518E-02	
165	7.018490E-04	-1.259662E-04	-1.246238E-02	
166	5.647441E-04	-8.110868E-05	-6.150937E-03	
167	3.315170E-04	-2.535014E-05	-1.687147E-03	
170	-3.470621E-04	-5.205511E-05	-2.037593E-03	
171	-5.695030E-04	-1.259488E-04	-7.165839E-03	
172	-6.527624E-04	-1.291600E-04	-1.375895E-02	
173	-6.814707E-04	-9.607379E-05	-2.086506E-02	
174	-6.714449E-04	-5.749537E-05	-2.807126E-02	
175	-5.572312E-04	-2.839823E-05	-3.471440E-02	
176	-3.598239E-04	2.677276E-05	-3.961405E-02	
177	-1.601493E-04	2.328104E-05	-4.230498E-02	
178	-3.504889E-05	4.623150E-05	-4.319396E-02	
179	1.480580E-07	5.370031E-05	-4.335328E-02	
180	3.545040E-05	4.600377E-05	-4.319485E-02	
181	1.605542E-04	2.296539E-05	-4.230630E-02	
182	3.600163E-04	2.553094E-05	-3.961520E-02	
183	5.571730E-04	-2.862265E-05	-3.471326E-02	
184	6.712882E-04	-5.754870E-05	-2.806815E-02	
185	6.813518E-04	-9.592434E-05	-2.086101E-02	
186	6.525782E-04	-1.289736E-04	-1.375475E-02	
187	5.692432E-04	-1.258348E-04	-7.162971E-03	
188	3.468699E-04	-5.203261E-05	-2.036641E-03	
191	-6.217586E-04	-1.218348E-04	-2.843076E-03	
192	-7.684722E-04	-1.280246E-04	-8.553325E-03	
193	-8.181245E-04	-9.350443E-05	-1.492304E-02	
194	-8.363740E-04	-4.549145E-05	-2.157026E-02	
195	-8.174554E-04	1.114848E-05	-2.822716E-02	
196	-7.387418E-04	5.506839E-05	-3.451631E-02	
197	-4.476345E-04	6.097062E-06	-3.936220E-02	
198	-1.499707E-04	9.478366E-05	-4.161744E-02	
199	-5.396430E-05	9.378412E-05	-4.235482E-02	
200	1.933520E-07	8.645957E-05	-4.254326E-02	
201	5.444485E-05	9.372481E-05	-4.235491E-02	
202	1.508618E-04	9.423298E-05	-4.161411E-02	
203	4.479454E-04	7.343355E-06	-3.935691E-02	
204	7.384528E-04	5.457870E-05	-3.450917E-02	
205	8.174759E-04	1.124006E-05	-2.822029E-02	
206	8.362269E-04	-4.525012E-05	-2.156191E-02	
207	8.177268E-04	-9.333813E-05	-1.491562E-02	
208	7.680027E-04	-1.279248E-04	-8.548557E-03	
209	6.213570E-04	-1.217745E-04	-2.841391E-03	
212	0.000000E+00	0.000000E+00	-3.920546E-03	
213	0.000000E+00	0.000000E+00	-9.333849E-03	
214	0.000000E+00	0.000000E+00	-1.545229E-02	
215	0.000000E+00	0.000000E+00	-2.178878E-02	
216	0.000000E+00	0.000000E+00	-2.808119E-02	
217	0.000000E+00	0.000000E+00	-3.401410E-02	
218	0.000000E+00	0.000000E+00	-3.922092E-02	
219	0.000000E+00	0.000000E+00	-4.088774E-02	
220	0.000000E+00	0.000000E+00	-4.172973E-02	
221	0.000000E+00	0.000000E+00	-4.197753E-02	
222	0.000000E+00	0.000000E+00	-4.172816E-02	
223	0.000000E+00	0.000000E+00	-4.088782E-02	
224	0.000000E+00	0.000000E+00	-3.920323E-02	
225	0.000000E+00	0.000000E+00	-3.400987E-02	
226	0.000000E+00	0.000000E+00	-2.807139E-02	
227	0.000000E+00	0.000000E+00	-2.177794E-02	
228	0.000000E+00	0.000000E+00	-1.544349E-02	
229	0.000000E+00	0.000000E+00	-9.328228E-03	
230	0.000000E+00	0.000000E+00	-3.918142E-03	
233	-6.218338E-04	1.217257E-04	-2.843734E-03	
234	-7.686508E-04	1.274911E-04	-8.556292E-03	
235	-8.184439E-04	9.219692E-05	-1.493037E-02	
236	-8.368710E-04	4.306684E-05	-2.158467E-02	
237	-8.173464E-04	-1.461021E-05	-2.824937E-02	
238	-7.345556E-04	-5.855319E-05	-3.452753E-02	
239	-4.472475E-04	-8.831412E-06	-3.933903E-02	
240	-1.534522E-04	-9.871463E-05	-4.162989E-02	
241	-5.343911E-05	-9.785259E-05	-4.237898E-02	
242	1.126016E-06	-8.939923E-05	-4.255944E-02	
243	5.489683E-05	-9.546148E-05	-4.236307E-02	
244	1.506140E-04	-9.509320E-05	-4.161854E-02	
245	4.479977E-04	-7.648334E-06	-3.936209E-02	
246	7.386639E-04	-5.426239E-05	-3.450871E-02	
247	8.170741E-04	-1.076932E-05	-2.821777E-02	
248	8.357853E-04	4.557981E-05	-2.156016E-02	
249	8.174161E-04	9.352535E-05	-1.491474E-02	
250	7.678136E-04	1.280201E-04	-8.548196E-03	
251	6.212688E-04	1.218178E-04	-2.841303E-03	
254	-3.474611E-04	5.183557E-05	-2.040091E-03	
255	-5.703313E-04	1.250649E-04	-7.176293E-03	
256	-6.540350E-04	1.272221E-04	-1.378339E-02	
257	-6.828975E-04	9.290373E-05	-2.090903E-02	
258	-6.720367E-04	5.283183E-05	-2.813467E-02	
259	-5.566943E-04	2.030632E-05	-3.478828E-02	
260	-3.589502E-04	-4.124650E-05	-3.969197E-02	
261	-1.588409E-04	-3.228367E-05	-4.238344E-02	
262	-3.309380E-05	-5.168808E-05	-4.326439E-02	
263	2.300683E-06	-5.765502E-05	-4.340431E-02	
264	3.681790E-05	-4.874316E-05	-4.322497E-02	
265	1.609386E-04	-2.443395E-05	-4.232000E-02	
266	3.597830E-04	-2.511092E-05	-3.961769E-02	
267	5.563704E-04	2.921462E-05	-3.470959E-02	
268	6.703539E-04	5.784228E-05	-2.806291E-02	
269	6.805459E-04	9.613269E-05	-2.085698E-02	
270	6.519963E-04	1.291205E-04	-1.375242E-02	
271	5.688821E-04	1.259187E-04	-7.161936E-03	
272	3.467043E-04	5.207063E-05	-2.036375E-03	
275	-3.324866E-04	2.506184E-05	-1.692538E-03	
276	-5.665236E-04	8.015357E-05	-6.171810E-03	
277	-7.042186E-04	1.240366E-04	-1.250752E-02	
278	-7.550958E-04	1.390085E-04	-1.975105E-02	
279	-7.350373E-04	1.453219E-04	-2.713528E-02	
280	-6.660148E-04	1.445575E-04	-3.402858E-02	
281	-4.149807E-04	1.269269E-04	-3.957675E-02	
282	-1.561113E-04	1.037234E-04	-4.211317E-02	
283	-6.651623E-05	7.249403E-05	-4.319990E-02	
284	3.307330E-06	5.688622E-05	-4.348830E-02	
285	7.320742E-05	7.543807E-05	-4.313528E-02	
286	1.636959E-04	1.104917E-04	-4.197970E-02	
287	4.160663E-04	1.370315E-04	-3.938608E-02	
288	6.608805E-04	1.523189E-04	-3.387082E-02	
289	7.311870E-04	1.502278E-04	-2.702009E-02	
290	7.516177E-04	1.420429E-04	-1.967111E-02	
291	7.011833E-04	1.258807E-04	-1.245961E-02	
292	5.643094E-04	8.108083E-05	-6.149544E-03	
293	3.313088E-04	2.534393E-05	-1.686754E-03	
296	-2.834396E-04	1.790754E-05	-1.490647E-03	
297	-5.013670E-04	6.017223E-05	-5.499788E-03	
298	-6.453093E-04	1.165095E-04	-1.132537E-02	
299	-7.097757E-04	1.717086E-04	-1.819388E-02	
300	-7.000687E-04	2.206046E-04	-2.531862E-02	
301	-5.998996E-04	2.729347E-04	-3.193170E-02	
302	-4.194430E-04	3.256528E-04	-3.708521E-02	
303	-2.287132E-04	2.616154E-04	-4.028946E-02	
304	-9.047337E-05	2.136531E-04	-4.180843E-02	
305	4.151845E-06	1.984840E-04	-4.223217E-02	
306	9.875723E-05	2.152311E-04	-4.172388E-02	
307	2.347948E-04	2.634460E-04	-4.012648E-02	
308	4.209548E-04	3.263629E-04	-3.688100E-02	
309	5.969258E-04	2.754926E-04	-3.173701E-02	
310	6.951588E-04	2.236704E-04	-2.516889E-02	
311	7.053529E-04	1.740193E-04	-1.809157E-02	
312	6.416052E-04	1.179678E-04	-1.126364E-02	
313	4.985904E-04	6.095119E-05	-5.470455E-03	
314	2.819090E-04	1.816644E-05	-1.482845E-03	
317	-2.567704E-04	1.568488E-05	-1.335008E-03	
318	-4.527274E-04	5.745430E-05	-4.930433E-03	
319	-5.847022E-04	1.196924E-04	-1.016612E-02	
320	-6.476538E-04	1.942714E-04	-1.637868E-02	
321	-6.336667E-04	2.731359E-04	-2.284421E-02	
322	-5.472548E-04	3.443615E-04	-2.878757E-02	
323	-4.178986E-04	3.728932E-04	-3.361290E-02	
324	-2.705750E-04	3.715327E-04	-3.706623E-02	
325	-1.248177E-04	3.418309E-04	-3.902576E-02	
326	4.185386E-06	3.280626E-04	-3.960967E-02	
327	1.322253E-04	3.413714E-04	-3.894166E-02	
328	2.754428E-04	3.702206E-04	-3.691646E-02	
329	4.196006E-04	3.716453E-04	-3.342863E-02	
330	5.458462E-04	3.434754E-04	-2.860164E-02	
331	6.299043E-04	2.734876E-04	-2.268643E-02	
332	6.431391E-04	1.952322E-04	-1.626489E-02	
333	5.806502E-04	1.205368E-04	-1.009612E-02	
334	4.496242E-04	5.796574E-05	-4.896590E-03	
335	2.550040E-04	1.588022E-05	-1.325813E-03	
338	-2.262952E-04	1.659923E-05	-1.183802E-03	
339	-3.971718E-04	6.093562E-05	-4.352785E-03	
340	-5.105859E-04	1.282218E-04	-8.943795E-03	
341	-5.627108E-04	2.106236E-04	-1.436500E-02	
342	-5.530573E-04	2.955305E-04	-1.999313E-02	
343	-4.923318E-04	3.631644E-04	-2.525252E-02	
344	-3.953132E-04	4.062998E-04	-2.971626E-02	
345	-2.742477E-04	4.255342E-04	-3.307622E-02	
346	-1.386693E-04	4.287379E-04	-3.515080E-02	
347	3.350772E-06	4.257767E-04	-3.582785E-02	
348	1.445742E-04	4.273446E-04	-3.508250E-02	
349	2.782546E-04	4.233394E-04	-3.295460E-02	
350	3.970121E-04	4.038582E-04	-2.956372E-02	
351	4.917325E-04	3.610292E-04	-2.509397E-02	
352	5.505180E-04	2.941018E-04	-1.985083E-02	
353	5.589999E-04	2.101095E-04	-1.425539E-02	
354	5.067493E-04	1.282566E-04	-8.873264E-03	
355	3.940475E-04	6.110746E-05	-4.317817E-03	
356	2.244631E-04	1.671113E-05	-1.174126E-03	
359	-1.944341E-04	1.829811E-05	-1.018767E-03	
360	-3.389539E-04	6.594410E-05	-3.730413E-03	
361	-4.332906E-04	1.361440E-04	-7.635009E-03	
362	-4.777295E-04	2.182048E-04	-1.223047E-02	
363	-4.758510E-04	2.989774E-04	-1.703222E-02	
364	-4.337402E-04	3.681028E-04	-2.160901E-02	
365	-3.578844E-04	4.205593E-04	-2.559043E-02	
366	-2.551407E-04	4.551836E-04	-2.867488E-02	
367	-1.323261E-04	4.746598E-04	-3.062564E-02	
368	2.358413E-06	4.806941E-04	-3.128023E-02	
369	1.366043E-04	4.732502E-04	-3.057601E-02	
370	2.582364E-04	4.528011E-04	-2.858445E-02	
371	3.593840E-04	4.177566E-04	-2.547437E-02	
372	4.335651E-04	3.653959E-04	-2.148493E-02	
373	4.741848E-04	2.967618E-04	-1.691706E-02	
374	4.749967E-04	2.167338E-04	-1.213770E-02	
375	4.301505E-04	1.354335E-04	-7.572416E-03	
376	3.361774E-04	6.574551E-05	-3.698202E-03	
377	1.927265E-04	1.831363E-05	-1.009624E-03	
380	-1.594929E-04	2.007710E-05	-8.365229E-04	
381	-2.777493E-04	7.079422E-05	-3.058149E-03	
382	-3.563198E-04	1.413293E-04	-6.260394E-03	
383	-3.966567E-04	2.200377E-04	-1.005421E-02	
384	-4.006910E-04	2.976045E-04	-1.406722E-02	
385	-3.709905E-04	3.672495E-04	-1.794960E-02	
386	-3.107606E-04	4.243952E-04	-2.138000E-02	
387	-2.240327E-04	4.668607E-04	-2.407227E-02	
388	-1.168734E-04	4.930469E-04	-2.578896E-02	
389	1.462082E-06	5.016260E-04	-2.636881E-02	
390	1.195756E-04	4.917822E-04	-2.575630E-02	
391	2.260956E-04	4.645974E-04	-2.401175E-02	
392	3.118744E-04	4.215898E-04	-2.130045E-02	
393	3.710157E-04	3.643768E-04	-1.786232E-02	
394	3.996708E-04	2.950764E-04	-1.398390E-02	
395	3.948167E-04	2.181343E-04	-9.984968E-03	
396	3.540591E-04	1.401690E-04	-6.211956E-03	
397	2.756129E-04	7.029962E-05	-3.032281E-03	
398	1.581036E-04	1.999661E-05	-8.289364E-04	
401	-1.210559E-04	2.290755E-05	-6.332940E-04	
402	-2.148510E-04	7.568007E-05	-2.337476E-03	
403	-2.812052E-04	1.448121E-04	-4.843753E-03	
404	-3.185247E-04	2.206629E-04	-7.868181E-03	
405	-3.267444E-04	2.958850E-04	-1.111960E-02	
406	-3.065171E-04	3.647015E-04	-1.431003E-02	
407	-2.592453E-04	4.229494E-04	-1.716118E-02	
408	-1.880330E-04	4.673416E-04	-1.941584E-02	
409	-9.862282E-05	4.950979E-04	-2.086046E-02	
410	6.223415E-07	5.041538E-04	-2.135265E-02	
411	9.979985E-05	4.939242E-04	-2.084311E-02	
412	1.889989E-04	4.652060E-04	-1.938304E-02	
413	2.598430E-04	4.202251E-04	-1.711672E-02	
414	3.066099E-04	3.618334E-04	-1.425945E-02	
415	3.262678E-04	2.932802E-04	-1.106946E-02	
416	3.175278E-04	2.186200E-04	-7.824978E-03	
417	2.798769E-04	1.434765E-04	-4.812494E-03	
418	2.135175E-04	7.503118E-05	-2.320255E-03	
419	1.201406E-04	2.275371E-05	-6.280914E-04	
422	-8.074712E-05	2.753934E-05	-3.922577E-04	
423	-1.551332E-04	7.985302E-05	-1.569154E-03	
424	-2.110099E-04	1.475824E-04	-3.396153E-03	
425	-2.454769E-04	2.216256E-04	-5.674439E-03	
426	-2.570711E-04	2.951947E-04	-8.184527E-03	
427	-2.448937E-04	3.627480E-04	-1.069423E-02	
428	-2.093166E-04	4.201633E-04	-1.296708E-02	
429	-1.529116E-04	4.640071E-04	-1.478029E-02	
430	-8.080201E-05	4.913938E-04	-1.594945E-02	
431	-2.056152E-07	5.003507E-04	-1.635259E-02	
432	8.046755E-05	4.902318E-04	-1.594664E-02	
433	1.527638E-04	4.618881E-04	-1.477401E-02	
434	2.093591E-04	4.174493E-04	-1.295662E-02	
435	2.450181E-04	3.598760E-04	-1.067972E-02	
436	2.571161E-04	2.925740E-04	-8.167526E-03	
437	2.453178E-04	2.195561E-04	-5.657752E-03	
438	2.106315E-04	1.462114E-04	-3.382919E-03	
439	1.546612E-04	7.916482E-05	-1.561502E-03	
440	8.041159E-05	2.735760E-05	-3.899827E-04	
443	7.802813E-05	2.616063E-05	-3.831640E-04	
444	1.506809E-04	7.719415E-05	-1.536064E-03	
445	2.057490E-04	1.437795E-04	-3.329709E-03	
446	2.400715E-04	2.169472E-04	-5.570543E-03	
447	2.519941E-04	2.899888E-04	-8.043190E-03	
448	2.404508E-04	3.574054E-04	-1.051852E-02	
449	2.056884E-04	4.150438E-04	-1.276231E-02	
450	1.502150E-04	4.593716E-04	-1.455357E-02	
451	7.914409E-05	4.873541E-04	-1.570942E-02	
452	-2.962508E-07	4.968672E-04	-1.610911E-02	
453	-7.969878E-05	4.871463E-04	-1.571032E-02	
454	-1.506670E-04	4.589903E-04	-1.455533E-02	
455	-2.060013E-04	4.145487E-04	-1.276477E-02	
456	-2.406232E-04	3.568664E-04	-1.052144E-02	
457	-2.520532E-04	2.894710E-04	-8.046210E-03	
458	-2.400583E-04	2.164994E-04	-5.573241E-03	
459	-2.057022E-04	1.434315E-04	-3.331714E-03	
460	-1.506269E-04	7.696016E-05	-1.537182E-03	
461	-7.798920E-05	2.604378E-05	-3.834927E-04	
464	1.186353E-04	2.175222E-05	-6.226048E-04	
465	2.106987E-04	7.316286E-05	-2.299834E-03	
466	2.761237E-04	1.410762E-04	-4.769446E-03	
467	3.132249E-04	2.159760E-04	-7.753476E-03	
468	3.217931E-04	2.906139E-04	-1.096575E-02	
469	3.023150E-04	3.592622E-04	-1.412210E-02	
470	2.560574E-04	4.177309E-04	-1.694691E-02	
471	1.860107E-04	4.626162E-04	-1.918473E-02	
472	9.783501E-05	4.909836E-04	-2.062300E-02	
473	-1.599794E-07	5.005992E-04	-2.111959E-02	
474	-9.813846E-05	4.907547E-04	-2.062461E-02	
475	-1.862704E-04	4.621974E-04	-1.918776E-02	
476	-2.562605E-04	4.171899E-04	-1.695100E-02	
477	-3.024658E-04	3.586787E-04	-1.412675E-02	
478	-3.219076E-04	2.900605E-04	-1.097035E-02	
479	-3.133218E-04	2.155051E-04	-7.757433E-03	
480	-2.762144E-04	1.407173E-04	-4.772307E-03	
481	-2.107821E-04	7.292797E-05	-2.301409E-03	
482	-1.186973E-04	2.164394E-05	-6.230803E-04	
485	1.569505E-04	1.896615E-05	-8.249369E-04	
486	2.734183E-04	6.845096E-05	-3.017046E-03	
487	3.509955E-04	1.377552E-04	-6.179171E-03	
488	3.911212E-04	2.154252E-04	-9.929253E-03	
489	3.956156E-04	2.923045E-04	-1.390095E-02	
490	3.669010E-04	3.617128E-04	-1.774913E-02	
491	3.079651E-04	4.190545E-04	-2.115566E-02	
492	2.226726E-04	4.620677E-04	-2.383622E-02	
493	1.169564E-04	4.889319E-04	-2.555379E-02	
494	-7.571347E-08	4.981292E-04	-2.614630E-02	
495	-1.171020E-04	4.886782E-04	-2.555615E-02	
496	-2.228041E-04	4.616024E-04	-2.384059E-02	
497	-3.080814E-04	4.184544E-04	-2.116144E-02	
498	-3.670111E-04	3.610722E-04	-1.775552E-02	
499	-3.957354E-04	2.917065E-04	-1.390710E-02	
500	-3.912620E-04	2.149251E-04	-9.934415E-03	
501	-3.511528E-04	1.373786E-04	-6.182813E-03	
502	-2.735672E-04	6.820672E-05	-3.019008E-03	
503	-1.570494E-04	1.885041E-05	-8.255166E-04	
506	1.917875E-04	1.723452E-05	-1.006995E-03	
507	3.343016E-04	6.384199E-05	-3.687910E-03	
508	4.274272E-04	1.329333E-04	-7.549575E-03	
509	4.715575E-04	2.138626E-04	-1.209752E-02	
510	4.702822E-04	2.937712E-04	-1.685487E-02	
511	4.294114E-04	3.625021E-04	-2.139641E-02	
512	3.552758E-04	4.151999E-04	-2.535600E-02	
513	2.543969E-04	4.504187E-04	-2.843386E-02	
514	1.332589E-04	4.707464E-04	-3.039345E-02	
515	-1.586771E-08	4.775045E-04	-3.106996E-02	
516	-1.332958E-04	4.704498E-04	-3.039664E-02	
517	-2.544413E-04	4.498649E-04	-2.843966E-02	
518	-3.553252E-04	4.144887E-04	-2.536348E-02	
519	-4.294759E-04	3.617556E-04	-2.140446E-02	
520	-4.703844E-04	2.930963E-04	-1.686240E-02	
521	-4.717099E-04	2.133112E-04	-1.210363E-02	
522	-4.276115E-04	1.325260E-04	-7.553736E-03	
523	-3.344753E-04	6.358259E-05	-3.690075E-03	
524	-1.919001E-04	1.711362E-05	-1.007617E-03	
527	2.236365E-04	1.563934E-05	-1.172663E-03	
528	3.922922E-04	5.918866E-05	-4.311858E-03	
529	5.040698E-04	1.256382E-04	-8.859445E-03	
530	5.555009E-04	2.070002E-04	-1.422985E-02	
531	5.463095E-04	2.906800E-04	-1.980891E-02	
532	4.873641E-04	3.577178E-04	-2.503045E-02	
533	3.925781E-04	4.007302E-04	-2.947298E-02	
534	2.738427E-04	4.211247E-04	-3.283216E-02	
535	1.405863E-04	4.253518E-04	-3.492456E-02	
536	3.924316E-08	4.233429E-04	-3.563437E-02	
537	-1.405330E-04	4.249720E-04	-3.492863E-02	
538	-2.738282E-04	4.204088E-04	-3.283941E-02	
539	-3.925790E-04	3.998000E-04	-2.948203E-02	
540	-4.873869E-04	3.567882E-04	-2.503983E-02	
541	-5.463939E-04	2.898757E-04	-1.981729E-02	
542	-5.556575E-04	2.063701E-04	-1.423628E-02	
543	-5.042598E-04	1.251905E-04	-8.863583E-03	
544	-3.924643E-04	5.891617E-05	-4.313918E-03	
545	-2.237447E-04	1.552019E-05	-1.173236E-03	
548	2.542286E-04	1.491407E-05	-1.325276E-03	
549	4.478488E-04	5.616375E-05	-4.894161E-03	
550	5.777772E-04	1.179581E-04	-1.008983E-02	
551	6.391111E-04	1.917999E-04	-1.625208E-02	
552	6.251244E-04	2.696590E-04	-2.266335E-02	
553	5.400389E-04	3.389217E-04	-2.856216E-02	
554	4.143670E-04	3.686525E-04	-3.336724E-02	
555	2.711577E-04	3.675185E-04	-3.682435E-02	
556	1.274551E-04	3.400722E-04	-3.881388E-02	
557	1.035689E-07	3.264794E-04	-3.944159E-02	
558	-1.273072E-04	3.395632E-04	-3.881857E-02	
559	-2.711085E-04	3.665045E-04	-3.683275E-02	
560	-4.143389E-04	3.673472E-04	-3.337741E-02	
561	-5.400310E-04	3.376774E-04	-2.857218E-02	
562	-6.252168E-04	2.686809E-04	-2.267149E-02	
563	-6.392825E-04	1.910862E-04	-1.625772E-02	
564	-5.779579E-04	1.174728E-04	-1.009315E-02	
565	-4.479964E-04	5.588443E-05	-4.895711E-03	
566	-2.543155E-04	1.480068E-05	-1.325689E-03	
569	2.811755E-04	1.741775E-05	-1.483017E-03	
570	4.967906E-04	5.948688E-05	-5.470726E-03	
571	6.384403E-04	1.156700E-04	-1.126314E-02	
572	7.006180E-04	1.708639E-04	-1.808872E-02	
573	6.882656E-04	2.187444E-04	-2.516086E-02	
574	5.903747E-04	2.713892E-04	-3.172094E-02	
575	4.144844E-04	3.149155E-04	-3.684243E-02	
576	2.277394E-04	2.622017E-04	-4.006631E-02	
577	9.454124E-05	2.132343E-04	-4.162889E-02	
578	1.839025E-07	1.981059E-04	-4.209981E-02	
579	-9.424197E-05	2.126393E-04	-4.163331E-02	
580	-2.276526E-04	2.607455E-04	-4.007465E-02	
581	-4.144484E-04	3.127472E-04	-3.685290E-02	
582	-5.903814E-04	2.696899E-04	-3.172994E-02	
583	-6.884477E-04	2.176578E-04	-2.516696E-02	
584	-7.008263E-04	1.700853E-04	-1.809215E-02	
585	-6.386019E-04	1.151653E-04	-1.126476E-02	
586	-4.968974E-04	5.920046E-05	-5.471305E-03	
587	-2.812248E-04	1.730773E-05	-1.483121E-03	
590	3.306980E-04	2.489963E-05	-1.687481E-03	
591	5.626445E-04	8.012532E-05	-6.151815E-03	
592	6.981233E-04	1.242801E-04	-1.246330E-02	
593	7.461961E-04	1.395084E-04	-1.967498E-02	
594	7.239295E-04	1.463789E-04	-2.702327E-02	
595	6.428174E-04	1.467504E-04	-3.386538E-02	
596	4.014061E-04	1.342185E-04	-3.938930E-02	
597	1.648584E-04	1.065027E-04	-4.194107E-02	
598	6.915975E-05	7.406822E-05	-4.307432E-02	
599	2.415647E-07	5.698297E-05	-4.339642E-02	
600	-6.864610E-05	7.337564E-05	-4.307723E-02	
601	-1.644903E-04	1.051661E-04	-4.194709E-02	
602	-4.014269E-04	1.295982E-04	-3.939674E-02	
603	-6.431462E-04	1.451590E-04	-3.387062E-02	
604	-7.243045E-04	1.451862E-04	-2.702532E-02	
605	-7.464342E-04	1.387543E-04	-1.967496E-02	
606	-6.982515E-04	1.237597E-04	-1.246239E-02	
607	-5.626754E-04	7.982583E-05	-6.150902E-03	
608	-3.306725E-04	2.479214E-05	-1.687113E-03	
611	3.462920E-04	5.193611E-05	-2.037558E-03	
612	5.676620E-04	1.255228E-04	-7.165814E-03	
613	6.494685E-04	1.283527E-04	-1.375890E-02	
614	6.762776E-04	9.467899E-05	-2.086506E-02	
615	6.626804E-04	5.581026E-05	-2.807095E-02	
616	5.476864E-04	2.286429E-05	-3.471552E-02	
617	3.542571E-04	-2.777278E-05	-3.960983E-02	
618	1.575300E-04	-3.044486E-05	-4.230613E-02	
619	3.535148E-05	-4.917966E-05	-4.319381E-02	
620	2.768766E-07	-5.691586E-05	-4.335343E-02	
621	-3.486718E-05	-4.965267E-05	-4.319471E-02	
622	-1.568935E-04	-3.202079E-05	-4.230749E-02	
623	-3.542934E-04	-2.985920E-05	-3.961106E-02	
624	-5.483475E-04	2.105869E-05	-3.471442E-02	
625	-6.630298E-04	5.486567E-05	-2.806787E-02	
626	-6.765427E-04	9.397417E-05	-2.086102E-02	
627	-6.495721E-04	1.278489E-04	-1.375472E-02	
628	-5.675969E-04	1.252275E-04	-7.162951E-03	
629	-3.461962E-04	5.182928E-05	-2.036613E-03	
632	6.213107E-04	1.219056E-04	-2.843049E-03	
633	7.674154E-04	1.280012E-04	-8.553311E-03	
634	8.162954E-04	9.333134E-05	-1.492299E-02	
635	8.332333E-04	4.528752E-05	-2.157029E-02	
636	8.136799E-04	-1.210340E-05	-2.822701E-02	
637	7.282273E-04	-5.555556E-05	-3.451624E-02	
638	4.418863E-04	-3.470805E-05	-3.936285E-02	
639	1.537408E-04	-9.612195E-05	-4.161764E-02	
640	5.333056E-05	-9.608020E-05	-4.235474E-02	
641	1.927493E-07	-8.800616E-05	-4.254346E-02	
642	-5.304020E-05	-9.643463E-05	-4.235487E-02	
643	-1.540778E-04	-9.657943E-05	-4.161424E-02	
644	-4.420775E-04	-3.601756E-05	-3.935794E-02	
645	-7.282247E-04	-5.615084E-05	-3.450904E-02	
646	-8.141453E-04	-1.277802E-05	-2.822018E-02	
647	-8.334368E-04	4.473569E-05	-2.156194E-02	
648	-8.161435E-04	9.298292E-05	-1.491559E-02	
649	-7.671046E-04	1.277927E-04	-8.548549E-03	
650	-6.209889E-04	1.217861E-04	-2.841371E-03	
653	0.000000E+00	0.000000E+00	-3.920552E-03	
654	0.000000E+00	0.000000E+00	-9.333808E-03	
655	0.000000E+00	0.000000E+00	-1.545245E-02	
656	0.000000E+00	0.000000E+00	-2.178820E-02	
657	0.000000E+00	0.000000E+00	-2.808343E-02	
658	0.000000E+00	0.000000E+00	-3.400580E-02	
659	0.000000E+00	0.000000E+00	-3.925396E-02	
660	0.000000E+00	0.000000E+00	-4.087943E-02	
661	0.000000E+00	0.000000E+00	-4.173217E-02	
662	0.000000E+00	0.000000E+00	-4.197644E-02	
663	0.000000E+00	0.000000E+00	-4.173055E-02	
664	0.000000E+00	0.000000E+00	-4.087986E-02	
665	0.000000E+00	0.000000E+00	-3.923507E-02	
666	0.000000E+00	0.000000E+00	-3.400193E-02	
667	0.000000E+00	0.000000E+00	-2.807358E-02	
668	0.000000E+00	0.000000E+00	-2.177740E-02	
669	0.000000E+00	0.000000E+00	-1.544365E-02	
670	0.000000E+00	0.000000E+00	-9.328193E-03	
671	0.000000E+00	0.000000E+00	-3.918151E-03	
674	6.215274E-04	-1.217456E-04	-2.843717E-03	
675	7.679026E-04	-1.274110E-04	-8.556288E-03	
676	8.171189E-04	-9.195704E-05	-1.493033E-02	
677	8.344973E-04	-4.277155E-05	-2.158472E-02	
678	8.145203E-04	1.571758E-05	-2.824917E-02	
679	7.256984E-04	5.904021E-05	-3.452774E-02	
680	4.424562E-04	3.707524E-05	-3.933859E-02	
681	1.571644E-04	9.962148E-05	-4.163032E-02	
682	5.319620E-05	9.982425E-05	-4.237883E-02	
683	-7.795285E-07	9.070833E-05	-4.255962E-02	
684	-5.388602E-05	9.788450E-05	-4.236301E-02	
685	-1.543898E-04	9.718237E-05	-4.161863E-02	
686	-4.425059E-04	3.623553E-05	-3.936323E-02	
687	-7.290212E-04	5.608275E-05	-3.450856E-02	
688	-8.145472E-04	1.255736E-05	-2.821768E-02	
689	-8.336711E-04	-4.492349E-05	-2.156021E-02	
690	-8.163162E-04	-9.308150E-05	-1.491472E-02	
691	-7.672166E-04	-1.278198E-04	-8.548197E-03	
692	-6.210418E-04	-1.217736E-04	-2.841292E-03	
695	3.469213E-04	-5.168770E-05	-2.040068E-03	
696	5.690153E-04	-1.246185E-04	-7.176276E-03	
697	6.516209E-04	-1.264064E-04	-1.378336E-02	
698	6.790340E-04	-9.146851E-05	-2.090905E-02	
699	6.652134E-04	-5.111112E-05	-2.813440E-02	
700	5.496074E-04	-1.439752E-05	-3.478938E-02	
701	3.554700E-04	4.096279E-05	-3.968785E-02	
702	1.582690E-04	3.888521E-05	-4.238455E-02	
703	3.439307E-05	5.428811E-05	-4.326421E-02	
704	-1.904397E-06	6.074996E-05	-4.340444E-02	
705	-3.730282E-05	5.218110E-05	-4.322480E-02	
706	-1.593064E-04	3.292820E-05	-4.232117E-02	
707	-3.561096E-04	2.953426E-05	-3.961354E-02	
708	-5.499215E-04	-2.107930E-05	-3.471075E-02	
709	-6.639176E-04	-5.485287E-05	-2.806265E-02	
710	-6.770115E-04	-9.405570E-05	-2.085701E-02	
711	-6.498456E-04	-1.279337E-04	-1.375240E-02	
712	-5.677529E-04	-1.252663E-04	-7.161926E-03	
713	-3.462594E-04	-5.182717E-05	-2.036358E-03	
716	3.318356E-04	-2.464731E-05	-1.692512E-03	
717	5.649335E-04	-7.920592E-05	-6.171780E-03	
718	7.014838E-04	-1.224129E-04	-1.250754E-02	
719	7.504079E-04	-1.364619E-04	-1.975083E-02	
720	7.291690E-04	-1.414851E-04	-2.713604E-02	
721	6.499631E-04	-1.394183E-04	-3.402459E-02	
722	4.059370E-04	-1.260605E-04	-3.959204E-02	
723	1.620219E-04	-9.863910E-05	-4.210948E-02	
724	6.613142E-05	-6.819414E-05	-4.320076E-02	
725	-3.120341E-06	-5.265414E-05	-4.348798E-02	
726	-7.251070E-05	-7.016681E-05	-4.313611E-02	
727	-1.691093E-04	-1.031021E-04	-4.197618E-02	
728	-4.072850E-04	-1.285193E-04	-3.940069E-02	
729	-6.454218E-04	-1.446009E-04	-3.386702E-02	
730	-7.255297E-04	-1.448882E-04	-2.702082E-02	
731	-7.471446E-04	-1.386279E-04	-1.967090E-02	
732	-6.986314E-04	-1.237489E-04	-1.245963E-02	
733	-5.628647E-04	-7.985111E-05	-6.149519E-03	
734	-3.307362E-04	-2.480748E-05	-1.686733E-03	
737	2.827908E-04	-1.722862E-05	-1.490617E-03	
738	4.998567E-04	-5.875999E-05	-5.499769E-03	
739	6.427587E-04	-1.141829E-04	-1.132534E-02	
740	7.061204E-04	-1.684215E-04	-1.819391E-02	
741	6.948908E-04	-2.154389E-04	-2.531836E-02	
742	5.962286E-04	-2.686727E-04	-3.193278E-02	
743	4.161801E-04	-3.133177E-04	-3.708151E-02	
744	2.254461E-04	-2.583862E-04	-4.029055E-02	
745	9.024307E-05	-2.083777E-04	-4.180823E-02	
746	-4.270355E-06	-1.937291E-04	-4.223229E-02	
747	-9.884089E-05	-2.089222E-04	-4.172369E-02	
748	-2.321848E-04	-2.574519E-04	-4.012753E-02	
749	-4.177976E-04	-3.101091E-04	-3.687736E-02	
750	-5.928436E-04	-2.682266E-04	-3.173804E-02	
751	-6.898822E-04	-2.168726E-04	-2.516863E-02	
752	-7.017068E-04	-1.696824E-04	-1.809159E-02	
753	-6.391190E-04	-1.150036E-04	-1.126360E-02	
754	-4.971553E-04	-5.917784E-05	-5.470439E-03	
755	-2.813092E-04	-1.733208E-05	-1.482819E-03	
758	2.562087E-04	-1.481873E-05	-1.334981E-03	
759	4.514734E-04	-5.571147E-05	-4.930414E-03	
760	5.827429E-04	-1.170250E-04	-1.016610E-02	
761	6.450339E-04	-1.905210E-04	-1.637865E-02	
762	6.309480E-04	-2.687093E-04	-2.284424E-02	
763	5.440760E-04	-3.388046E-04	-2.878734E-02	
764	4.158311E-04	-3.683413E-04	-3.361370E-02	
765	2.697958E-04	-3.663312E-04	-3.706604E-02	
766	1.238368E-04	-3.372717E-04	-3.902582E-02	
767	-4.499310E-06	-3.227837E-04	-3.960968E-02	
768	-1.319089E-04	-3.357159E-04	-3.894172E-02	
769	-2.751787E-04	-3.628417E-04	-3.691626E-02	
770	-4.177238E-04	-3.642928E-04	-3.342938E-02	
771	-5.425453E-04	-3.354271E-04	-2.860140E-02	
772	-6.269680E-04	-2.672698E-04	-2.268646E-02	
773	-6.404185E-04	-1.903048E-04	-1.626486E-02	
774	-5.786699E-04	-1.171108E-04	-1.009611E-02	
775	-4.483896E-04	-5.578316E-05	-4.896572E-03	
776	-2.544651E-04	-1.481990E-05	-1.325788E-03	
779	2.258422E-04	-1.563770E-05	-1.183778E-03	
780	3.962123E-04	-5.904864E-05	-4.352768E-03	
781	5.091649E-04	-1.254091E-04	-8.943780E-03	
782	5.609862E-04	-2.069828E-04	-1.436499E-02	
783	5.511430E-04	-2.911603E-04	-1.999312E-02	
784	4.907209E-04	-3.584387E-04	-2.525257E-02	
785	3.939641E-04	-4.011814E-04	-2.971609E-02	
786	2.731665E-04	-4.207750E-04	-3.307628E-02	
787	1.380613E-04	-4.238561E-04	-3.515081E-02	
788	-3.732185E-06	-4.206311E-04	-3.582786E-02	
789	-1.446734E-04	-4.215292E-04	-3.508251E-02	
790	-2.777242E-04	-4.168622E-04	-3.295465E-02	
791	-3.959480E-04	-3.966076E-04	-2.956354E-02	
792	-4.901576E-04	-3.542134E-04	-2.509401E-02	
793	-5.485247E-04	-2.880163E-04	-1.985082E-02	
794	-5.571905E-04	-2.052113E-04	-1.425538E-02	
795	-5.052893E-04	-1.245986E-04	-8.873250E-03	
796	-3.930838E-04	-5.871437E-05	-4.317801E-03	
797	-2.240180E-04	-1.552092E-05	-1.174104E-03	
800	1.940656E-04	-1.732128E-05	-1.018746E-03	
801	3.382037E-04	-6.402355E-05	-3.730398E-03	
802	4.322255E-04	-1.333418E-04	-7.634996E-03	
803	4.764453E-04	-2.146355E-04	-1.223046E-02	
804	4.745265E-04	-2.948362E-04	-1.703222E-02	
805	4.324694E-04	-3.635800E-04	-2.160900E-02	
806	3.568303E-04	-4.159256E-04	-2.559047E-02	
807	2.543376E-04	-4.504119E-04	-2.867488E-02	
808	1.317002E-04	-4.697620E-04	-3.062565E-02	
809	-2.749973E-06	-4.754724E-04	-3.128024E-02	
810	-1.367120E-04	-4.675782E-04	-3.057602E-02	
811	-2.580202E-04	-4.466250E-04	-2.858444E-02	
812	-3.587143E-04	-4.113552E-04	-2.547440E-02	
813	-4.324817E-04	-3.590616E-04	-2.148491E-02	
814	-4.729122E-04	-2.910169E-04	-1.691706E-02	
815	-4.737075E-04	-2.119016E-04	-1.213770E-02	
816	-4.290727E-04	-1.317392E-04	-7.572404E-03	
817	-3.354237E-04	-6.327818E-05	-3.698189E-03	
818	-1.923601E-04	-1.708712E-05	-1.009604E-03	
821	1.591477E-04	-1.912765E-05	-8.365022E-04	
822	2.770649E-04	-6.888464E-05	-3.058136E-03	
823	3.553597E-04	-1.385443E-04	-6.260383E-03	
824	3.955295E-04	-2.165385E-04	-1.005421E-02	
825	3.995114E-04	-2.935764E-04	-1.406722E-02	
826	3.698790E-04	-3.628821E-04	-1.794960E-02	
827	3.097750E-04	-4.198109E-04	-2.137999E-02	
828	2.232085E-04	-4.621386E-04	-2.407228E-02	
829	1.162434E-04	-4.881262E-04	-2.578897E-02	
830	-1.883646E-06	-4.964135E-04	-2.636882E-02	
831	-1.197423E-04	-4.861943E-04	-2.575631E-02	
832	-2.259408E-04	-4.586612E-04	-2.401176E-02	
833	-3.113797E-04	-4.154575E-04	-2.130045E-02	
834	-3.702100E-04	-3.583733E-04	-1.786233E-02	
835	-3.986458E-04	-2.895400E-04	-1.398390E-02	
836	-3.937452E-04	-2.133967E-04	-9.984963E-03	
837	-3.531061E-04	-1.364804E-04	-6.211947E-03	
838	-2.749212E-04	-6.782878E-05	-3.032269E-03	
839	-1.577513E-04	-1.879490E-05	-8.289151E-04	
842	1.206348E-04	-2.197210E-05	-6.332727E-04	
843	2.139940E-04	-7.374073E-05	-2.337464E-03	
844	2.800707E-04	-1.420162E-04	-4.843745E-03	
845	3.172571E-04	-2.171875E-04	-7.868178E-03	
846	3.254649E-04	-2.919150E-04	-1.111960E-02	
847	3.053088E-04	-3.604013E-04	-1.431003E-02	
848	2.581661E-04	-4.184372E-04	-1.716118E-02	
849	1.871149E-04	-4.626522E-04	-1.941584E-02	
850	9.788862E-05	-4.902021E-04	-2.086046E-02	
851	-1.133308E-06	-4.989798E-04	-2.135266E-02	
852	-1.000359E-04	-4.884243E-04	-2.084312E-02	
853	-1.889072E-04	-4.594135E-04	-1.938305E-02	
854	-2.593855E-04	-4.142927E-04	-1.711673E-02	
855	-3.058000E-04	-3.560095E-04	-1.425945E-02	
856	-3.251853E-04	-2.878769E-04	-1.106947E-02	
857	-3.163059E-04	-2.139420E-04	-7.824978E-03	
858	-2.786995E-04	-1.397855E-04	-4.812488E-03	
859	-2.125915E-04	-7.252861E-05	-2.320242E-03	
860	-1.196785E-04	-2.157331E-05	-6.280682E-04	
863	7.980732E-05	-2.646372E-05	-3.922213E-04	
864	1.536726E-04	-7.783492E-05	-1.569147E-03	
865	2.093490E-04	-1.447544E-04	-3.396150E-03	
866	2.437936E-04	-2.181590E-04	-5.674441E-03	
867	2.554830E-04	-2.912610E-04	-8.184531E-03	
868	2.434629E-04	-3.584980E-04	-1.069424E-02	
869	2.080580E-04	-4.156987E-04	-1.296709E-02	
870	1.518193E-04	-4.593641E-04	-1.478029E-02	
871	7.988051E-05	-4.865457E-04	-1.594945E-02	
872	-5.077497E-07	-4.952418E-04	-1.635260E-02	
873	-8.089107E-05	-4.848268E-04	-1.594665E-02	
874	-1.527899E-04	-4.562250E-04	-1.477402E-02	
875	-2.088978E-04	-4.116645E-04	-1.295663E-02	
876	-2.440352E-04	-3.541980E-04	-1.067974E-02	
877	-2.556610E-04	-2.872823E-04	-8.167539E-03	
878	-2.435316E-04	-2.149344E-04	-5.657759E-03	
879	-2.087311E-04	-1.425086E-04	-3.382918E-03	
880	-1.529261E-04	-7.658138E-05	-1.561495E-03	
881	-7.927610E-05	-2.601488E-05	-3.899389E-04	
883	-1.022040E-04	-7.233387E-06	-3.939486E-02	
884	-6.592009E-05	5.542222E-05	-3.982929E-02	
885	6.874312E-08	7.680738E-05	-3.997953E-02	
886	6.618826E-05	5.555771E-05	-3.983096E-02	
887	1.028542E-04	-5.163724E-06	-3.939829E-02	
888	-8.411714E-05	1.379142E-05	-3.939637E-02	
889	-5.838585E-05	3.588850E-05	-3.961451E-02	
890	-1.731450E-07	5.167788E-05	-3.971872E-02	
891	5.801957E-05	3.608219E-05	-3.961621E-02	
892	8.386600E-05	1.434751E-05	-3.939928E-02	
893	0.000000E+00	0.000000E+00	-3.928269E-02	
894	0.000000E+00	0.000000E+00	-3.952514E-02	
895	0.000000E+00	0.000000E+00	-3.958616E-02	
896	0.000000E+00	0.000000E+00	-3.952666E-02	
897	0.000000E+00	0.000000E+00	-3.928686E-02	
898	-8.289732E-05	-1.162732E-05	-3.939807E-02	
899	-5.881834E-05	-3.441239E-05	-3.961111E-02	
900	-1.114397E-06	-5.141658E-05	-3.971791E-02	
901	5.706640E-05	-3.692807E-05	-3.961836E-02	
902	8.268966E-05	-1.641129E-05	-3.940594E-02	
903	-1.075930E-04	1.296501E-05	-3.937017E-02	
904	-6.900472E-05	-5.349365E-05	-3.982045E-02	
905	-1.762121E-06	-7.673264E-05	-3.997831E-02	
906	6.486365E-05	-5.662525E-05	-3.983715E-02	
907	1.028149E-04	2.813480E-06	-3.941141E-02	
908	1.006976E-04	-2.784179E-05	-3.943819E-02	
909	7.750758E-05	-6.603410E-05	-3.982429E-02	
910	4.781156E-07	-8.258718E-05	-3.998596E-02	
911	-7.640640E-05	-6.573333E-05	-3.982601E-02	
912	-9.943287E-05	-2.706137E-05	-3.944150E-02	
913	7.973586E-05	-3.137881E-05	-3.938855E-02	
914	5.679344E-05	-4.235201E-05	-3.961891E-02	
915	3.635500E-07	-5.238494E-05	-3.971854E-02	
916	-5.611897E-05	-4.221380E-05	-3.962054E-02	
917	-7.902802E-05	-3.052055E-05	-3.939151E-02	
918	0.000000E+00	0.000000E+00	-3.933403E-02	
919	0.000000E+00	0.000000E+00	-3.951511E-02	
920	0.000000E+00	0.000000E+00	-3.959348E-02	
921	0.000000E+00	0.000000E+00	-3.951677E-02	
922	0.000000E+00	0.000000E+00	-3.933733E-02	
923	7.862220E-05	2.795105E-05	-3.938858E-02	
924	5.667308E-05	4.102367E-05	-3.961585E-02	
925	1.236533E-06	5.229855E-05	-3.971771E-02	
926	-5.500209E-05	4.317912E-05	-3.962278E-02	
927	-7.781489E-05	3.202569E-05	-3.939781E-02	
928	1.026143E-04	2.055494E-05	-3.941564E-02	
929	7.957876E-05	6.410081E-05	-3.981519E-02	
930	2.122747E-06	8.259220E-05	-3.998489E-02	
931	-7.414476E-05	6.686596E-05	-3.983234E-02	
932	-9.693519E-05	2.810574E-05	-3.945464E-02	
